2 0.45703125 0.521875 0.10390625 0.17265625
2 0.8 0.76875 0.10703125 0.19609375
2 0.96171875 0.41171875 0.07265625 0.140625
2 0.2875 0.16875 0.06015625 0.178125
2 0.47578125 0.45 0.0953125 0.13515625
2 0.590625 0.5375 0.09296875 0.2296875
2 0.08515625 0.69609375 0.14375 0.1578125
2 0.0890625 0.2609375 0.0796875 0.12265625
2 0.6984375 0.1328125 0.0703125 0.2375
2 0.0875 0.45390625 0.0859375 0.14375
2 0.94765625 0.1046875 0.1 0.15625
2 0.28984375 0.5109375 0.06328125 0.12578125
2 0.14921875 0.859375 0.28359375 0.21875
2 0.7953125 0.05625 0.10078125 0.11015625
2 0.8703125 0.59140625 0.11484375 0.14375
2 0.62421875 0.48984375 0.06328125 0.1
2 0.415625 0.665625 0.04375 0.1078125
2 0.70546875 0.509375 0.08359375 0.09375
0 0.42890625 0.865625 0.25703125 0.175
2 0.69609375 0.68515625 0.05625 0.09453125
0 0.36796875 0.890625 0.11484375 0.1171875
2 0.96171875 0.69296875 0.06171875 0.08671875
2 0.4859375 0.65859375 0.0359375 0.08203125
1 0.23359375 0.69453125 0.103125 0.12265625
2 0.31015625 0.3828125 0.03046875 0.078125
2 0.5671875 0.71640625 0.03359375 0.05
2 0.9734375 0.9375 0.05078125 0.08046875
0 0.3609375 0.3171875 0.184375 0.11796875
2 0.89921875 0.4328125 0.034375 0.06328125
1 0.70546875 0.95859375 0.13125 0.08203125
1 0.49765625 0.1796875 0.08125 0.08046875
0 0.2375 0.04453125 0.08984375 0.0828125
0 0.19140625 0.540625 0.03359375 0.06171875
1 0.69296875 0.39609375 0.071875 0.18515625
1 0.12421875 0.359375 0.15078125 0.10703125
1 0.83515625 0.24375 0.0953125 0.20234375
1 0.690625 0.9046875 0.11015625 0.1078125
1 0.69453125 0.61484375 0.1296875 0.12421875
1 0.26328125 0.40546875 0.05859375 0.1109375
1 0.1828125 0.2015625 0.046875 0.0984375