2 0.5609375 0.40546875 0.1515625 0.2
0 0.6125 0.66328125 0.1796875 0.45390625
1 0.7609375 0.57578125 0.096875 0.18671875
1 0.71875 0.521875 0.0796875 0.13359375
1 0.2578125 0.33515625 0.20625 0.29375
1 0.6390625 0.31953125 0.1203125 0.171875
2 0.465625 0.80703125 0.0828125 0.1796875
1 0.415625 0.73359375 0.0890625 0.13046875
0 0.590625 0.52421875 0.109375 0.16484375
1 0.93125 0.8890625 0.1375 0.2046875
1 0.22578125 0.375 0.0734375 0.1203125
1 0.09140625 0.1453125 0.15625 0.25625
1 0.35234375 0.5625 0.12265625 0.17734375
1 0.08828125 0.64609375 0.12578125 0.2421875
1 0.753125 0.1359375 0.18203125 0.2578125
2 0.21640625 0.9421875 0.07734375 0.11484375
1 0.95546875 0.18046875 0.08125 0.096875
2 0.3703125 0.94453125 0.06484375 0.10078125
2 0.5125 0.6734375 0.0453125 0.078125
1 0.8328125 0.53203125 0.08046875 0.1765625
0 0.6078125 0.096875 0.10703125 0.16953125
1 0.93515625 0.584375 0.11875 0.22890625
1 0.27421875 0.1421875 0.090625 0.12421875
0 0.46328125 0.33984375 0.10859375 0.27421875
1 0.509375 0.0625 0.10625 0.11953125
1 0.9 0.34375 0.19140625 0.29765625
2 0.2796875 0.959375 0.05546875 0.08125
1 0.8875 0.91640625 0.04375 0.06328125
1 0.3890625 0.0546875 0.0703125 0.10390625
1 0.60546875 0.31171875 0.03125 0.05859375
1 0.68125 0.28125 0.034375 0.0671875
1 0.9640625 0.7921875 0.02421875 0.04765625
1 0.5453125 0.628125 0.03125 0.0625
1 0.54375 0.70390625 0.03515625 0.071875
1 0.7375 0.153125 0.0265625 0.03359375
1 0.84765625 0.4296875 0.08046875 0.14765625
1 0.34453125 0.13515625 0.2328125 0.2640625
1 0.2578125 0.578125 0.1265625 0.19375
1 0.80859375 0.546875 0.0203125 0.0453125
1 0.7640625 0.0453125 0.10859375 0.08828125
2 0.08359375 0.43671875 0.14453125 0.22109375
1 0.1890625 0.6859375 0.071875 0.14140625
1 0.82734375 0.49765625 0.01875 0.0390625