0 0.5296875 0.15078125 0.13203125 0.290625
1 0.12265625 0.17109375 0.24296875 0.33125
0 0.32109375 0.06796875 0.06796875 0.12890625
0 0.44140625 0.0703125 0.078125 0.12734375
1 0.365625 0.54140625 0.1234375 0.2609375
0 0.3140625 0.8890625 0.08046875 0.184375
2 0.34921875 0.35390625 0.18359375 0.2375
2 0.38515625 0.834375 0.17578125 0.32109375
1 0.11953125 0.4859375 0.23671875 0.278125
1 0.58046875 0.0375 0.07265625 0.0671875
1 0.75078125 0.63671875 0.17265625 0.33984375
1 0.60234375 0.5359375 0.165625 0.24375
1 0.615625 0.70390625 0.10390625 0.146875
1 0.615625 0.3765625 0.12109375 0.15546875
1 0.61796875 0.8734375 0.146875 0.22734375
1 0.85703125 0.60859375 0.275 0.32265625
1 0.675 0.1671875 0.09921875 0.153125
1 0.83671875 0.8140625 0.3125 0.27109375
1 0.83671875 0.31875 0.08125 0.128125
1 0.79921875 0.1140625 0.0984375 0.153125
1 0.70625 0.30078125 0.1265625 0.18671875
1 0.6375 0.18359375 0.040625 0.059375
1 0.771875 0.12734375 0.0390625 0.071875
1 0.8640625 0.20859375 0.13203125 0.1921875
1 0.26640625 0.05 0.05078125 0.09765625
1 0.82734375 0.2453125 0.021875 0.04453125
1 0.76328125 0.0421875 0.02578125 0.04140625
1 0.6984375 0.11484375 0.025 0.0453125
1 0.54375 0.56953125 0.0546875 0.07109375