0 0.12578125 0.56484375 0.2515625 0.3953125
2 0.934375 0.58359375 0.13125 0.2265625
0 0.73359375 0.534375 0.0890625 0.1125
2 0.05390625 0.81640625 0.1078125 0.1265625
2 0.38125 0.88359375 0.1984375 0.2234375
2 0.5765625 0.1953125 0.1875 0.2953125
2 0.23359375 0.76640625 0.2 0.4234375
2 0.09921875 0.86484375 0.1984375 0.2484375
0 0.903125 0.7640625 0.184375 0.1953125
2 0.92578125 0.28125 0.1484375 0.328125
1 0.75703125 0.9328125 0.1328125 0.134375
1 0.5828125 0.76640625 0.16875 0.4546875
0 0.85703125 0.79296875 0.0765625 0.103125
1 0.14921875 0.15078125 0.2703125 0.3015625
0 0.5671875 0.76953125 0.0453125 0.04375
0 0.8328125 0.1 0.334375 0.19375
1 0.37578125 0.53828125 0.1453125 0.2484375
1 0.609375 0.37421875 0.10625 0.2
0 0.4421875 0.17109375 0.05 0.0671875
1 0.24375 0.90546875 0.0890625 0.146875
0 0.17890625 0.68671875 0.078125 0.1359375
1 0.45078125 0.953125 0.0359375 0.08125
0 0.73359375 0.06640625 0.1 0.1265625
1 0.58828125 0.94140625 0.1484375 0.1171875
2 0.90234375 0.9140625 0.184375 0.1640625
1 0.72265625 0.7359375 0.0828125 0.1640625