1 0.7125 0.50546875 0.13125 0.209375
2 0.4703125 0.9296875 0.115625 0.140625
1 0.47265625 0.47265625 0.1875 0.325
1 0.90625 0.4421875 0.1546875 0.1890625
2 0.6046875 0.83203125 0.2109375 0.275
1 0.846875 0.3171875 0.1109375 0.1234375
1 0.54609375 0.36171875 0.1890625 0.28125
2 0.94375 0.57890625 0.05625 0.0828125
1 0.6375 0.47109375 0.228125 0.3546875
2 0.87890625 0.90703125 0.1015625 0.1203125
1 0.3265625 0.4140625 0.1953125 0.375
1 0.61328125 0.16171875 0.2734375 0.3234375
1 0.87890625 0.771875 0.2421875 0.3875
1 0.4296875 0.11171875 0.1265625 0.2109375
0 0.7453125 0.80546875 0.1796875 0.3515625
1 0.3625 0.6953125 0.1203125 0.2421875
1 0.41875 0.83359375 0.115625 0.2171875
1 0.79375 0.11796875 0.325 0.2359375
1 0.24296875 0.05703125 0.053125 0.06875
1 0.409375 0.95546875 0.08125 0.0890625
2 0.090625 0.075 0.059375 0.0671875
1 0.09921875 0.66640625 0.1984375 0.4078125
2 0.2 0.06953125 0.05625 0.084375
0 0.1390625 0.0609375 0.046875 0.05625
0 0.715625 0.884375 0.078125 0.1890625
2 0.95078125 0.87890625 0.0984375 0.1546875
1 0.93359375 0.084375 0.0359375 0.0453125
1 0.221875 0.528125 0.1625 0.265625