1 0.2890625 0.47265625 0.11171875 0.1984375
2 0.575 0.071875 0.10234375 0.13828125
1 0.52421875 0.5296875 0.15546875 0.31015625
1 0.08984375 0.51484375 0.1375 0.175
2 0.43046875 0.15859375 0.184375 0.25703125
1 0.1359375 0.6453125 0.1 0.11328125
1 0.43984375 0.6328125 0.1625 0.265625
2 0.0671875 0.375 0.04765625 0.078125
1 0.36015625 0.5140625 0.19375 0.33671875
2 0.165625 0.05546875 0.090625 0.1109375
1 0.66328125 0.60390625 0.1578125 0.3609375
1 0.35 0.8328125 0.2421875 0.31640625
1 0.12890625 0.18671875 0.2515625 0.36328125
1 0.5296875 0.89375 0.10625 0.2015625
0 0.28828125 0.1703125 0.1453125 0.3375
1 0.65703125 0.3203125 0.09609375 0.2328125
1 0.615625 0.1765625 0.09375 0.2078125
1 0.16484375 0.871875 0.30078125 0.25078125
1 0.709375 0.9671875 0.046875 0.06484375
1 0.6375 0.05 0.071875 0.09453125
2 0.8625 0.965625 0.053125 0.06171875
1 0.91875 0.37578125 0.1625 0.39375
2 0.753125 0.959375 0.04765625 0.08046875
0 0.81328125 0.97421875 0.04140625 0.0515625
0 0.32578125 0.0953125 0.05859375 0.184375
2 0.06875 0.0734375 0.12890625 0.1421875
1 0.025 0.86796875 0.03203125 0.0421875
1 0.7796875 0.50078125 0.13671875 0.253125