2 0.55625 0.59765625 0.1625 0.2078125
0 0.62109375 0.34296875 0.203125 0.4625
1 0.76484375 0.43828125 0.10625 0.1921875
1 0.71953125 0.48984375 0.0859375 0.1375
1 0.24921875 0.6515625 0.221875 0.3046875
1 0.6296875 0.6875 0.1296875 0.178125
2 0.48203125 0.19140625 0.0921875 0.184375
1 0.428125 0.2625 0.0953125 0.134375
0 0.59140625 0.48046875 0.1171875 0.1703125
1 0.93828125 0.13359375 0.1234375 0.2109375
1 0.21953125 0.61015625 0.0796875 0.1234375
1 0.07890625 0.83203125 0.1578125 0.2640625
1 0.35546875 0.4296875 0.13125 0.1828125
1 0.096875 0.3328125 0.1390625 0.2484375
1 0.73359375 0.87109375 0.1953125 0.2578125
2 0.23984375 0.0515625 0.0828125 0.103125
1 0.93828125 0.84296875 0.0859375 0.1015625
2 0.39296875 0.05078125 0.0703125 0.1015625
2 0.521875 0.32734375 0.05 0.0796875
1 0.834375 0.48515625 0.0890625 0.18125
0 0.58671875 0.90859375 0.115625 0.175
1 0.93671875 0.4375 0.1265625 0.234375
1 0.25546875 0.8453125 0.096875 0.128125
0 0.4546875 0.6578125 0.1234375 0.2796875
1 0.48671875 0.9375 0.1125 0.125
1 0.89140625 0.67734375 0.20625 0.3078125
2 0.303125 0.0359375 0.059375 0.071875
1 0.90859375 0.1046875 0.046875 0.065625
1 0.365625 0.9390625 0.075 0.1078125
1 0.5953125 0.69375 0.034375 0.059375
1 0.66953125 0.728125 0.0375 0.06875
1 0.97890625 0.2328125 0.0265625 0.0484375
1 0.55234375 0.37421875 0.034375 0.0640625
1 0.5546875 0.2984375 0.0390625 0.0734375
1 0.71875 0.85859375 0.028125 0.034375
1 0.84375 0.58828125 0.0875 0.1515625
1 0.32578125 0.85625 0.246875 0.2765625
1 0.2625 0.409375 0.1359375 0.2
1 0.8109375 0.46953125 0.021875 0.046875
1 0.7390625 0.96015625 0.1125 0.0796875
2 0.08046875 0.54140625 0.15625 0.228125
1 0.19921875 0.29765625 0.0796875 0.1453125
1 0.8265625 0.51953125 0.0203125 0.040625