0 0.27265625 0.553125 0.165625 0.2515625
1 0.1515625 0.11875 0.134375 0.196875
0 0.90625 0.228125 0.18125 0.4421875
0 0.1296875 0.79375 0.2453125 0.40625
1 0.41484375 0.19921875 0.246875 0.378125
1 0.2859375 0.1640625 0.1671875 0.2203125
0 0.609375 0.68203125 0.1875 0.6015625
1 0.96484375 0.4171875 0.065625 0.1109375
0 0.43125 0.7546875 0.125 0.1703125
1 0.31171875 0.80390625 0.140625 0.1109375
0 0.75546875 0.215625 0.153125 0.190625
1 0.33203125 0.8921875 0.090625 0.0890625
1 0.37578125 0.5890625 0.0703125 0.1296875
0 0.10234375 0.92734375 0.1625 0.1390625
1 0.58984375 0.28671875 0.1515625 0.3671875
0 0.6484375 0.875 0.09375 0.225
0 0.9328125 0.85078125 0.134375 0.2015625
2 0.16796875 0.7640625 0.0921875 0.1359375
2 0.4484375 0.92890625 0.090625 0.09375
2 0.06171875 0.8328125 0.10625 0.1890625
2 0.9390625 0.3578125 0.040625 0.0828125
0 0.54375 0.80078125 0.046875 0.1515625
0 0.77421875 0.91015625 0.1484375 0.1640625
2 0.21953125 0.9328125 0.1453125 0.134375
0 0.7203125 0.0453125 0.115625 0.090625
0 0.078125 0.0703125 0.13125 0.125
0 0.3546875 0.6859375 0.040625 0.0796875
0 0.7921875 0.9484375 0.0625 0.0828125
2 0.87890625 0.96953125 0.0515625 0.0484375