0 0.12734375 0.42890625 0.2453125 0.39140625
2 0.9359375 0.42421875 0.128125 0.22421875
0 0.734375 0.46953125 0.08671875 0.11171875
2 0.0578125 0.17578125 0.11015625 0.12421875
2 0.38828125 0.1140625 0.1953125 0.21953125
2 0.57109375 0.80625 0.18203125 0.29140625
2 0.23828125 0.22890625 0.1921875 0.41953125
2 0.10390625 0.128125 0.1984375 0.24453125
0 0.9078125 0.24296875 0.18125 0.1921875
2 0.92421875 0.7265625 0.14609375 0.325
1 0.76484375 0.0703125 0.13046875 0.1359375
1 0.5875 0.23515625 0.16015625 0.4515625
0 0.86171875 0.21328125 0.07421875 0.10234375
1 0.14375 0.84453125 0.26484375 0.3015625
0 0.571875 0.23203125 0.04453125 0.04375
0 0.83046875 0.9046875 0.3390625 0.1875
1 0.3765625 0.459375 0.14140625 0.2453125
1 0.60703125 0.62734375 0.103125 0.1984375
0 0.43671875 0.828125 0.0484375 0.065625
1 0.25078125 0.08984375 0.0859375 0.1453125
0 0.18203125 0.3078125 0.07578125 0.13515625
1 0.45859375 0.04609375 0.03515625 0.08125
0 0.72578125 0.9375 0.09765625 0.125
1 0.596875 0.05859375 0.14609375 0.11640625
2 0.909375 0.09296875 0.18125 0.1609375
1 0.7265625 0.26796875 0.08046875 0.1625