0 0.82734375 0.35 0.1390625 0.15625
0 0.703125 0.546875 0.2984375 0.3421875
0 0.125 0.13125 0.1265625 0.1859375
0 0.41171875 0.26875 0.221875 0.228125
1 0.740625 0.128125 0.171875 0.190625
0 0.05546875 0.3796875 0.1109375 0.221875
1 0.778125 0.79921875 0.35 0.4015625
0 0.196875 0.29140625 0.1890625 0.2171875
0 0.96796875 0.33046875 0.0640625 0.1359375
0 0.684375 0.30078125 0.1421875 0.1671875
0 0.47109375 0.11953125 0.1671875 0.1375
0 0.97421875 0.190625 0.0515625 0.159375
0 0.278125 0.08359375 0.19375 0.1671875
0 0.61015625 0.54140625 0.0703125 0.0734375