1 0.12578125 0.5140625 0.24375 0.134375
1 0.57109375 0.18984375 0.3125 0.146875
2 0.903125 0.6109375 0.04375 0.0609375
1 0.58984375 0.490625 0.1734375 0.0625
2 0.73359375 0.728125 0.0375 0.0515625
1 0.12265625 0.12265625 0.2125 0.1640625
2 0.81015625 0.71171875 0.0703125 0.0828125
1 0.5859375 0.35625 0.28125 0.1296875
2 0.16328125 0.32578125 0.3203125 0.0953125
1 0.925 0.27109375 0.15 0.1140625
1 0.58515625 0.67890625 0.16875 0.1546875
2 0.74609375 0.56796875 0.040625 0.0421875
1 0.76640625 0.9515625 0.19375 0.084375
2 0.64296875 0.5953125 0.0734375 0.0390625
2 0.86640625 0.64609375 0.0390625 0.0484375