2 0.58515625 0.13984375 0.19375 0.1953125
2 0.69375 0.375 0.059375 0.06015625
2 0.34921875 0.33515625 0.03671875 0.03671875
2 0.190625 0.328125 0.04453125 0.05078125
2 0.38671875 0.23515625 0.02578125 0.03203125
2 0.89921875 0.5515625 0.02890625 0.06328125
2 0.87109375 0.65703125 0.09609375 0.12109375
2 0.62265625 0.0328125 0.13046875 0.06484375
2 0.91171875 0.22109375 0.1703125 0.16875
2 0.81875 0.49453125 0.07265625 0.1140625
2 0.7703125 0.32890625 0.05 0.04765625
1 0.484375 0.4125 0.2171875 0.0921875
2 0.48984375 0.10390625 0.040625 0.07109375
2 0.45078125 0.24921875 0.04921875 0.0484375
2 0.52421875 0.05703125 0.05703125 0.07421875
2 0.896875 0.45625 0.0296875 0.0296875