0 0.23984375 0.57890625 0.2 0.215625
0 0.24296875 0.7640625 0.259375 0.2578125
0 0.09765625 0.3578125 0.1796875 0.2109375
2 0.8515625 0.4109375 0.296875 0.396875
1 0.50234375 0.596875 0.3484375 0.30625
2 0.8140625 0.87890625 0.33125 0.2421875
0 0.05234375 0.86875 0.1046875 0.103125
2 0.7875 0.13046875 0.425 0.2390625
2 0.65390625 0.08203125 0.1609375 0.1359375
0 0.09921875 0.03359375 0.0984375 0.0671875
0 0.134375 0.7359375 0.1109375 0.090625
2 0.21171875 0.02578125 0.0765625 0.0515625
1 0.39609375 0.25078125 0.15625 0.084375
0 0.0265625 0.675 0.053125 0.11875
1 0.4984375 0.4953125 0.2859375 0.1125