1 0.865625 0.83125 0.1328125 0.0984375
1 0.8734375 0.71953125 0.18125 0.121875
1 0.17421875 0.17578125 0.1953125 0.228125
1 0.03984375 0.3015625 0.0796875 0.221875
1 0.61796875 0.2859375 0.3171875 0.315625
2 0.14609375 0.91640625 0.1390625 0.1671875
2 0.77890625 0.134375 0.15625 0.1484375
2 0.46953125 0.70234375 0.2421875 0.2921875
2 0.296875 0.921875 0.0921875 0.1359375
1 0.86953125 0.6109375 0.2609375 0.159375
1 0.69765625 0.81171875 0.2140625 0.209375
0 0.33828125 0.45 0.3703125 0.321875
2 0.75625 0.92421875 0.0828125 0.06875