1 0.7859375 0.67265625 0.1125 0.14453125
1 0.8796875 0.45390625 0.0875 0.17109375
1 0.65703125 0.16796875 0.15078125 0.16484375
1 0.08984375 0.67421875 0.171875 0.1
2 0.15 0.13828125 0.18671875 0.12734375
2 0.0859375 0.12890625 0.04609375 0.090625
2 0.0421875 0.47890625 0.084375 0.1859375
0 0.7671875 0.9625 0.1859375 0.07421875
2 0.41015625 0.3859375 0.1671875 0.3046875
0 0.91875 0.11015625 0.153125 0.16328125
2 0.80703125 0.37578125 0.0453125 0.0625
1 0.909375 0.821875 0.14296875 0.1375
2 0.96328125 0.49296875 0.0734375 0.1125