0 0.7875 0.1078125 0.228125 0.215625
1 0.85234375 0.3515625 0.13125 0.1453125
0 0.03671875 0.275 0.0734375 0.15625
2 0.93671875 0.46875 0.1265625 0.15
2 0.384375 0.94375 0.1296875 0.10625
1 0.18359375 0.1828125 0.1296875 0.1265625
2 0.8046875 0.19140625 0.153125 0.103125
1 0.421875 0.55234375 0.0984375 0.0953125
1 0.11484375 0.84921875 0.1203125 0.1265625
0 0.59296875 0.12265625 0.20625 0.228125
2 0.0859375 0.1953125 0.1390625 0.2453125
0 0.12265625 0.3640625 0.09375 0.13125
2 0.46328125 0.3703125 0.1515625 0.0828125
2 0.78203125 0.3921875 0.078125 0.1703125