1 0.28515625 0.94453125 0.128125 0.0875
1 0.2359375 0.84296875 0.175 0.10625
1 0.6796875 0.0921875 0.178125 0.184375
1 0.88671875 0.13125 0.134375 0.2140625
1 0.31015625 0.34609375 0.2953125 0.29375
2 0.9625 0.76171875 0.075 0.1796875
2 0.10390625 0.265625 0.146875 0.1375
2 0.6046875 0.6765625 0.21875 0.278125
2 0.84609375 0.81484375 0.08125 0.13125
1 0.19609375 0.74296875 0.2640625 0.134375
1 0.43359375 0.8625 0.2 0.19375
0 0.63125 0.39296875 0.35 0.29375
2 0.4203125 0.97890625 0.078125 0.0421875