0 0.38203125 0.875 0.496875 0.190625
1 0.4921875 0.2640625 0.184375 0.09609375
2 0.575 0.72734375 0.15234375 0.0828125
2 0.34765625 0.684375 0.13515625 0.09609375
1 0.51328125 0.5203125 0.20703125 0.11015625
2 0.5484375 0.0640625 0.171875 0.0859375
2 0.38671875 0.034375 0.075 0.059375
2 0.73046875 0.06796875 0.1203125 0.13515625
2 0.05546875 0.1421875 0.07109375 0.0609375
0 0.1 0.78203125 0.18828125 0.2296875
2 0.2109375 0.3 0.0859375 0.13671875
0 0.89140625 0.271875 0.18203125 0.15
2 0.17421875 0.54140625 0.09296875 0.20625
0 0.06328125 0.046875 0.115625 0.0875
2 0.1859375 0.08203125 0.078125 0.0484375
0 0.94140625 0.79609375 0.10859375 0.365625
0 0.8984375 0.42734375 0.2 0.29375
2 0.78203125 0.5015625 0.09296875 0.2171875
2 0.0328125 0.24296875 0.06015625 0.065625
0 0.91328125 0.05 0.16796875 0.09765625
1 0.140625 0.1578125 0.03828125 0.04140625
2 0.13828125 0.2171875 0.046875 0.040625