1 0.571875 0.5609375 0.2984375 0.2890625
2 0.596875 0.121875 0.153125 0.175
2 0.16484375 0.0453125 0.1703125 0.090625
2 0.82109375 0.0890625 0.25 0.11875
0 0.13984375 0.78359375 0.2015625 0.1875
0 0.5515625 0.87109375 0.271875 0.2578125
0 0.421875 0.39140625 0.1390625 0.1125
0 0.028125 0.64296875 0.05625 0.1140625
0 0.95703125 0.40078125 0.0859375 0.1265625
0 0.88828125 0.57109375 0.2234375 0.2484375
0 0.73671875 0.925 0.1953125 0.15
0 0.95859375 0.2078125 0.0828125 0.221875
0 0.23046875 0.4046875 0.153125 0.16875
2 0.37109375 0.05390625 0.1390625 0.1078125
0 0.87578125 0.175 0.1578125 0.146875
1 0.59296875 0.28828125 0.21875 0.1625
2 0.2578125 0.01328125 0.11875 0.0265625
0 0.75625 0.7390625 0.2078125 0.1796875
0 0.22265625 0.196875 0.090625 0.090625
0 0.13515625 0.584375 0.1390625 0.1859375
0 0.76328125 0.41015625 0.175 0.134375
0 0.32890625 0.82109375 0.2109375 0.15625
2 0.58828125 0.03828125 0.1578125 0.0765625
0 0.8 0.3046875 0.1609375 0.1109375
0 0.02890625 0.5125 0.0578125 0.10625