2 0.66953125 0.82890625 0.2359375 0.2359375
2 0.71796875 0.57421875 0.071875 0.0734375
2 0.39375 0.69609375 0.04375 0.04375
2 0.24140625 0.74140625 0.05625 0.059375
2 0.45390625 0.784375 0.0328125 0.0375
2 0.875 0.353125 0.04375 0.06875
2 0.821875 0.2578125 0.121875 0.140625
2 0.73203125 0.9234375 0.1421875 0.09375
2 0.93203125 0.67109375 0.1359375 0.2046875
2 0.8109375 0.428125 0.0984375 0.128125
2 0.80390625 0.60078125 0.059375 0.0578125
1 0.50625 0.5890625 0.2328125 0.1421875
2 0.5859375 0.88671875 0.05625 0.078125
2 0.51328125 0.75546875 0.059375 0.059375
2 0.63046875 0.92421875 0.0734375 0.0859375
2 0.8953125 0.44609375 0.0359375 0.0359375