0 0.24609375 0.596875 0.18671875 0.20234375
0 0.26171875 0.78125 0.24375 0.240625
0 0.0890625 0.3859375 0.165625 0.19921875
2 0.853125 0.38671875 0.2890625 0.37734375
1 0.509375 0.59609375 0.3296875 0.28359375
2 0.840625 0.8671875 0.315625 0.2421875
0 0.071875 0.9 0.1140625 0.0953125
2 0.778125 0.11015625 0.44375 0.20859375
2 0.62421875 0.07265625 0.15234375 0.12578125
0 0.06640625 0.046875 0.0921875 0.09375
0 0.1515625 0.7609375 0.1046875 0.0828125
2 0.1796875 0.03828125 0.07265625 0.0640625
1 0.37890625 0.25859375 0.1515625 0.07421875
0 0.03125 0.70859375 0.0625 0.1140625
1 0.4984375 0.4953125 0.28046875 0.09375