0 0.8640625 0.86328125 0.18359375 0.25390625
1 0.87421875 0.578125 0.109375 0.1265625
0 0.0625 0.81328125 0.1 0.13984375
2 0.93984375 0.4453125 0.1125 0.13125
2 0.3015625 0.08671875 0.115625 0.0859375
1 0.25 0.871875 0.1109375 0.1078125
2 0.8578125 0.74453125 0.140625 0.078125
1 0.41328125 0.46328125 0.08515625 0.08046875
1 0.05546875 0.23046875 0.1015625 0.10859375
0 0.66328125 0.85234375 0.171875 0.1984375
2 0.1515625 0.878125 0.09609375 0.23125
0 0.15546875 0.70546875 0.071875 0.1203125
2 0.4890625 0.634375 0.14296875 0.05625
2 0.79765625 0.55234375 0.046875 0.16484375