1 0.22578125 0.08984375 0.11953125 0.07109375
1 0.190625 0.196875 0.165625 0.08359375
1 0.7375 0.89375 0.1515625 0.196875
1 0.934375 0.81171875 0.1078125 0.2015625
1 0.33359375 0.67890625 0.26171875 0.259375
2 0.94609375 0.17265625 0.10234375 0.16640625
2 0.140625 0.7875 0.13203125 0.11953125
2 0.57890625 0.3109375 0.18515625 0.25546875
2 0.79921875 0.13984375 0.0640625 0.1234375
1 0.16484375 0.3015625 0.25234375 0.10078125
1 0.38359375 0.15 0.178125 0.17109375
0 0.64453125 0.5875 0.31875 0.25234375
2 0.35390625 0.0265625 0.071875 0.05234375