1 0.41875 0.54765625 0.26015625 0.246875
2 0.4703125 0.1109375 0.12890625 0.1546875
2 0.91484375 0.075 0.14921875 0.13828125
2 0.25546875 0.03984375 0.240625 0.078125
0 0.80546875 0.8421875 0.17578125 0.16015625
0 0.3828125 0.86796875 0.23359375 0.24375
0 0.59609375 0.40703125 0.125 0.0921875
0 0.96015625 0.7265625 0.0796875 0.10234375
0 0.0515625 0.3203125 0.09921875 0.1109375
0 0.10234375 0.503125 0.19296875 0.21796875
0 0.18828125 0.90625 0.1671875 0.1796875
0 0.0625 0.1265625 0.12109375 0.20390625
0 0.78203125 0.453125 0.1296875 0.14921875
2 0.70703125 0.06484375 0.11875 0.1265625
0 0.18671875 0.11484375 0.13828125 0.12421875
1 0.4453125 0.275 0.1984375 0.13046875
2 0.82734375 0.03515625 0.10859375 0.065625
0 0.20625 0.690625 0.184375 0.14921875
0 0.82578125 0.25 0.078125 0.078125
0 0.84453125 0.64609375 0.1109375 0.16953125
0 0.25625 0.365625 0.15859375 0.1078125
0 0.6125 0.84609375 0.1921875 0.12421875
2 0.49375 0.028125 0.15078125 0.0546875
0 0.23828125 0.25546875 0.1484375 0.0859375
0 0.96953125 0.59609375 0.059375 0.096875