1 0.5421875 0.24609375 0.371875 0.4921875
2 0.09296875 0.25390625 0.1546875 0.2796875
2 0.53046875 0.58203125 0.2515625 0.3765625
1 0.62890625 0.096875 0.209375 0.184375
1 0.321875 0.80546875 0.16875 0.346875
2 0.41796875 0.853125 0.14375 0.2796875
1 0.24609375 0.20703125 0.2375 0.3171875
2 0.15390625 0.71875 0.2265625 0.459375
2 0.28203125 0.0578125 0.1640625 0.115625
2 0.62109375 0.40390625 0.234375 0.340625
2 0.26015625 0.45625 0.2546875 0.234375
2 0.76484375 0.140625 0.134375 0.2046875
1 0.07734375 0.6828125 0.1546875 0.459375
2 0.49453125 0.86796875 0.1265625 0.2640625
1 0.25859375 0.61328125 0.1046875 0.1578125
2 0.81328125 0.26015625 0.21875 0.409375
1 0.24296875 0.7125 0.20625 0.4796875
2 0.02109375 0.503125 0.0421875 0.159375
2 0.809375 0.85078125 0.29375 0.2984375
2 0.09453125 0.1234375 0.0828125 0.13125
2 0.0375 0.6421875 0.075 0.453125
1 0.3625 0.59453125 0.1328125 0.1515625