2 0.09375 0.246875 0.1703125 0.28125
2 0.4140625 0.3 0.075 0.171875
1 0.34140625 0.44453125 0.146875 0.23125
2 0.253125 0.26875 0.109375 0.16875
2 0.465625 0.1140625 0.075 0.16875
2 0.6546875 0.27734375 0.159375 0.240625
2 0.178125 0.54765625 0.18125 0.321875
1 0.8796875 0.38515625 0.0375 0.065625
1 0.21875 0.0765625 0.071875 0.14375
1 0.1953125 0.89921875 0.128125 0.184375
2 0.92734375 0.259375 0.1453125 0.1875
1 0.56171875 0.89765625 0.209375 0.19375
2 0.3296875 0.61171875 0.121875 0.140625
1 0.07421875 0.86953125 0.13125 0.240625
1 0.78203125 0.57109375 0.190625 0.371875
0 0.0453125 0.6515625 0.084375 0.134375
1 0.5328125 0.36484375 0.0671875 0.184375
2 0.82109375 0.084375 0.0875 0.153125
2 0.32578125 0.07890625 0.084375 0.125
2 0.75859375 0.10859375 0.121875 0.196875
0 0.55 0.5078125 0.096875 0.221875
0 0.04453125 0.3703125 0.08125 0.140625
1 0.934375 0.57109375 0.128125 0.325
1 0.0875 0.50546875 0.075 0.1265625