0 0.171875 0.63203125 0.234375 0.31875
1 0.728125 0.18203125 0.196875 0.2234375
2 0.44453125 0.24765625 0.1609375 0.2015625
2 0.540625 0.12265625 0.103125 0.1609375
2 0.33828125 0.0859375 0.1296875 0.171875
2 0.24921875 0.190625 0.125 0.1828125
2 0.40703125 0.5734375 0.1484375 0.296875
2 0.103125 0.23984375 0.1359375 0.2203125
2 0.56953125 0.703125 0.1328125 0.28125
2 0.2421875 0.75625 0.1875 0.4140625
1 0.68828125 0.0796875 0.1015625 0.121875
2 0.27890625 0.434375 0.1171875 0.1703125
2 0.25859375 0.790625 0.071875 0.1265625
1 0.58828125 0.3984375 0.171875 0.3203125
2 0.025 0.5109375 0.05 0.2125
2 0.39765625 0.86953125 0.1484375 0.24375
2 0.6453125 0.90859375 0.265625 0.1828125
2 0.84765625 0.90625 0.2046875 0.1875
1 0.91796875 0.78046875 0.1109375 0.190625
0 0.22578125 0.63828125 0.0890625 0.1984375
2 0.47421875 0.5578125 0.1046875 0.1609375
1 0.2578125 0.04140625 0.103125 0.0828125
1 0.09453125 0.71640625 0.1890625 0.4421875
1 0.4921875 0.675 0.1 0.125
1 0.46640625 0.42109375 0.1 0.121875
0 0.1421875 0.171875 0.04375 0.0796875
1 0.9484375 0.728125 0.0484375 0.0734375
2 0.6515625 0.35625 0.05625 0.115625
1 0.18515625 0.41484375 0.084375 0.08125
0 0.1 0.5640625 0.0671875 0.0671875
0 0.2484375 0.54921875 0.0671875 0.0765625
0 0.31328125 0.5203125 0.059375 0.065625