2 0.0984375 0.76015625 0.175 0.284375
2 0.4171875 0.7015625 0.078125 0.1734375
1 0.3421875 0.55859375 0.15 0.234375
2 0.25703125 0.73515625 0.1109375 0.1703125
2 0.47265625 0.88671875 0.078125 0.1703125
2 0.65859375 0.7203125 0.1625 0.2421875
2 0.17734375 0.4578125 0.1875 0.325
1 0.88125 0.6078125 0.0375 0.0671875
1 0.2265625 0.92734375 0.075 0.1453125
1 0.18828125 0.10625 0.1328125 0.1875
2 0.928125 0.7328125 0.14375 0.190625
1 0.5546875 0.1015625 0.2140625 0.196875
2 0.328125 0.39140625 0.1234375 0.1421875
1 0.06796875 0.13828125 0.134375 0.24375
1 0.78046875 0.42421875 0.1984375 0.375
0 0.04296875 0.35625 0.0859375 0.1359375
1 0.53515625 0.634375 0.0703125 0.1859375
2 0.828125 0.91015625 0.090625 0.153125
2 0.3328125 0.92421875 0.0875 0.1265625
2 0.765625 0.88671875 0.1265625 0.1984375
0 0.55 0.49140625 0.1 0.2234375
0 0.046875 0.6375 0.084375 0.1421875
1 0.9328125 0.42109375 0.1328125 0.3265625
1 0.0875 0.5015625 0.078125 0.128125