0 0.58125 0.8578125 0.2109375 0.1734375
0 0.3765625 0.62578125 0.21875 0.315625
1 0.34296875 0.26015625 0.184375 0.2734375
2 0.6640625 0.41328125 0.25 0.3546875
1 0.396875 0.08203125 0.128125 0.15625
2 0.7859375 0.79140625 0.2546875 0.33125
2 0.18828125 0.1796875 0.221875 0.25625
1 0.21015625 0.64375 0.1796875 0.4390625
2 0.09140625 0.58125 0.1828125 0.25625
1 0.22421875 0.93515625 0.2640625 0.1296875
2 0.875 0.68203125 0.25 0.4703125
1 0.1109375 0.73046875 0.190625 0.3640625
2 0.11171875 0.28359375 0.2234375 0.3984375
1 0.35859375 0.96015625 0.1140625 0.0796875
1 0.31875 0.1296875 0.09375 0.1875
0 0.4625 0.734375 0.04375 0.059375