2 0.4546875 0.484375 0.1265625 0.1859375
2 0.759375 0.1921875 0.1328125 0.209375
2 0.96171875 0.5234375 0.0765625 0.15
2 0.3359375 0.8578125 0.084375 0.184375
2 0.4828125 0.553125 0.1125 0.146875
2 0.584375 0.45 0.1234375 0.240625
2 0.071875 0.36328125 0.14375 0.1765625
2 0.1265625 0.79375 0.0953125 0.1328125
2 0.74765625 0.8359375 0.103125 0.2453125
2 0.09765625 0.603125 0.1046875 0.1546875
2 0.96875 0.828125 0.0625 0.16875
2 0.290625 0.51875 0.0796875 0.1328125
2 0.12890625 0.1921875 0.2578125 0.25625
2 0.85390625 0.8984375 0.115625 0.1234375
2 0.85390625 0.3578125 0.134375 0.1578125
2 0.62421875 0.49296875 0.0765625 0.1078125
2 0.39375 0.34765625 0.0578125 0.1125
2 0.70234375 0.4625 0.0953125 0.1046875
0 0.37890625 0.14765625 0.278125 0.209375
2 0.66875 0.2890625 0.06875 0.1015625
0 0.31484375 0.13125 0.1296875 0.13125
2 0.93046875 0.24453125 0.0734375 0.09375
2 0.4640625 0.34453125 0.046875 0.0859375
1 0.209375 0.34453125 0.11875 0.1359375
2 0.328125 0.6421875 0.040625 0.08125
2 0.53671875 0.2765625 0.040625 0.0546875
2 0.90703125 0.021875 0.0609375 0.04375
0 0.3875 0.7 0.1984375 0.1421875
2 0.9046875 0.5109375 0.0421875 0.0671875
1 0.6390625 0.03359375 0.140625 0.0671875
1 0.5421875 0.8171875 0.0921875 0.090625
0 0.303125 0.9703125 0.1 0.059375
0 0.1890625 0.50234375 0.0421875 0.065625
1 0.70546875 0.57578125 0.096875 0.19375
1 0.14765625 0.69140625 0.1640625 0.1265625
1 0.8671875 0.70703125 0.121875 0.2140625
1 0.6328125 0.07265625 0.1234375 0.121875
1 0.6765625 0.359375 0.1453125 0.140625
1 0.27890625 0.6265625 0.0734375 0.11875
1 0.22734375 0.83984375 0.059375 0.1046875