2 0.53984375 0.47265625 0.1265625 0.1859375
2 0.165625 0.27578125 0.1328125 0.209375
2 0.0546875 0.6515625 0.0921875 0.15
2 0.75625 0.7984375 0.084375 0.184375
2 0.53125 0.54609375 0.1125 0.146875
2 0.4046875 0.47578125 0.1234375 0.240625
2 0.88359375 0.2484375 0.1640625 0.1765625
2 0.93984375 0.6796875 0.0953125 0.1328125
2 0.3546875 0.884375 0.103125 0.23125
2 0.91484375 0.48828125 0.1046875 0.1546875
2 0.11171875 0.934375 0.1203125 0.13125
2 0.70625 0.46015625 0.0796875 0.1328125
2 0.79765625 0.11171875 0.3109375 0.2234375
2 0.26875 0.959375 0.115625 0.08125
2 0.1203125 0.4609375 0.134375 0.1578125
2 0.378125 0.52734375 0.0765625 0.1078125
2 0.56015625 0.32421875 0.0578125 0.1125
2 0.2953125 0.51953125 0.0953125 0.1046875
0 0.51953125 0.128125 0.278125 0.209375
2 0.2796875 0.34375 0.06875 0.1015625
0 0.5765625 0.09453125 0.1296875 0.13125
2 0.02578125 0.3734375 0.0515625 0.09375
2 0.4921875 0.340625 0.046875 0.0859375
1 0.73671875 0.2703125 0.11875 0.1359375
2 0.7046875 0.58984375 0.040625 0.08125
2 0.403125 0.2953125 0.040625 0.0546875
0 0.66328125 0.66171875 0.1984375 0.1421875
2 0.1140625 0.621875 0.0421875 0.0671875
1 0.2328125 0.07421875 0.140625 0.1
1 0.546875 0.8171875 0.0921875 0.090625
0 0.8234375 0.91484375 0.1 0.09375
0 0.8 0.4171875 0.0421875 0.065625
1 0.3234375 0.6296875 0.096875 0.19375
1 0.89140625 0.58671875 0.1640625 0.1265625
1 0.20390625 0.80078125 0.121875 0.2140625
1 0.2546875 0.12578125 0.1234375 0.121875
1 0.29140625 0.41328125 0.1453125 0.140625
1 0.74765625 0.5609375 0.0734375 0.11875
1 0.85546875 0.7515625 0.059375 0.1046875