0 0.271875 0.54921875 0.1609375 0.2484375
1 0.15859375 0.1125 0.13125 0.19375
0 0.9109375 0.23515625 0.1734375 0.4390625
0 0.125 0.7875 0.2390625 0.403125
1 0.4203125 0.19765625 0.240625 0.3734375
1 0.2921875 0.16015625 0.1640625 0.2171875
0 0.60625 0.68359375 0.178125 0.5984375
1 0.96640625 0.425 0.0640625 0.109375
0 0.4265625 0.753125 0.121875 0.16875
1 0.30625 0.80078125 0.1390625 0.1078125
0 0.76015625 0.2203125 0.15 0.1875
1 0.325 0.8890625 0.0890625 0.0875
1 0.37421875 0.58671875 0.06875 0.128125
0 0.0953125 0.9203125 0.159375 0.1375
1 0.59375 0.28828125 0.14375 0.3640625
0 0.6421875 0.87734375 0.090625 0.225
0 0.9296875 0.85859375 0.1359375 0.2
2 0.16328125 0.75859375 0.090625 0.134375
2 0.440625 0.928125 0.0890625 0.0921875
2 0.05625 0.825 0.103125 0.1875
2 0.94140625 0.365625 0.0390625 0.08125
0 0.53828125 0.8015625 0.04375 0.15
0 0.7671875 0.91484375 0.146875 0.1609375
2 0.2125 0.9296875 0.14375 0.134375
0 0.72890625 0.046875 0.1140625 0.09375
0 0.0859375 0.06328125 0.128125 0.1234375
0 0.3515625 0.68359375 0.040625 0.0796875
0 0.784375 0.953125 0.0625 0.08125
2 0.8703125 0.97578125 0.05 0.046875