2 0.4265625 0.58515625 0.178125 0.21875
0 0.4109375 0.32265625 0.240625 0.475
1 0.25234375 0.38828125 0.121875 0.1984375
1 0.28671875 0.44765625 0.096875 0.14375
1 0.7171875 0.696875 0.2453125 0.3203125
1 0.3375 0.659375 0.14375 0.1875
2 0.5765625 0.20078125 0.10625 0.1890625
1 0.61640625 0.28046875 0.10625 0.1421875
0 0.41328125 0.46328125 0.13125 0.178125
1 0.12734375 0.0828125 0.1640625 0.165625
1 0.75390625 0.66171875 0.0890625 0.1296875
1 0.8546875 0.88515625 0.190625 0.2296875
1 0.6546875 0.45859375 0.146875 0.1921875
1 0.92421875 0.41171875 0.1515625 0.2578125
1 0.1984375 0.825 0.215625 0.28125
2 0.8421875 0.1015625 0.0921875 0.125
1 0.02578125 0.75234375 0.0515625 0.1078125
2 0.690625 0.078125 0.078125 0.109375
2 0.51171875 0.3265625 0.05625 0.084375
1 0.175 0.421875 0.1046875 0.1859375
0 0.3375 0.884375 0.1296875 0.1828125
1 0.08046875 0.35625 0.15 0.24375
1 0.6734375 0.8859375 0.10625 0.1359375
0 0.5140625 0.6640625 0.1453125 0.2859375
1 0.4296875 0.93203125 0.121875 0.1328125
1 0.0984375 0.5984375 0.196875 0.321875
2 0.78203125 0.07578125 0.065625 0.0875
1 0.17421875 0.03359375 0.0515625 0.0671875
1 0.546875 0.95 0.084375 0.1
1 0.36953125 0.671875 0.0390625 0.0625
1 0.28984375 0.69140625 0.04375 0.071875
1 0.08125 0.14609375 0.03125 0.05
1 0.47265625 0.3671875 0.0390625 0.065625
1 0.48515625 0.2921875 0.0453125 0.0765625
1 0.21640625 0.81015625 0.03125 0.0375
1 0.14609375 0.52109375 0.1 0.1578125
1 0.60234375 0.86796875 0.2671875 0.2640625
1 0.75078125 0.45625 0.1515625 0.209375
1 0.20078125 0.4109375 0.0265625 0.0484375
1 0.175 0.91328125 0.1203125 0.103125
2 0.90390625 0.6203125 0.1734375 0.2390625
1 0.83359375 0.359375 0.090625 0.15
1 0.17578125 0.45703125 0.0234375 0.040625