0 0.271875 0.45078125 0.1609375 0.2484375
1 0.15859375 0.8875 0.13125 0.19453125
0 0.9109375 0.76484375 0.1734375 0.4390625
0 0.125 0.2125 0.2390625 0.40234375
1 0.4203125 0.80234375 0.23984375 0.3734375
1 0.2921875 0.83984375 0.1640625 0.2171875
0 0.60625 0.31640625 0.17734375 0.5984375
1 0.96640625 0.575 0.0640625 0.11015625
0 0.4265625 0.246875 0.121875 0.16796875
1 0.30625 0.19921875 0.1390625 0.1078125
0 0.76015625 0.7796875 0.14921875 0.18828125
1 0.325 0.1109375 0.0890625 0.08828125
1 0.37421875 0.41328125 0.06796875 0.12890625
0 0.0953125 0.0796875 0.159375 0.13671875
1 0.59375 0.71171875 0.14453125 0.3640625
0 0.6421875 0.12265625 0.090625 0.22421875
0 0.9296875 0.14140625 0.1359375 0.2
2 0.16328125 0.24140625 0.090625 0.134375
2 0.440625 0.071875 0.0890625 0.0921875
2 0.05625 0.175 0.103125 0.18671875
2 0.94140625 0.634375 0.0390625 0.08203125
0 0.53828125 0.1984375 0.04375 0.15078125
0 0.7671875 0.08515625 0.14609375 0.1609375
2 0.2125 0.0703125 0.14296875 0.13359375
0 0.72890625 0.953125 0.1140625 0.09375
0 0.0859375 0.93671875 0.12890625 0.1234375
0 0.3515625 0.31640625 0.03984375 0.0796875
0 0.784375 0.046875 0.06171875 0.08125
2 0.8703125 0.02421875 0.05 0.04765625