1 0.70703125 0.45078125 0.13125 0.209375
2 0.38046875 0.08203125 0.115625 0.1484375
1 0.47890625 0.53203125 0.1875 0.325
1 0.909375 0.471875 0.1546875 0.1890625
2 0.53359375 0.153125 0.2109375 0.275
1 0.87734375 0.60625 0.1109375 0.1234375
1 0.5734375 0.62578125 0.1890625 0.28125
2 0.9171875 0.33046875 0.05625 0.0828125
1 0.640625 0.49921875 0.228125 0.3546875
2 0.78515625 0.04140625 0.1015625 0.0828125
1 0.3484375 0.6203125 0.1953125 0.375
1 0.68359375 0.815625 0.2734375 0.340625
1 0.8359375 0.171875 0.2875 0.34375
1 0.51171875 0.89453125 0.1265625 0.2109375
0 0.67578125 0.1625 0.1796875 0.325
1 0.325 0.3375 0.1203125 0.2421875
1 0.3515625 0.190625 0.115625 0.2171875
1 0.8546875 0.834375 0.290625 0.28125
1 0.340625 0.97578125 0.053125 0.0484375
1 0.31640625 0.0671875 0.08125 0.1015625
2 0.1875 0.98359375 0.059375 0.0328125
1 0.0859375 0.41953125 0.171875 0.4078125
2 0.2953125 0.9703125 0.05625 0.059375
0 0.2375 0.98828125 0.046875 0.0234375
0 0.63125 0.08671875 0.078125 0.1734375
2 0.884375 0.05390625 0.14375 0.1078125
1 0.99609375 0.81640625 0.0078125 0.0453125
1 0.221875 0.5296875 0.1625 0.265625