0 0.55 0.8453125 0.19375 0.309375
1 0.89296875 0.7359375 0.2140625 0.378125
0 0.771875 0.88046875 0.0953125 0.140625
0 0.65390625 0.90546875 0.1046875 0.1421875
1 0.621875 0.4296875 0.1796875 0.28125
0 0.59296875 0.0890625 0.1203125 0.178125
2 0.6796875 0.60859375 0.2328125 0.2734375
2 0.5359375 0.1625 0.24375 0.325
1 0.86328125 0.428125 0.2734375 0.325
1 0.52578125 0.9640625 0.0859375 0.071875
1 0.225 0.4234375 0.2453125 0.3703125
1 0.3921875 0.48828125 0.215625 0.275
1 0.34140625 0.32734375 0.134375 0.1671875
1 0.41484375 0.64609375 0.153125 0.178125
1 0.30078125 0.1625 0.19375 0.2546875
1 0.1484375 0.47421875 0.296875 0.3765625
1 0.4046875 0.86328125 0.13125 0.171875
1 0.1421875 0.26875 0.284375 0.334375
1 0.2125 0.75234375 0.1078125 0.14375
1 0.29453125 0.928125 0.1296875 0.14375
1 0.34375 0.740625 0.165625 0.2109375
1 0.4375 0.8390625 0.053125 0.0671875
1 0.31875 0.92421875 0.0546875 0.078125
1 0.2109375 0.865625 0.171875 0.2171875
1 0.82890625 0.8859375 0.071875 0.10625
1 0.23828125 0.821875 0.03125 0.0484375
1 0.3453125 0.990625 0.034375 0.01875
1 0.39296875 0.9203125 0.034375 0.05
1 0.44140625 0.4421875 0.06875 0.08125