0 0.44609375 0.15390625 0.1515625 0.2984375
1 0.853125 0.159375 0.265625 0.31875
0 0.64765625 0.0609375 0.0765625 0.121875
0 0.528125 0.0671875 0.0875 0.1328125
1 0.63671875 0.53203125 0.140625 0.26875
0 0.7125 0.875 0.09375 0.1890625
2 0.63984375 0.34375 0.2 0.25
2 0.6375 0.82578125 0.1984375 0.3328125
1 0.875 0.459375 0.25 0.29375
1 0.3875 0.04453125 0.0765625 0.071875
1 0.259375 0.65390625 0.1953125 0.3515625
1 0.40078125 0.54296875 0.1828125 0.2546875
1 0.39921875 0.71171875 0.1140625 0.153125
1 0.37578125 0.38515625 0.13125 0.1640625
1 0.40859375 0.88046875 0.1625 0.2375
1 0.1515625 0.63359375 0.296875 0.340625
1 0.30234375 0.18046875 0.109375 0.159375
1 0.1859375 0.83671875 0.33125 0.2921875
1 0.1515625 0.34296875 0.090625 0.1328125
1 0.17421875 0.1359375 0.109375 0.159375
1 0.28046875 0.315625 0.1390625 0.1953125
1 0.340625 0.19375 0.0453125 0.0625
1 0.203125 0.146875 0.04375 0.075
1 0.11640625 0.234375 0.1453125 0.2015625
1 0.70078125 0.04296875 0.0578125 0.0859375
1 0.15546875 0.26875 0.025 0.0453125
1 0.20546875 0.06171875 0.028125 0.04375
1 0.275 0.1296875 0.028125 0.046875
1 0.4609375 0.57265625 0.059375 0.075