0 0.1296875 0.45390625 0.259375 0.4078125
2 0.92890625 0.39296875 0.1421875 0.2328125
0 0.73203125 0.453125 0.09375 0.1171875
2 0.04765625 0.20625 0.0953125 0.13125
2 0.36171875 0.12265625 0.209375 0.2328125
2 0.5921875 0.80078125 0.2015625 0.303125
2 0.2203125 0.24765625 0.2203125 0.43125
2 0.09296875 0.15703125 0.1859375 0.2578125
0 0.8890625 0.21484375 0.19375 0.2046875
2 0.92734375 0.6953125 0.1453125 0.334375
1 0.73359375 0.0625 0.1390625 0.125
1 0.56875 0.2296875 0.190625 0.459375
0 0.840625 0.1890625 0.08125 0.1078125
1 0.16796875 0.8546875 0.2859375 0.290625
0 0.553125 0.22734375 0.046875 0.046875
0 0.840625 0.88046875 0.31875 0.2109375
1 0.37421875 0.46796875 0.1578125 0.2546875
1 0.615625 0.61953125 0.1171875 0.2046875
0 0.459375 0.83203125 0.053125 0.06875
1 0.22265625 0.10859375 0.0953125 0.1515625
0 0.16953125 0.33046875 0.084375 0.140625
1 0.42734375 0.05 0.040625 0.0828125
0 0.75546875 0.9203125 0.10625 0.13125
1 0.565625 0.0578125 0.153125 0.115625
2 0.87890625 0.07578125 0.1921875 0.1515625
1 0.71015625 0.25234375 0.0921875 0.1671875