2 0.6390625 0.52890625 0.1703125 0.1
2 0.415625 0.21796875 0.04375 0.0875
2 0.19609375 0.66171875 0.115625 0.08125
1 0.575 0.6765625 0.075 0.125
2 0.47265625 0.54375 0.09375 0.0640625
2 0.5578125 0.21875 0.034375 0.0390625
2 0.60625 0.41015625 0.028125 0.028125
2 0.62890625 0.91171875 0.0296875 0.03125
2 0.66640625 0.11796875 0.065625 0.109375
2 0.56328125 0.3109375 0.0953125 0.053125
2 0.5 0.47265625 0.0296875 0.0265625
2 0.35703125 0.3171875 0.0265625 0.0265625
2 0.51328125 0.17265625 0.025 0.025
2 0.5296875 0.31015625 0.028125 0.0265625
2 0.6515625 0.17421875 0.0296875 0.03125
2 0.55546875 0.4875 0.0265625 0.0265625
2 0.5859375 0.915625 0.03125 0.0453125
2 0.6296875 0.05703125 0.0234375 0.021875
2 0.54296875 0.96875 0.0359375 0.0453125
2 0.0421875 0.4453125 0.01875 0.0234375
2 0.65625 0.2203125 0.0234375 0.025
2 0.625 0.02421875 0.025 0.025
2 0.065625 0.415625 0.0203125 0.0234375
2 0.74140625 0.990625 0.0265625 0.01875
2 0.10625 0.0046875 0.034375 0.009375
2 0.159375 0.00234375 0.025 0.0046875
2 0.40234375 0.5734375 0.0328125 0.028125
2 0.575 0.44609375 0.0359375 0.05625
2 0.3703125 0.5890625 0.0234375 0.0234375
2 0.0265625 0.4484375 0.0171875 0.01875
2 0.01015625 0.7578125 0.0203125 0.046875
2 0.04453125 0.00546875 0.0234375 0.0109375
2 0.8640625 0.63046875 0.25625 0.16875