2 0.28046875 0.20078125 0.21171875 0.16953125
2 0.884375 0.14296875 0.090625 0.07890625
0 0.77890625 0.63984375 0.14296875 0.16640625
2 0.13671875 0.7515625 0.26796875 0.23359375
1 0.55 0.10390625 0.18125 0.12265625
0 0.85 0.88203125 0.278125 0.2328125
0 0.565625 0.725 0.22578125 0.121875
0 0.42578125 0.8125 0.20078125 0.15234375
0 0.8796875 0.29453125 0.22890625 0.17109375
1 0.08359375 0.1875 0.15703125 0.23984375
0 0.7390625 0.0359375 0.128125 0.06875
2 0.3390625 0.5046875 0.19765625 0.18671875
0 0.90625 0.03203125 0.14921875 0.06328125
0 0.646875 0.22890625 0.1953125 0.1171875
0 0.57421875 0.94296875 0.16484375 0.0890625