1 0.1296875 0.559375 0.2546875 0.1546875
1 0.5328125 0.1828125 0.3234375 0.1734375
2 0.91328125 0.5609375 0.0484375 0.065625
1 0.58828125 0.4796875 0.178125 0.078125
2 0.759375 0.6984375 0.0421875 0.0546875
1 0.09609375 0.1703125 0.1921875 0.18125
2 0.83359375 0.67265625 0.0765625 0.0890625
1 0.56796875 0.346875 0.290625 0.153125
2 0.15390625 0.36796875 0.3078125 0.1234375
1 0.8953125 0.22109375 0.1609375 0.1265625
1 0.60625 0.6671875 0.18125 0.16875
2 0.75234375 0.5375 0.04375 0.0453125
1 0.81953125 0.915625 0.2 0.1
2 0.653125 0.57734375 0.0765625 0.0453125
2 0.88125 0.60078125 0.04375 0.0515625