1 0.8171875 0.39609375 0.1421875 0.165625
1 0.859375 0.63046875 0.1234375 0.1859375
1 0.578125 0.85859375 0.184375 0.1953125
1 0.13984375 0.23828125 0.190625 0.1359375
2 0.09140625 0.7734375 0.1828125 0.165625
2 0.02265625 0.76796875 0.0453125 0.0984375
2 0.05546875 0.4171875 0.1109375 0.2
0 0.8640625 0.109375 0.1984375 0.1140625
2 0.38671875 0.590625 0.23125 0.334375
0 0.81953125 0.93828125 0.1859375 0.1234375
2 0.77109375 0.68984375 0.0578125 0.0703125
1 0.94296875 0.278125 0.1140625 0.165625
2 0.95 0.6109375 0.096875 0.1265625