2 0.76328125 0.2390625 0.2359375 0.2
2 0.1765625 0.0875 0.1015625 0.0921875
0 0.20234375 0.59453125 0.1671875 0.1875
2 0.81953125 0.80546875 0.3015625 0.271875
1 0.5125 0.10078125 0.1984375 0.15
0 0.125 0.82265625 0.25 0.2734375
0 0.4 0.71171875 0.2421875 0.15625
0 0.52421875 0.8203125 0.221875 0.18125
0 0.15703125 0.2375 0.253125 0.2046875
1 0.93203125 0.25546875 0.1359375 0.2609375
0 0.3359375 0.0234375 0.1375 0.046875
2 0.65859375 0.5296875 0.225 0.215625
0 0.17109375 0.00859375 0.1578125 0.0171875
0 0.39765625 0.209375 0.2109375 0.146875
0 0.35703125 0.92578125 0.1765625 0.1140625