1 0.87421875 0.5203125 0.2421875 0.1296875
1 0.434375 0.18828125 0.31015625 0.14140625
2 0.0953125 0.60390625 0.0421875 0.0609375
1 0.41015625 0.4890625 0.17265625 0.06015625
2 0.2625 0.72421875 0.03671875 0.05078125
1 0.88359375 0.12890625 0.209375 0.1609375
2 0.1859375 0.70625 0.06875 0.08203125
1 0.41640625 0.3546875 0.2796875 0.125
2 0.83984375 0.33203125 0.31875 0.08984375
1 0.07734375 0.2640625 0.15 0.1109375
1 0.41171875 0.67734375 0.165625 0.1515625
2 0.253125 0.56328125 0.03984375 0.04140625
1 0.22578125 0.946875 0.1921875 0.08046875
2 0.35546875 0.59296875 0.07265625 0.0375
2 0.13125 0.63984375 0.03828125 0.04765625