1 0.5 0.2390625 0.21171875 0.13359375
1 0.78515625 0.35390625 0.15859375 0.178125
1 0.60390625 0.10234375 0.28515625 0.15234375
1 0.103125 0.2859375 0.15625 0.1640625
2 0.3328125 0.7390625 0.321875 0.26953125
1 0.18515625 0.103125 0.1765625 0.171875
0 0.95078125 0.4578125 0.0984375 0.234375
2 0.57734375 0.5578125 0.15625 0.1671875
2 0.91015625 0.7203125 0.1796875 0.49375
2 0.83828125 0.24453125 0.14453125 0.08984375
2 0.97421875 0.13125 0.0515625 0.22109375
1 0.6671875 0.02734375 0.1984375 0.05390625