2 0.25546875 0.22109375 0.225 0.1875
2 0.8515625 0.1109375 0.096875 0.0859375
0 0.78984375 0.61484375 0.15625 0.178125
2 0.16015625 0.78203125 0.2875 0.25625
1 0.515625 0.10078125 0.190625 0.1375
0 0.86640625 0.85 0.2671875 0.25625
0 0.58515625 0.71875 0.2359375 0.140625
0 0.453125 0.81796875 0.2140625 0.16875
0 0.86015625 0.2625 0.2421875 0.190625
1 0.07265625 0.225 0.1453125 0.253125
0 0.696875 0.028125 0.134375 0.05625
2 0.33984375 0.51875 0.2125 0.203125
0 0.86328125 0.01796875 0.1546875 0.0359375
0 0.62265625 0.2171875 0.2046875 0.134375
0 0.6125 0.93515625 0.171875 0.103125