0 0.73046875 0.64375 0.221875 0.234375
0 0.68046875 0.821875 0.2859375 0.2828125
0 0.9125 0.46640625 0.175 0.2265625
2 0.1765625 0.3203125 0.353125 0.425
1 0.47265625 0.5921875 0.378125 0.340625
2 0.13671875 0.79453125 0.2734375 0.2984375
0 0.84296875 0.9578125 0.1296875 0.084375
2 0.3015625 0.10390625 0.475 0.2078125
2 0.45859375 0.06640625 0.1734375 0.1328125
0 0.97890625 0.1375 0.0421875 0.109375
0 0.7921875 0.82265625 0.11875 0.1015625
2 0.90234375 0.1078125 0.0828125 0.0765625
1 0.66484375 0.2859375 0.1625 0.1015625
0 0.9203125 0.79453125 0.0828125 0.1234375
1 0.50234375 0.4953125 0.29375 0.1453125