2 0.640625 0.48046875 0.16484375 0.08828125
2 0.39609375 0.77578125 0.03828125 0.084375
2 0.2078125 0.3171875 0.11015625 0.07421875
1 0.5875 0.32890625 0.06640625 0.1203125
2 0.47578125 0.4546875 0.090625 0.0578125
2 0.53828125 0.784375 0.03125 0.03671875
2 0.6 0.596875 0.0265625 0.0265625
2 0.65703125 0.0984375 0.028125 0.02890625
2 0.6390625 0.89296875 0.05859375 0.10625
2 0.55 0.69296875 0.09296875 0.04609375
2 0.4984375 0.52734375 0.028125 0.025
2 0.34453125 0.67265625 0.02421875 0.02421875
2 0.490625 0.82734375 0.0234375 0.0234375
2 0.51640625 0.69140625 0.02578125 0.025
2 0.628125 0.83515625 0.02734375 0.0296875
2 0.5546875 0.51640625 0.02421875 0.02421875
2 0.9875 0.89375 0.02109375 0.0265625
2 0.61484375 0.09140625 0.028125 0.04296875
2 0.5984375 0.95078125 0.021875 0.02109375
2 0.57578125 0.03515625 0.03359375 0.04296875
2 0.03984375 0.52265625 0.01796875 0.02265625
2 0.63671875 0.78984375 0.021875 0.02421875
2 0.59140625 0.98359375 0.0234375 0.02265625
2 0.0609375 0.55390625 0.01875 0.021875
2 0.77578125 0.02421875 0.025 0.02265625
2 0.07265625 0.97421875 0.03203125 0.025
2 0.12578125 0.98125 0.02421875 0.021875
2 0.4078125 0.4203125 0.03125 0.02578125
2 0.57109375 0.559375 0.03203125 0.05390625
2 0.3765625 0.40234375 0.02265625 0.02265625
2 0.98515625 0.92890625 0.01875 0.025
2 0.996875 0.76171875 0.00625 0.02109375
2 0.02421875 0.51875 0.015625 0.01796875
2 0.0203125 0.20703125 0.0359375 0.04453125
2 0.01171875 0.9671875 0.02265625 0.0203125
2 0.87265625 0.3953125 0.246875 0.15234375