0 0.45546875 0.125 0.5234375 0.25
1 0.44765625 0.73046875 0.2 0.1296875
2 0.6171875 0.29140625 0.165625 0.1109375
2 0.3859375 0.28984375 0.1515625 0.1203125
1 0.5171875 0.4828125 0.225 0.146875
2 0.4640625 0.9375 0.184375 0.1171875
2 0.3 0.93515625 0.084375 0.071875
2 0.64375 0.94453125 0.14375 0.1109375
2 0.01796875 0.76640625 0.0359375 0.0734375
0 0.1609375 0.146875 0.228125 0.2609375
2 0.178125 0.64140625 0.1109375 0.15
0 0.840625 0.7984375 0.2078125 0.18125
2 0.18828125 0.396875 0.13125 0.2203125
0 0.025 0.86171875 0.05 0.1078125
2 0.11171875 0.85 0.0859375 0.0625
0 0.95078125 0.29296875 0.0984375 0.3796875
0 0.875 0.64765625 0.25 0.3265625
2 0.77734375 0.55234375 0.1328125 0.23125
2 0.0140625 0.66328125 0.028125 0.0765625
0 0.81953125 0.978125 0.1828125 0.04375
1 0.08203125 0.7671875 0.0453125 0.0484375
2 0.090625 0.70859375 0.053125 0.0484375