2 0.36015625 0.52421875 0.1671875 0.09375
2 0.59453125 0.22109375 0.040625 0.0859375
2 0.7984375 0.67265625 0.1125 0.078125
1 0.41875 0.67421875 0.0703125 0.121875
2 0.52578125 0.54453125 0.0921875 0.0609375
2 0.4515625 0.2171875 0.0328125 0.0375
2 0.396875 0.40703125 0.028125 0.028125
2 0.35703125 0.90703125 0.0296875 0.0296875
2 0.34765625 0.1125 0.0625 0.1078125
2 0.44296875 0.30859375 0.09375 0.05
2 0.50078125 0.47265625 0.0296875 0.0265625
2 0.64921875 0.321875 0.025 0.025
2 0.49765625 0.17265625 0.025 0.025
2 0.4765625 0.309375 0.0265625 0.0265625
2 0.36015625 0.16953125 0.028125 0.03125
2 0.44453125 0.48515625 0.025 0.025
2 0.0046875 0.12265625 0.009375 0.0265625
2 0.39921875 0.9125 0.0296875 0.04375
2 0.3859375 0.053125 0.021875 0.021875
2 0.440625 0.9671875 0.034375 0.04375
2 0.959375 0.4609375 0.01875 0.0234375
2 0.353125 0.21484375 0.0234375 0.025
2 0.39140625 0.01953125 0.0234375 0.0234375
2 0.93671875 0.43046875 0.01875 0.021875
2 0.240625 0.98515625 0.025 0.0234375
2 0.91015625 0.01171875 0.0328125 0.0234375
2 0.85625 0.00859375 0.025 0.0171875
2 0.59453125 0.5765625 0.0328125 0.0265625
2 0.4265625 0.44296875 0.034375 0.0546875
2 0.6265625 0.59296875 0.0234375 0.0234375
2 0.0046875 0.0875 0.009375 0.025
2 0.975 0.46484375 0.015625 0.01875
2 0.98515625 0.77578125 0.0296875 0.0453125
2 0.971875 0.01640625 0.0234375 0.0203125
2 0.13125 0.61796875 0.2515625 0.1609375