0 0.44140625 0.878125 0.5203125 0.24375
1 0.45546875 0.26796875 0.196875 0.1234375
2 0.609375 0.7125 0.1640625 0.10625
2 0.378125 0.70625 0.1484375 0.115625
1 0.51640625 0.51796875 0.221875 0.140625
2 0.4796875 0.06171875 0.1828125 0.1125
2 0.315625 0.0578125 0.0828125 0.0703125
2 0.659375 0.05625 0.140625 0.1125
2 0.021875 0.215625 0.04375 0.071875
0 0.14921875 0.84140625 0.221875 0.25625
2 0.18359375 0.34765625 0.10625 0.1484375
0 0.85078125 0.21328125 0.203125 0.1765625
2 0.184375 0.5921875 0.1234375 0.21875
0 0.03046875 0.12109375 0.0609375 0.1046875
2 0.12421875 0.1359375 0.084375 0.059375
0 0.95 0.7234375 0.1 0.378125
0 0.8796875 0.365625 0.240625 0.321875
2 0.77890625 0.4578125 0.1265625 0.2296875
2 0.01640625 0.31875 0.0328125 0.075
0 0.8375 0.02578125 0.18125 0.0515625
1 0.09140625 0.21796875 0.04375 0.046875
2 0.0984375 0.27734375 0.053125 0.046875