2 0.42578125 0.1796875 0.2046875 0.1203125
2 0.35 0.0390625 0.246875 0.078125
2 0.928125 0.12890625 0.14375 0.1546875
1 0.409375 0.3703125 0.18125 0.1375
0 0.33359375 0.87265625 0.253125 0.2390625
1 0.496875 0.52890625 0.5828125 0.4375
0 0.121875 0.83984375 0.24375 0.2390625
0 0.79375 0.2421875 0.2859375 0.2140625
1 0.671875 0.103125 0.171875 0.178125
0 0.7859375 0.90546875 0.321875 0.1890625
0 0.1390625 0.63984375 0.278125 0.2359375
0 0.08828125 0.46015625 0.1765625 0.1984375
0 0.065625 0.31640625 0.096875 0.1
0 0.13515625 0.075 0.1734375 0.15
0 0.7625 0.46796875 0.1140625 0.1203125
0 0.6390625 0.32265625 0.1578125 0.1421875