0 0.78125 0.275 0.11015625 0.13359375
0 0.70859375 0.49609375 0.23359375 0.29375
0 0.046875 0.2328125 0.08828125 0.16953125
0 0.35859375 0.296875 0.18203125 0.18984375
1 0.64375 0.08125 0.13671875 0.1625
0 0.0359375 0.49140625 0.071875 0.2109375
1 0.84296875 0.72421875 0.2734375 0.34921875
0 0.15546875 0.37109375 0.1484375 0.1875
0 0.94453125 0.21484375 0.103125 0.11484375
0 0.63046875 0.2625 0.1109375 0.14453125
0 0.3796875 0.13828125 0.1453125 0.10625
0 0.9359375 0.0734375 0.1265625 0.13203125
0 0.17578125 0.11328125 0.146875 0.21328125
0 0.6171875 0.51328125 0.0578125 0.06171875