1 0.18671875 0.61484375 0.1375 0.1640625
1 0.1359375 0.38203125 0.11875 0.184375
1 0.409375 0.14375 0.1796875 0.190625
1 0.86953125 0.74921875 0.1875 0.13125
2 0.90390625 0.21171875 0.1921875 0.1609375
2 0.97265625 0.21484375 0.0546875 0.0984375
2 0.946875 0.56640625 0.10625 0.1984375
0 0.14921875 0.903125 0.196875 0.1078125
2 0.61015625 0.40546875 0.221875 0.33125
0 0.1625 0.065625 0.18125 0.13125
2 0.22265625 0.31953125 0.05625 0.0703125
1 0.06015625 0.7375 0.1203125 0.1625
2 0.046875 0.4046875 0.09375 0.125