0 0.81015625 0.31640625 0.128125 0.146875
0 0.70703125 0.525 0.271875 0.3234375
0 0.08828125 0.17265625 0.1109375 0.1796875
0 0.38828125 0.27890625 0.20625 0.2140625
1 0.70078125 0.10546875 0.1578125 0.1796875
0 0.0453125 0.4265625 0.090625 0.21875
1 0.80859375 0.76953125 0.31875 0.384375
0 0.1765625 0.32421875 0.1734375 0.20625
0 0.96015625 0.2796875 0.0796875 0.128125
0 0.6625 0.2828125 0.1296875 0.1578125
0 0.43125 0.125 0.159375 0.125
0 0.959375 0.13828125 0.08125 0.1484375
0 0.2328125 0.09375 0.175 0.1875
0 0.6140625 0.5296875 0.065625 0.06875