2 0.33046875 0.17109375 0.2359375 0.2359375
2 0.28203125 0.42578125 0.071875 0.0734375
2 0.60625 0.30390625 0.04375 0.04375
2 0.75859375 0.25859375 0.05625 0.059375
2 0.54609375 0.215625 0.0328125 0.0375
2 0.125 0.646875 0.04375 0.06875
2 0.178125 0.7421875 0.121875 0.140625
2 0.26796875 0.0765625 0.1421875 0.09375
2 0.06796875 0.32890625 0.1359375 0.2046875
2 0.1890625 0.571875 0.0984375 0.128125
2 0.19609375 0.39921875 0.059375 0.0578125
1 0.49375 0.4109375 0.2328125 0.1421875
2 0.4140625 0.11328125 0.05625 0.078125
2 0.48671875 0.24453125 0.059375 0.059375
2 0.36953125 0.07578125 0.0734375 0.0859375
2 0.1046875 0.55390625 0.0359375 0.0359375