1 0.57734375 0.553125 0.2765625 0.2640625
2 0.55703125 0.1140625 0.1390625 0.1640625
2 0.11484375 0.06015625 0.1578125 0.1203125
2 0.77578125 0.0578125 0.2453125 0.0953125
0 0.17109375 0.8203125 0.1859375 0.171875
0 0.590625 0.87265625 0.25 0.2546875
0 0.4109375 0.40078125 0.13125 0.1
0 0.03359375 0.69296875 0.0671875 0.1078125
0 0.953125 0.35234375 0.09375 0.1171875
0 0.89609375 0.53046875 0.2078125 0.23125
0 0.78203125 0.915625 0.1796875 0.16875
0 0.94765625 0.1578125 0.1046875 0.2125
0 0.221875 0.43359375 0.1390625 0.1578125
2 0.32265625 0.059375 0.1265625 0.11875
0 0.8390625 0.1375 0.146875 0.1328125
1 0.5703125 0.2796875 0.2078125 0.14375
2 0.20625 0.025 0.1125 0.05
0 0.7796875 0.7109375 0.19375 0.1609375
0 0.1921875 0.228125 0.0828125 0.0828125
0 0.14609375 0.621875 0.121875 0.1765625
0 0.75234375 0.3828125 0.165625 0.11875
0 0.36328125 0.8375 0.2 0.1375
2 0.53828125 0.03125 0.1546875 0.0625
0 0.778125 0.27421875 0.1546875 0.0953125
0 0.02890625 0.5625 0.0578125 0.1