2 0.315625 0.77265625 0.209375 0.134375
2 0.1875 0.8953125 0.25 0.1375
2 0.79375 0.9625 0.2125 0.075
1 0.36875 0.58828125 0.1875 0.15
0 0.47734375 0.11015625 0.2671875 0.2203125
1 0.50703125 0.471875 0.60625 0.478125
0 0.26796875 0.08671875 0.2609375 0.1734375
0 0.68125 0.84609375 0.296875 0.234375
1 0.51796875 0.91875 0.1828125 0.1625
0 0.878125 0.19296875 0.24375 0.2734375
0 0.196875 0.2328125 0.3265625 0.2578125
0 0.0984375 0.3859375 0.196875 0.209375
0 0.03984375 0.515625 0.0796875 0.10625
0 0.0453125 0.7921875 0.090625 0.215625
0 0.73359375 0.6234375 0.121875 0.1265625
0 0.56640625 0.715625 0.165625 0.1515625