2 0.38203125 0.19296875 0.19296875 0.09375
2 0.284375 0.04453125 0.23671875 0.08671875
2 0.9015625 0.06875 0.1875 0.13046875
1 0.3921875 0.384375 0.16640625 0.115625
0 0.38671875 0.8921875 0.22578125 0.21015625
1 0.50078125 0.52890625 0.5375 0.36640625
0 0.171875 0.88984375 0.21875 0.21015625
0 0.7546875 0.20390625 0.26328125 0.1796875
1 0.61484375 0.0828125 0.15078125 0.15859375
0 0.84453125 0.89375 0.29453125 0.2125
0 0.14453125 0.6921875 0.2890625 0.19765625
0 0.08203125 0.51953125 0.1640625 0.1765625
0 0.04453125 0.37890625 0.08515625 0.0890625
0 0.0765625 0.1015625 0.1484375 0.1875
0 0.75546875 0.43203125 0.10078125 0.10703125
0 0.61328125 0.3046875 0.14140625 0.1234375