0 0.80234375 0.11171875 0.2203125 0.2234375
1 0.85703125 0.3640625 0.128125 0.1421875
0 0.0390625 0.259375 0.078125 0.153125
2 0.93828125 0.484375 0.1234375 0.146875
2 0.36875 0.9390625 0.128125 0.103125
1 0.19453125 0.171875 0.1265625 0.1234375
2 0.81484375 0.20234375 0.1515625 0.0984375
1 0.4203125 0.55 0.096875 0.0921875
1 0.103125 0.8359375 0.1171875 0.1234375
0 0.60625 0.1265625 0.2015625 0.2234375
2 0.096875 0.18125 0.13125 0.24375
0 0.12734375 0.35078125 0.0890625 0.1296875
2 0.46796875 0.36875 0.15 0.078125
2 0.7859375 0.4015625 0.071875 0.1703125