0 0.54609375 0.1359375 0.2015625 0.15625
0 0.65859375 0.42421875 0.1921875 0.3046875
1 0.565625 0.77890625 0.1609375 0.2640625
2 0.315625 0.52578125 0.2203125 0.340625
1 0.453125 0.9265625 0.115625 0.146875
2 0.3296875 0.14296875 0.228125 0.2859375
2 0.6828125 0.89296875 0.203125 0.2140625
1 0.821875 0.4640625 0.1359375 0.4375
2 0.91484375 0.56484375 0.1703125 0.2453125
1 0.8984375 0.1421875 0.203125 0.196875
2 0.16640625 0.2046875 0.3015625 0.409375
1 0.9328125 0.41640625 0.134375 0.3578125
2 0.83515625 0.83125 0.2890625 0.3375
1 0.79921875 0.09140625 0.103125 0.125
1 0.5421875 0.90859375 0.075 0.1828125
0 0.615625 0.2921875 0.0390625 0.05625