0 0.828125 0.63203125 0.234375 0.31875
1 0.271875 0.18203125 0.196875 0.2234375
2 0.55546875 0.24765625 0.1609375 0.2015625
2 0.459375 0.12265625 0.103125 0.1609375
2 0.66171875 0.0859375 0.1296875 0.171875
2 0.75078125 0.190625 0.125 0.1828125
2 0.59296875 0.5734375 0.1484375 0.296875
2 0.896875 0.23984375 0.1359375 0.2203125
2 0.43046875 0.703125 0.1328125 0.28125
2 0.7578125 0.75625 0.1875 0.4140625
1 0.31171875 0.0796875 0.1015625 0.121875
2 0.72109375 0.434375 0.1171875 0.1703125
2 0.74140625 0.790625 0.071875 0.1265625
1 0.41171875 0.3984375 0.171875 0.3203125
2 0.97421875 0.5109375 0.0515625 0.2125
2 0.60234375 0.86953125 0.1484375 0.24375
2 0.3546875 0.90859375 0.265625 0.1828125
2 0.15078125 0.90625 0.2046875 0.1875
1 0.08203125 0.78046875 0.1109375 0.190625
0 0.77421875 0.63828125 0.0890625 0.1984375
2 0.52578125 0.5578125 0.1046875 0.1609375
1 0.740625 0.04140625 0.103125 0.0828125
1 0.90546875 0.71640625 0.1890625 0.4421875
1 0.5078125 0.675 0.1 0.125
1 0.53359375 0.42109375 0.1 0.121875
0 0.8578125 0.171875 0.04375 0.0796875
1 0.0515625 0.728125 0.0484375 0.0734375
2 0.3484375 0.35625 0.05625 0.115625
1 0.81484375 0.41484375 0.084375 0.08125
0 0.9 0.5640625 0.0671875 0.0671875
0 0.7515625 0.54921875 0.0671875 0.0765625
0 0.68671875 0.5203125 0.059375 0.065625