1 0.56015625 0.7484375 0.3984375 0.503125
2 0.1109375 0.77421875 0.171875 0.2828125
2 0.52421875 0.415625 0.271875 0.384375
1 0.65703125 0.89296875 0.2171875 0.19375
1 0.3015625 0.2078125 0.1890625 0.3484375
2 0.39296875 0.153125 0.1609375 0.2828125
1 0.2671875 0.81015625 0.2546875 0.3265625
2 0.13984375 0.30625 0.2546875 0.4625
2 0.315625 0.946875 0.171875 0.10625
2 0.62734375 0.5875 0.2515625 0.3484375
2 0.2640625 0.56015625 0.265625 0.246875
2 0.7890625 0.83984375 0.1453125 0.209375
1 0.07890625 0.346875 0.1578125 0.459375
2 0.46875 0.1328125 0.14375 0.265625
1 0.25078125 0.40390625 0.1125 0.1609375
2 0.82890625 0.7171875 0.2421875 0.4140625
1 0.22890625 0.30546875 0.2375 0.48125
2 0.02421875 0.5296875 0.0484375 0.159375
2 0.78125 0.14140625 0.3125 0.2828125
2 0.121875 0.90390625 0.090625 0.134375
2 0.03984375 0.39296875 0.0796875 0.4515625
1 0.35625 0.415625 0.1390625 0.1578125