0 0.803125 0.68203125 0.19140625 0.2921875
1 0.32421875 0.15 0.1671875 0.19921875
2 0.59453125 0.259375 0.134375 0.1828125
2 0.51875 0.12109375 0.08046875 0.15
2 0.7265625 0.1015625 0.10078125 0.1890625
2 0.79609375 0.23359375 0.1 0.16953125
2 0.58046875 0.58671875 0.10546875 0.284375
2 0.9328125 0.30546875 0.1046875 0.20625
2 0.39921875 0.68984375 0.09140625 0.2703125
2 0.71484375 0.79375 0.12734375 0.3984375
1 0.3796875 0.05546875 0.0859375 0.11015625
2 0.72890625 0.46953125 0.09296875 0.1578125
2 0.69296875 0.825 0.053125 0.1203125
1 0.42890625 0.3859375 0.12578125 0.30390625
2 0.97890625 0.58671875 0.0421875 0.20859375
2 0.54296875 0.88125 0.1140625 0.22890625
2 0.2890625 0.903125 0.23828125 0.1921875
2 0.08671875 0.88046875 0.17109375 0.2328125
1 0.04296875 0.71171875 0.08359375 0.18046875
0 0.74921875 0.6796875 0.06015625 0.19140625
2 0.51640625 0.5609375 0.08203125 0.14921875
1 0.0171875 0.16796875 0.03125 0.1703125
1 0.8140625 0.0625 0.0859375 0.115625
1 0.9015625 0.78359375 0.196875 0.4171875
1 0.48046875 0.67421875 0.0828125 0.11328125
1 0.5453125 0.42734375 0.08359375 0.11015625
0 0.9046875 0.23203125 0.03203125 0.07578125
1 0.02109375 0.65546875 0.03828125 0.06875
2 0.37265625 0.334375 0.0390625 0.1109375
1 0.82421875 0.46484375 0.07421875 0.07109375
0 0.88515625 0.62578125 0.05859375 0.059375
0 0.740625 0.58828125 0.05703125 0.06796875
0 0.68125 0.54921875 0.0515625 0.05859375