0 0.5015625 0.8671875 0.1859375 0.134375
0 0.6484375 0.59453125 0.15859375 0.2875
1 0.59921875 0.23125 0.13203125 0.25
2 0.3203125 0.45234375 0.1828125 0.32109375
1 0.50625 0.06953125 0.1 0.13671875
2 0.28671875 0.8484375 0.19296875 0.29609375
2 0.73203125 0.11796875 0.1765625 0.22265625
1 0.81484375 0.575 0.084375 0.43046875
2 0.92421875 0.4859375 0.1515625 0.228125
1 0.87578125 0.90546875 0.23203125 0.1703125
2 0.13125 0.77265625 0.25234375 0.42421875
1 0.93125 0.63671875 0.11484375 0.346875
2 0.87578125 0.19140625 0.24765625 0.35234375
1 0.746875 0.9421875 0.090625 0.1140625
1 0.59296875 0.0984375 0.05390625 0.18046875
0 0.5890625 0.7203125 0.0328125 0.053125