1 0.5078125 0.2359375 0.28984375 0.46015625
2 0.946875 0.3359375 0.10625 0.26484375
2 0.4546875 0.575 0.1890625 0.34765625
1 0.45 0.0796875 0.18359375 0.1515625
1 0.61640625 0.83359375 0.10703125 0.33203125
2 0.51328125 0.8625 0.09453125 0.2671875
1 0.80546875 0.2609375 0.1859375 0.2875
2 0.79765625 0.78046875 0.14609375 0.4390625
2 0.80390625 0.078125 0.13671875 0.153125
2 0.39921875 0.3828125 0.17734375 0.3125
2 0.74375 0.503125 0.221875 0.19609375
2 0.30859375 0.096875 0.09921875 0.18984375
1 0.8953125 0.76328125 0.10234375 0.4484375
2 0.434375 0.86484375 0.07890625 0.25859375
1 0.715625 0.65703125 0.078125 0.14609375
2 0.23828125 0.2046875 0.146875 0.3890625
1 0.71171875 0.7578125 0.1203125 0.465625
2 0.98046875 0.59765625 0.03828125 0.15546875
2 0.1234375 0.8171875 0.2359375 0.325
2 0.96953125 0.2078125 0.0609375 0.12265625
2 0.965625 0.73515625 0.06875 0.4484375
1 0.6171875 0.61875 0.10859375 0.13359375