0 0.6391583046875 0.41474586875 0.6343043546796687 0.13666322767633718 0.393716003125 0.1408627125 0.3985699531328314 0.41894535357366286
0 0.7959413501011939 0.6229788421857336 0.7898875468745239 0.27615667184773474 0.5664840765624999 0.28005619374999996 0.5725378797891698 0.6268783640879988
4 0.3768962671874999 0.9678447109374998 0.37035161406249995 0.592901825 0.06258599529723922 0.5982738944382113 0.06913064842223918 0.9732167803757112
4 0.375665596875 0.6287520437499999 0.3665303530904095 0.10539426559833025 0.10875711871540941 0.1098937140358303 0.11789236249999999 0.6332514921874999
4 0.6243335937500001 0.9979059125 0.6183615972450862 0.6557705296810401 0.36683741185807606 0.6601609015380993 0.3728094083629898 1.0022962843570593
0 1.0049686817483807 0.7802922713737399 0.9997602313827331 0.48190022499768304 0.8888396281068056 0.4838363505201519 0.8940480784724534 0.7822283968962087
1 0.08127505312499998 0.32603126093749996 0.0767210670801467 0.06513350309960034 -0.004553986044853292 0.06655216403710032 0 0.327449921875
0 0.5731069890625 0.390894990625 0.5662896437467345 0.0003294841879159072 0.3647578421875 0.003847234375 0.37157518750326557 0.39441274081208405
4 0.9489920375164639 0.8859727946932117 0.9454742875000001 0.6844409921875 0.8470517796710361 0.6861589631192885 0.8505695296874999 0.8876907656250002
4 0.10546816744823453 0.7272326390579489 0.10241399687452409 0.5522592921602347 0.005553750000000001 0.55394999375 0.008607920573710463 0.728923340647714
1 0.21974726406853606 0.559587659720803 0.21093925311853626 0.054977026192191525 -0.0077774298740034085 0.058794739911925666 0.001030581075996366 0.5634053734405372
0 0.42180154219295307 0.2278858065624048 0.41825652187499995 0.02479174375 0.2964000843695469 0.026918755937595205 0.2999451046875 0.23001281875
4 0.7075476908519998 0.0353695281210377 0.7069131784969114 -0.0009816968814917323 0.6506717453124999 0 0.6513062576675883 0.03635122500252943
4 1.004853951222428 0.8959368864541549 0.9999999999821227 0.6178542458508046 0.8255970581346951 0.6208984609591497 0.8304510093750002 0.8989811015625
4 0.838006251569934 0.07841176761338972 0.8369427453125 0.017483548437500003 0.7885126218675661 0.018328899574110283 0.789576128125 0.07925711875
4 0.6390729484469153 0.14126820678939925 0.6380367125 0.0819022484375 0.5958556374905848 0.08263852133560079 0.5968918734375 0.14200447968750002
0 0.8347287546983371 0.8754653631208438 0.8332289390625002 0.7895409515625001 0.7566780999891631 0.7908771509416563 0.7581779156249999 0.8768015625000001
0 0.7662706381799775 0.17655367342563097 0.7634891609370242 0.01720294841023475 0.6635043906250001 0.018948189062500002 0.6662858678679534 0.17829891407789622
0 0.953227510945252 0.41238924575660646 0.9474736702934626 0.08275195828434752 0.7225079374732107 0.08667875002774116 0.728261778125 0.4163160375
0 1.0012055085688356 0.5647001124598233 0.9987785336023114 0.425658792146739 0.9175409078125 0.42707680000000015 0.9199678827790242 0.5661181203130845
4 0.5604488250153181 0.6505304493150706 0.5545859078125 0.3146441140624999 0.3405560109221819 0.3183800194349291 0.34641892812499997 0.6542663546874998
0 0.9460125781253396 0.17810448124999412 0.9428437785359032 -0.00343594222194587 0.7459987625000001 0 0.7491675620894365 0.18154042347193997
4 0.30778368437500003 0.23143873437500004 0.30429320311068264 0.03146919449226011 0.12150854687499994 0.0346597125 0.12499902813931732 0.23462925238273993
4 0.21650930315800795 0.9112602331410251 0.21337332500000006 0.7316000984375 0.10870176871746795 0.73342714657374 0.1118377468754759 0.9130872812772651
4 0.48668382189192494 0.4533502947196232 0.4843113859375001 0.3174334984375001 0.3702662577955752 0.31942416309287697 0.37263869374999997 0.4553409593750001
0 0.9371721281327241 0.6564566238800181 0.9351814624999999 0.5424114953124999 0.8601928859297757 0.5437204261199817 0.8621835515624999 0.6577655546875001
0 0.8049568718809719 0.3337149425296163 0.8019572390416823 0.16186611911985752 0.7035347312232105 0.16358409065274115 0.7065343640624999 0.3354329140625
4 0.06870660468749999 0.5012773015625 0.0657615113998592 0.3325530031169294 -0.002945093287640803 0.33375228124192946 1.3877787807814458e-18 0.5024765796875
1 0.01972754533369031 0.20208653715149155 0.017600532812499996 0.0802300984375 -0.0021270125211903133 0.08057444409850847 0 0.20243088281250002
0 0.8521396999999998 0.798587290625 0.849440030375211 0.6439233500152695 0.7541420460002111 0.6455867828277695 0.7568417156249999 0.8002507234375
0 0.6703877312500002 0.592352890625 0.6689424531059839 0.5095530020355593 0.61738780625 0.5104528921875 0.6188330843940163 0.5932527807769408
0 0.5424933031250001 0.0695053234375 0.5412661820013591 -0.0007964672293974239 0.4850247484375 0.00018522968750000064 0.48625186956114097 0.07048702035439743
0 0.5228110937549668 0.1057918518470449 0.521093121875 0.007369343749999997 0.44610454374503317 0.00867827471545509 0.447822515625 0.10710078281249999
0 0.8201317265735589 0.12873138500856332 0.8187409874842695 0.04905602097380447 0.7671863405982107 0.04995591096524114 0.7685770796875 0.129631275
0 0.968534353125 0.5730840796875001 0.9672799613525676 0.5012200265552551 0.9250988863525678 0.501956299992755 0.9263532781250001 0.5738203531250001
1 0.351600921875 0.3244381828125 0.34650154686020007 0.03229518352711165 0.263701659375 0.03374046093750001 0.2688010343897999 0.32588346022288833
0 0.18439225313046306 0.23515527843797884 0.18180166250000002 0.0867403859375 0.06931879686953693 0.08870378093702116 0.07190938749999998 0.2371186734375
0 0.46705260312499997 0.2239704703125 0.46558005624244647 0.13960832144226065 0.4109008843749999 0.14056275000000001 0.41237343125755344 0.22492489887023934
0 0.7236251718954488 0.7773894499996431 0.722943437499524 0.7383328999727349 0.691698196875 0.7388782875000001 0.6923799312709248 0.7779348375269083
0 0.47355498281250014 0.148845546875 0.4722460515303932 0.07385696847309779 0.4191291421602347 0.07478412812547593 0.4204380734423417 0.14977270652737815
0 0.5038651562500001 0.1842594546875 0.5027471109275597 0.12020671193052276 0.4636905609375 0.120888446875 0.46480860625994025 0.1849411896319772
0 0.3882929437573047 0.0987634472934842 0.3872839765625001 0.040959751562500014 0.3497896874926953 0.041614216769015826 0.3507986546875 0.09941791250000001
0 0.4462875234375 0.10869031406249999 0.4450058624962126 0.035263998220521106 0.39032669218750005 0.0362184265625 0.39160835312878745 0.10964474240447888
0 0.32262694690779226 0.36557511437867013 0.32017270312499996 0.22497153124999994 0.2155011468699488 0.2267985793981191 0.2179553906527411 0.36740216252678926
4 0.0578569375 0.14828789374999998 0.05643893126143299 0.06705026713275343 -0.0014180062385670072 0.06806016244525341 0 0.14929778906249996
0 0.804336771875 0.8353646687499999 0.8036277687458421 0.7947458560117859 0.7786315765625 0.795182165625 0.779340579691658 0.8358009783632141
0 0.11209107968750001 0.838071434375 0.11037310780357021 0.7396489260509137 0.04475810312499999 0.740794240625 0.04647607500892977 0.8392167489490863
4 0.039105434375 0.5064822062500001 0.03779650441715303 0.43149362966494537 -0.0012600471453469708 0.4321753640399454 0.00004888281249999932 0.507163940625
4 0.3016235406413168 0.7738163509347908 0.3003964187390516 0.7035145587477667 0.25977760622273477 0.7042235625004759 0.261004728125 0.7745253546875001
0 0.8301431402548447 0.9708724234166877 0.8268162749995239 0.7802764562227347 0.6659032859374999 0.783085203125 0.6692301511928207 0.9736811703189527
4 0.16007698593998337 0.9013060954547724 0.1583590140625 0.8028835874999999 0.12086472499751659 0.8035380529827274 0.12258269687499998 0.9019605609374999
4 0.105893021875 0.572514159375 0.10442047499999998 0.4881520093749999 0.04974130466700387 0.489106437888278 0.051213851542003884 0.5734685878882781
4 0.0348197812584959 0.6190741504867296 0.03367446716873067 0.5534591442372055 0.0039914890352347725 0.553977262500476 0.0051368031250000005 0.6195922687500002
1 0.017748335937500005 0.26775607968750004 0.015921286658590463 0.16308452408466406 -0.0018270492789095399 0.16339432252216407 6.938893903907229e-19 0.26806587812500005
4 0.19563514687500003 0.7897310265625 0.1946807187444382 0.7350518559313631 0.1587486921875 0.7356790515625 0.15970312031806183 0.7903582221936369