4 1.062410438067576 0.9258721535914212 0.9999999998599334 0.48179881619087384 0.48241941022985735 0.5545400250994528 0.5448298484375 0.9986133625000001
4 0.4897997828125 1.0000000000000002 0.43446167812500003 0.6062489281250001 0.12422925936752072 0.6498492515092822 0.1795673640550207 1.0436003233842823
0 0.18685151093750002 1 0.09813009375000001 0.3687143171875 -0.0194642401416971 0.3852411231014402 0.0692571770458029 1.0165268059139403
2 0.8811612220151985 0.5063897963100636 0.8645256875000001 0.388021815625 0.7724617029848014 0.40096056462743634 0.7890972374999998 0.5193285453125001
2 0.509559816836148 0.6690648576422843 0.47487527028223564 0.42227148728465835 0.1251868578125 0.47141698906250007 0.1598714043664124 0.718210359420126
2 0.2235696683430694 0.49782550452509533 0.19562631871973565 0.2989982435346582 0.08886304218749999 0.3140028437499999 0.11680639181083372 0.5128301047404371
4 0.928508465625 0.6748775437500001 0.9126340332755595 0.5619250921224215 0.8190227535880595 0.5750812999349214 0.8348971859375001 0.6880337515625
2 0.5614568390625 0.48820709374999993 0.5299254326005299 0.2638494828667544 0.3365137000000001 0.29103172968749996 0.36804510646197014 0.5153893405707455
4 0.49536662187499997 0.9834749875 0.48329770468750005 0.897600178125 0.44152077024429526 0.9034715432646987 0.4535896874317952 0.9893463526396987
4 0.305190678125 1 0.2805018140625 0.824329596875 0.17605947965191726 0.8390080091218156 0.20074834371441724 1.0146784122468158
4 0.512470453125 0.8469534765625 0.5040983221528033 0.7873826622413624 0.4685105624697357 0.7923841950971586 0.47688269344193246 0.8519550094182963
4 0.23892074531249996 1 0.224866165625 0.8999964671875 0.14672782486335215 0.9109780945960304 0.16078240455085213 1.0109816274085304
4 1.0033974375650392 0.4892106164043807 0.9946991186433312 0.4273188617410126 0.9575640654532919 0.4325378531491319 0.966262384375 0.4944296078125
4 0.04164961721106113 0.1352402267301461 0.0353433359375 0.0903687046875 0.0005292234139388785 0.0952615092073539 0.006835504687500005 0.14013303125
2 0.9653925531796617 0.4882404316389392 0.94364675608932 0.3335110457317034 0.8415253607221584 0.34786327190526434 0.8632711578125001 0.5025926578125002
1 0.9871550188973337 0.44100196198583463 0.9169160953348525 -0.058773955184100425 0.4279712358125187 0.009942762517564962 0.498210159375 0.5097186796875001
4 0.9661369437499998 0.5496721828125 0.9598306624966281 0.50480066091351 0.9288847859375 0.5091498203125001 0.9351910671908715 0.5540213422114901
4 1.0103292538400437 0.6760012273910678 0.9999999999127003 0.6025047681288299 0.9539593398226567 0.6089753610502621 0.9642885937500001 0.6824718203125001
4 1.0227243579110112 0.9298718138518556 0.9999999999728771 0.7681796044945124 0.797306338936866 0.7966663406426567 0.8200306968750001 0.95835855
4 0.8094922781777807 0.6363792331880532 0.8025336234375002 0.5868658296875 0.7731350405722194 0.590997530874447 0.7800936953125 0.6405109343750002
4 0.12291188437500003 0.354186475 0.09214158123765659 0.13524439366217197 0.04572276562499999 0.1417681328125 0.07649306876234344 0.36071021415032806
4 0.9835334984375003 0.3815524203124999 0.9490664093033457 0.13630634324015167 0.77344855625 0.16098782343749998 0.8079156453841545 0.4062339005098482
4 0.9525122723024515 0.12714385306492565 0.9310982085498827 -0.02522512510363235 0.7516121203125 2.2204460492503132e-17 0.773026184065069 0.15236897816855802
2 0.9696914515625 0.24938006874999993 0.9624066093750001 0.19754572343749996 0.9376499077286912 0.20102505096617024 0.9449347499161911 0.25285939627867016
2 0.47402122656250006 1.0000000000000002 0.464872371875 0.9349025125000002 0.3929232075272486 0.9450143075136653 0.40207206221474856 1.0101117950136653
2 0.42086230518143 0.9024302624305829 0.4192313702822357 0.8908255575971585 0.410721253125 0.8920215765625003 0.41235218802419427 0.9036262813959246
2 0.44319354687500007 0.9939631453125 0.4409102387468716 0.9777165607622637 0.43240012155937146 0.9789125795122638 0.43468342968750007 0.9951591640625
4 0.9388626806571272 0.2994705811137277 0.9339698765322358 0.26465647009715826 0.9014767046874999 0.2692230875 0.9063695088123913 0.30403719851656946
2 0.41806043906249996 0.8712669265624999 0.41653823275097385 0.8604358698747185 0.4080281171875 0.8616318890625001 0.4095503234990262 0.8724629457502815
4 0.9195256749999998 0.2516968421875 0.9143066838179779 0.21456178892118927 0.883360805692978 0.21891094829618923 0.888579796875 0.2560460015625
4 0.5136916015625 0.9903667125 0.46672067965633046 0.6561512388407169 0.26711977187499997 0.6842033171875 0.31409069378116955 1.018418790846783
2 0.8677457578125001 0.47829596093750004 0.8599172703125 0.4225933812500001 0.8459916252229075 0.42455050314857123 0.8538201127229076 0.48025308283607127
2 0.1190393984375 0.1133188140625 0.11284184516479341 0.06922093801151309 0.09659525940526432 0.07150424709034171 0.10279281267797091 0.11560212314132863
4 0.9384110109540291 0.2064405798051093 0.9335182060511874 0.17162646733537357 0.9072142107221582 0.17532325315526426 0.912107015625 0.210137365625
2 0.46683787086833844 0.9937958639843822 0.4654243937197357 0.9837384529096586 0.4584615703125 0.9847170140625001 0.45987504746110275 0.9947744251372239
4 0.49713953911128267 0.30001435347210614 0.4923554640625 0.2659738875 0.4699197030762174 0.2691270277778939 0.47470377812500003 0.30316749375
2 0.41292513125 0.9919056718749999 0.4110767390625 0.9787536734375 0.40334026861045585 0.9798409630695918 0.4051886607979559 0.9929929615070918
4 0.7118035578672918 0.2556445925773624 0.7072369406250002 0.22315142031249996 0.6863484733827084 0.2260871027351376 0.690915090625 0.258580275
2 0.9099073484374998 0.20571294218749997 0.9061018326153167 0.17863529859696942 0.8898552469052643 0.18091860802784174 0.8936607627274473 0.20799625161837235
2 0.9651917640625001 0.2847252812500001 0.9621473530768185 0.26306316684466957 0.9474480609375 0.2651290171875 0.9504924719231816 0.2867911315928305