2 0.8862697671875001 0.1262156578125001 0.682394573445593 0.12265700266135138 0.6778542203124999 0.38277362968750006 0.881729414054407 0.3863322848386488
0 0.29932063906250017 3.95516952522712e-17 0.008739902689911743 -0.005072105820418184 -0.0030598270155074254 0.6709339295811676 0.28752090935708097 0.6760060354015859
4 1.0007146593902267 0.4634206036416658 0.8413639328125001 0.46063912656249995 0.8350374359132623 0.8230839171870772 0.994388162490989 0.8258653942662428
4 0.7438334078212998 0.31829030418337406 0.49387148437500006 0.3139272031250001 0.4861815187412005 0.7544850942541262 0.7361434421875003 0.7588481953125001
4 0.5852770421875 0.0014123515625000735 0.5024771544141113 -0.0000329260608150958 0.5000774481641113 0.1374461333141849 0.5828773359375 0.13889141093750007
0 0.46065712033830886 0.5157220157089155 0.3559855640902413 0.5138949671607108 0.3517997140625001 0.7537021890625 0.4564712703105678 0.7555292376107048
4 0.9936396234375 0.4211031828125001 0.7194626375105939 0.41631740564308617 0.7137633359375001 0.7428301687500001 0.9879403218644061 0.747615945919414
4 0.23750343438163476 0.8556292168074029 0.1687639062500001 0.8544293640625 0.16727772497273485 0.939572645312024 0.23601725310436952 0.9407724980569269
2 1.002086107306925 0.06729045687718187 0.9412313120055229 0.06622823280386898 0.9391452046875 0.18574127812500013 0.9999999999889019 0.186803502198313
4 0.5771142203397653 0.8271769093754759 0.5029067734379761 0.8258816140352346 0.5016114780982107 0.9000890609097588 0.575818925 0.9013843562500001
4 0.47310503750000016 0.8769317765625002 0.4153013421892523 0.8759228092746183 0.4137606218750001 0.9641906140625001 0.4715643171857479 0.965199581350382
0 0.3273696406293693 0.18365775443718949 0.18598492812500003 0.181189875 0.17989022030813084 0.5303554377503106 0.3212749328125001 0.5328233171875001
4 0.6910538187615087 0.5666257462156673 0.6129407171875 0.5652622765624999 0.6110182249732106 0.6754017499722588 0.6891313265472193 0.6767652196254261
0 0.42532937968750006 0.8385921375000003 0.3011295484407229 0.8364242216903663 0.29836170625000014 0.9949938171875001 0.4225615374967774 0.997161732997134
4 0.9992492096579422 0.010201001567438856 0.7586608578124999 0.006001515625000092 0.755715763779558 0.17472581405756135 0.9963041156250002 0.17892530000000012
2 0.8873684500000001 0.15280138125000012 0.7897270734325754 0.15109704403213645 0.7880772749950753 0.2456138971571365 0.8857186515625001 0.24731823437500014
4 0.47561954843750004 0.6433463343749999 0.4365629968478406 0.642664599993465 0.43533587497284054 0.7129663921809651 0.4743924265625 0.7136481265625
4 0.992551027245052 0.6625272046994141 0.8878794709955281 0.6607001562346488 0.8858206328125002 0.7786509390625002 0.9904921890620241 0.7804779875272654
4 0.7169736218750001 0.7827360234375002 0.6591699265353623 0.7817270562422236 0.6572201655978624 0.8934287921797237 0.7150238609375001 0.8944377593750001
0 0.9995865281249999 0.2594636015625001 0.9050696750102996 0.25781380409744903 0.9012110578125002 0.4788738812500001 0.9957279109272006 0.4805236787150511
4 0.7633612788806238 0.005302193763189545 0.58838793125 0.0022480218750000726 0.5866290554943763 0.10301392186181062 0.761602403125 0.10606809375000008
0 0.18872590626880492 0.33751151923517286 0.013752559375000046 0.3344573484375001 0.010112096847734793 0.5430193296870242 0.18508544374153968 0.546073500484697
4 0.43045739218750007 0.09716245937500005 0.3086009546765465 0.09503544750252765 0.30442873905154655 0.3340615381275277 0.4262851765625001 0.33618855000000003
4 0.4216665640625001 0.3322010859375001 0.3084025671723335 0.3302240555563963 0.30397129217233343 0.5840916352438962 0.41723528906250007 0.586068665625
0 0.17198742031250008 0.580225109375 0.005606515004617893 0.5773209203016713 0.00279776875000009 0.738233909375 0.16917867405788228 0.7411380984483288
4 0.6840627703210875 0.6985550791955297 0.6512552671875002 0.6979824218750001 0.6479556703039127 0.8870161270544704 0.6807631734375001 0.8875887843750002
4 0.47763966250245876 0.7066724857966431 0.41358691875 0.7055544406250001 0.4118007734350413 0.8078826032658573 0.4758535171875001 0.8090006484375001
4 0.5463404671875002 0.8891492718749999 0.5041593921939246 0.8884129980694391 0.5024550546875 0.9860543749999998 0.5446361296810756 0.9867906488055607
2 0.7323579140625 0.25948732343750003 0.6925202327983072 0.25879195393810217 0.6910613202983071 0.34237297268810224 0.7308990015624999 0.3430683421875001
4 0.12150636718750014 0.7864067468750001 9.992007221626409e-17 0.7842858453125 -0.0033404997181796514 0.9756629429220902 0.11816586746932038 0.9777838444845903
0 0.2886504093750001 0.4322386203125001 0.21288070155216876 0.43091605527937915 0.21059007342716876 0.5621460662168791 0.2863597812500001 0.56346863125
0 0.17676610156250014 0.8436298765625001 0.07443793908717757 0.8418437313987294 0.07191552031250006 0.9863529703125 0.17424368278782265 0.9881391154762706
1 0.35564687812500023 0.7123567843750002 0.19160936563024702 0.7094934981369031 0.18676904841023478 0.9867950078120241 0.350806560904988 0.9896582940501213
4 0.3586759593750002 0.7178792390625002 0.31024583475659107 0.7170338890418873 0.3091005218745242 0.7826488937772652 0.3575306464929333 0.7834942437978781
1 0.6079618750134079 0.6714415554818649 0.5064148437500001 0.6696690453125 0.5050104702852349 0.7501255406245242 0.6065575015486427 0.751898050793889
4 0.9921089890625001 0.7773807328125001 0.8186979042368595 0.7743538312421341 0.8147592359375004 1.0000000000000002 0.988170320763141 1.0030269015703661
0 0.8482330812548208 0.9623979309738312 0.8037086140625002 0.9616207531250002 0.8030387014862038 0.9999999999986683 0.8475631686785243 1.0007771778474992
0 0.28025417656250007 0.01796649062500004 0.2099523843820052 0.016739368348678167 0.20692548281250006 0.19015045312500004 0.27722727499299493 0.19137757540132191
2 0.8913598656447229 0.19272087074508532 0.8507410531250003 0.19201186718750013 0.8495684702927775 0.25918913550491496 0.8901872828125003 0.25989813906250014
0 0.7461872937559255 0.8996699324730322 0.6977571703125002 0.8988245812500001 0.696830010910235 0.9519414906245244 0.7452601343536603 0.9527868418475565
4 0.66039705 0.7114252656250001 0.5900952578124999 0.7101981437500001 0.5885818075259757 0.7969036859597723 0.6588835997134759 0.7981308078347723
4 1.0025360539526882 0.10089717950707447 0.88830924375 0.0989033421875001 0.8857731897734473 0.2441937093601362 0.9999999999761353 0.24618754667971054
0 0.34715601250758626 0.9302105276903927 0.3096617234375002 0.9295560625000002 0.3085164093674141 0.9951710676221076 0.34601069843750015 0.9958255328125001
4 0.643759734385936 0.8588136024984863 0.6140767546879762 0.8582954843477347 0.6118952046770402 0.9832764459117485 0.641578184375 0.9837945640625
4 0.2897204546875 0.9081110234374998 0.2256677109375001 0.9069929781249998 0.22418152875542546 0.9921362593587307 0.2882342725054254 0.9932543046712308
0 0.5353184656250001 0.535778090625 0.5056354875254812 0.5352599719776838 0.5047219624999999 0.5875957515625 0.5344049405995188 0.5881138702098162
1 0.3498886781304166 0.6841269887521927 0.3038019484375001 0.6833225421875001 0.30291569374458366 0.7340960581228075 0.3490024234375001 0.7349005046875001
0 0.4132733218787864 0.7235204544705859 0.37734129531250005 0.7228932578125 0.37638686559773477 0.7775724296870241 0.4123188921640211 0.7781996263451099
2 0.600253915625 0.754913496875 0.5658841499727347 0.7543135703120242 0.5652842234375001 0.7886833343750002 0.5996539890897654 0.789283260937976
0 0.3914856406301699 0.8973854372038295 0.3539913515625001 0.8967309718750001 0.3527233249948304 0.9693761565461708 0.39021761406250016 0.9700306218750002
4 0.48491349219967705 0.8271302774273822 0.46772860937500005 0.8268303140625 0.46607881091023484 0.9213471671870244 0.4832636937349119 0.9216471305519066
0 0.5313235024174151 0.7646494781671963 0.5024216531250001 0.7641449937500001 0.5016308397696092 0.8094505921725691 0.5305326890620242 0.8099550765897654
0 0.6989957484375002 0.6488081187500001 0.6724372937544805 0.6483445388058195 0.6719191750000001 0.6780275171875001 0.6984776296830197 0.6784910971316805
0 0.2424937328159224 0.5697352669914352 0.20109378906250006 0.5690126281250001 0.19949852968407772 0.6604049564460649 0.2408984734375001 0.6611275953125
0 0.6538207687511797 0.7300633327449204 0.6241377906250001 0.7295452140625001 0.6235514984363205 0.7631338469425797 0.6532344765625001 0.763651965625
4 0.7870185331624115 0.9777381765686078 0.5800188151975877 0.9741249828050395 0.5795688703123495 0.9999023062586367 0.7865685882771734 1.0035155000222051
0 0.17649477656250007 0.4115280812499999 0.09213262656250004 0.4100555343749999 0.09046919400665661 0.50535351719198 0.17483134400665662 0.5068260640669799
4 0.06211532031250011 0.9658663125 1.1657341758564144e-16 0.9647820859375 -0.000436310002305168 0.9897782781413241 0.06167901031019483 0.9908625047038241