2 0.8561918953125002 0.6782274640625002 0.654796068605805 0.646329499347913 0.6140986654808048 0.903282794660413 0.8154944921875001 0.9351807593750001
0 0.3213120719990865 0.2897712851540498 0.03426514681396794 0.2443075187403335 -0.07206140331011843 0.9156269382737838 0.21498552187500017 0.9610907046875001
4 1.0434632265172301 0.2649348356689302 0.8860503965861588 0.24000309345677645 0.8293429044439289 0.5980401187253463 0.9867557343750002 0.6229718609375002
4 0.7775044093750003 0.2860901687500002 0.5305823250608629 0.2469815527407277 0.4616533890625 0.6821817281250001 0.7085754733766374 0.7212903441342726
4 0.5189123953251001 0.8700140374204464 0.43711945468750024 0.8570593078125001 0.41560971495324744 0.9928664545811049 0.49740265559084734 1.0058211841890512
0 0.5015047563768202 0.2407941413867892 0.39810613281249996 0.22441740781250002 0.3605863029218175 0.46130828409534336 0.4639849264861378 0.47768501766963245
4 1.0235254688986872 0.340875843192532 0.7526828062566983 0.2979785800265143 0.7015971764205112 0.6205205555839824 0.9724398390625002 0.6634178187500002
4 0.31656708593750005 0.020083704687500037 0.2486635125 0.009328834375000029 0.23534213894367287 0.09343667029367966 0.3032457123811729 0.10419154060617968
2 0.9434918285937209 0.8961294175092137 0.8779031481172572 0.8857411905742785 0.8598063296875 1.0000000000000002 0.9253950101639639 1.0103882269349354
4 0.6443667266007371 0.11787939194608058 0.5710617328125001 0.10626902187500009 0.559451362461763 0.1795740174289196 0.63275635625 0.19118438750000008
4 0.5527773784677464 0.03693004067928578 0.4956766454520639 0.02788617321212914 0.4818664154218175 0.11508053565784344 0.5389671484375 0.12412440312500009
0 0.32968987812500006 0.43664006093749996 0.1900245734731442 0.4145192497749518 0.13539472500000002 0.7594385374999999 0.27506002965185594 0.7815593486625481
4 0.7169529562499999 0.35876255156250003 0.639789803125 0.34654110937500004 0.6225575699519887 0.45534115331537633 0.6997207230769887 0.4675625955028764
0 0.5095852421874999 6.661338147750939e-17 0.3868958312136546 -0.019432093520524617 0.36257029058865464 0.13415332679197536 0.4852597015624999 0.15358542031250005
4 0.9330101048838502 0.9023791581352955 0.6953475967206024 0.8647371156005459 0.6739240609375002 1.0000000000000002 0.911586569100748 1.0376420425347495
2 0.835980990896981 0.8158223031680777 0.7395270503102183 0.8005454998016581 0.7247391046875002 0.8939129140625003 0.821193045274263 0.9091897174289197
4 0.5118810703674819 0.2851509605903588 0.4732994937500001 0.2790402390625001 0.46230019510931764 0.3484870762828434 0.5008817717267994 0.35459779781070216
4 1.0184543782243656 0.30685115041676747 0.9283463781249999 0.2925794453125001 0.909891999838672 0.4090958046619483 0.9999999999380375 0.42336750976621573
4 0.7802505640625002 0.1488931390625001 0.7231498314156948 0.13984927082884505 0.705673167225737 0.25019257788358057 0.7627738998725425 0.2592364461172356
0 0.9848146626702888 0.6052626801748395 0.8914472484374999 0.5904747343750001 0.8568605653835804 0.8088464546492629 0.9502279796163693 0.8236344004491023
4 0.6892225173463478 0.9333739755595765 0.5163770575294421 0.9059979452676682 0.5014885953125001 1.0000000000000002 0.6743340551294059 1.0273760302919084
0 0.1978702828315105 0.399942120192473 0.025024823437500045 0.3725660890625 -0.007606428244463071 0.5785917054417601 0.16523903114954738 0.605967736571733
4 0.3989595111128388 0.6485223410804553 0.27858499375 0.6294568906250001 0.2411873795121613 0.865576135482045 0.36156189687500007 0.8846415859375002
4 0.4334383376505844 0.40086696936174804 0.3215517672257372 0.3831458778835805 0.2818320795751529 0.6339261210218325 0.39371865 0.6516472125000001
0 0.21607778447130652 0.20507881032944503 0.05172027187500002 0.1790471375 0.026544099758580464 0.33800323121176284 0.19090161235488695 0.36403490404120786
4 0.7453210610097611 0.149688755793762 0.7129125374999999 0.1445557500000001 0.6833366468027389 0.3312905770187382 0.7157451703125001 0.3364235828125001
4 0.5298777562946875 0.19150077315535471 0.46660397187499997 0.1814791906250001 0.45059388276781254 0.2825629190321455 0.5138676671875 0.2925845015625001
4 0.6284883157417032 0.028355777388165804 0.5868202140625 0.021756198437500086 0.5715434106960804 0.11821013902426299 0.6132115123752835 0.12480971797492871
2 0.7001402312542254 0.6946427046608227 0.6607870234375001 0.68840976875 0.6477100796832748 0.7709743406516777 0.6870632875000002 0.7772072765625002
4 0.20109977500000004 2.7755575615628914e-17 0.07686710011785862 -0.01967652261912985 0.05275787031250001 0.1325431640625 0.1769905451946414 0.15221968668162988
0 0.30062666875000016 0.4003973656250001 0.2257784108308883 0.3885425662981206 0.2052463873933882 0.5181766616106207 0.28009464531250006 0.5300314609375002
0 0.2580509390625 2.7755575615628914e-17 0.15696720962863223 -0.0160100906638704 0.14026372343750002 0.089451565625 0.2413474528713678 0.10546165628887043
1 0.43681431249999997 5.551115123125783e-17 0.27477169313613614 -0.025665030297139117 0.23267267434520114 0.24013770589881434 0.39471529370906494 0.2658027361959535
4 0.4089233330609172 0.196073124994056 0.3610821784046567 0.18849583104681766 0.3508161671875 0.25331287968750005 0.3986573218437605 0.2608901736347383
1 0.6486802922995771 0.27043236335487403 0.5483681937500001 0.2545444875000001 0.5357801076093176 0.33402253409534344 0.6360922061588947 0.34991040995021744
4 1.0354421843253392 0.08331907817770072 0.8969393937500001 0.06138239062500013 0.8614972091738835 0.2851555312181464 0.9999999997492225 0.30709221877084697
0 0.9298367750000001 0.06342887031250011 0.885853778125 0.05646264843750013 0.8792541993533538 0.09813075170755711 0.9232371962283539 0.1050969735825571
0 0.22701997187500011 0.7652496796875001 0.15757313437500006 0.7542503812500001 0.1304415321503541 0.925552576705102 0.19988836965035414 0.9365518751426022
2 0.8425662109375001 0.8042094859375 0.8024413719179101 0.7978543356665767 0.7919309312500001 0.8642146453124999 0.8320557702695901 0.8705697955834232
0 0.8201596922497956 0.09668098398168139 0.7723185375000001 0.08910368906250013 0.7640079560085806 0.14157463277426302 0.8118491107583761 0.14915192769344426
4 0.708239671875 0.23398831562500008 0.6387928346587296 0.22298901695860146 0.6252270330921565 0.30864011542181763 0.694673870308427 0.31963941408821617
4 0.9527801234375002 0.8374854218750001 0.8354921325990714 0.8189088294725366 0.8127602497865715 0.9624322919725368 0.9300482406250001 0.9810088843750002
0 0.43206838125 4.4408920985006264e-17 0.3950300685063646 -0.005866292433997477 0.38714501691174075 0.04391796401882407 0.42418332965537625 0.0497842564528216
4 0.7234373375288373 0.04814015606792817 0.6941153390624999 0.04349600781250006 0.6745610312211625 0.16695705018207194 0.7038830296875 0.17160119843750005
4 0.3735352421875 4.4408920985006264e-17 0.3102614569197023 -0.01002158415437553 0.3005090223592194 0.051552857641717145 0.36378280762701715 0.06157444179609271
0 0.5491830656250001 0.41919913437500006 0.5198610671874999 0.4145549859375001 0.5116727005245714 0.46625429695808396 0.5409946989620715 0.4708984453955839
1 0.3920864610297654 0.24244770722995926 0.34656020156250006 0.23523705625000005 0.3386162639702346 0.2853931052700408 0.38414252343749994 0.29260375625
0 0.4619598234375001 0.21080118750000004 0.42646477356602863 0.20517932418850257 0.4179097640625001 0.25919353125000005 0.45340481393397153 0.2648153945614975
2 0.6483735314914194 0.23241633441323714 0.6144217453125 0.22703890000000007 0.6090443106960806 0.260990687461763 0.6429960968749999 0.2663681218750001
0 0.4735054156738062 0.018046688754349404 0.4364671031249999 0.012180396875000055 0.4251011624511937 0.08394212843315071 0.462139475 0.08980842031250007
4 0.5567362125 0.08185240781250007 0.539760318822794 0.07916369016539754 0.5249723719132371 0.1725311044460805 0.5419482655904433 0.17521982209318301
0 0.5838919625 0.20005578281250008 0.5553415970852662 0.19553384867243168 0.548253159375 0.2402884781250001 0.5768035247897337 0.24481041226506844
0 0.7264569625000001 0.3586858625000001 0.7002214906618561 0.3545305716423002 0.6955773421875 0.38385256875000007 0.7218128140256441 0.3880078596077
0 0.2728143205004951 0.29632778631304624 0.23191785000000004 0.28985042187500004 0.217618762312005 0.3801313105619538 0.25851523281250005 0.386608675
0 0.6966891844214146 0.2669623872069489 0.6673671874999999 0.2623182390625 0.6621119669460804 0.295498395274263 0.6914339638674951 0.3001425434187119
4 0.8696495171875002 0.0538961453125001 0.6651671648637802 0.021509323316934725 0.6611340888210806 0.046973164024263034 0.8656164411448003 0.07935998601982841
0 0.1809567205558495 0.43681269377605225 0.09762051562500004 0.42361353593750006 0.08271035600665064 0.5177525812239477 0.1660465609375001 0.5309517390624999