2 0.3419407718750001 0.1883915921875 0.32951540000000007 0.010700495312499989 0.2406698515625 0.016913181250000006 0.2530952234375 0.19460427812500003
0 0.8829264796875002 0.443463178125 0.860800598411978 0.12704833088501766 0.7018138281249999 0.13816576875 0.7239397094005221 0.4545806159899824
4 0.2076522984375 0.5079124187499999 0.1992597222565095 0.3878929937233223 0.12755980506900952 0.3929067405983223 0.13595238125 0.5129261656249999
4 0.145783975 0.563927084375 0.12823586250000002 0.312977378125 -0.007370499995026944 0.3224598985086177 0.010177612504973038 0.5734096047586178
4 0.14237310161811845 0.313555121107881 0.13725036093749998 0.2402965109375 0.08581346400688154 0.24389332889211895 0.0909362046875 0.31715193906249994
4 0.41173147020094325 0.7160586092735401 0.40562777811739686 0.6287717545787709 0.36666043125 0.6314966171874998 0.37276412333354625 0.7187834718822691
4 0.4275912562790142 0.6068738176024213 0.4227954984375 0.5382912890625 0.3682412140334858 0.5421060964600788 0.373036971875 0.610688625
2 0.3976711797601371 0.5149871062449207 0.3906955328125 0.41523070000000006 0.31743692177387406 0.420353440741332 0.32441256872151114 0.5201098469862526
2 0.3017082187728998 0.4418154003274831 0.2961495 0.36232201562500005 0.23068435935210013 0.36689978404751683 0.23624307812499995 0.44639316874999996
2 0.189210140625 0.33377468749999994 0.1859403046303477 0.2870138726201842 0.15632512187499997 0.28908476875 0.15959495786965228 0.33584558362981576
2 0.37835706767273936 0.3283798232943081 0.37181739686739695 0.23485819364127097 0.30479356044465755 0.23954495784696292 0.31133323124999995 0.3330665875
4 0.5185953313399377 0.4971333731611708 0.5147805249812089 0.4425790887937738 0.4836066483287711 0.444758978132603 0.4874214546875 0.4993132625
4 0.5656175875 0.5424010359375001 0.5610398187500001 0.47693589375 0.517396392107411 0.479987739479673 0.5219741608574109 0.5454528816671731
0 0.5562974703124999 0.7451074562499999 0.5487768499784459 0.6375575825042643 0.4895464843749999 0.6416993734374998 0.4970671047090539 0.7492492471832355
0 0.5107462765824381 0.8328737409101276 0.5048605733487092 0.7487042737302307 0.4440715139537711 0.7529550593826031 0.44995721718750004 0.8371245265624999
0 0.7773263734400554 0.8596557937865432 0.7667539078125001 0.7084624921875 0.6747909718724446 0.7148931671509565 0.6853634375 0.8660864687499998
0 0.6835974359375001 0.93042889375 0.6740059209914846 0.7932638358900206 0.5617799647414845 0.8011114390150205 0.5713714796875 0.9382764968749999
0 0.9208786515654263 0.8966071047293476 0.9151019437500001 0.8139963312500003 0.8621063546845738 0.8177021437081526 0.8678830625 0.9003129171875
0 0.9806889401768724 0.20637858742207554 0.9671736234298972 0.013100553016271044 0.8518302796875 0.021166145312499995 0.8653455964344751 0.21444417971830454
0 0.6323372546874999 0.21977350156250003 0.6243806572532197 0.10598885305484804 0.5417698838157198 0.11176556086734801 0.54972648125 0.22555020937499998
0 0.5021478453125 0.329121421875 0.49571717031249996 0.2371584859375 0.4193411717977799 0.2424992160832018 0.4257718467977799 0.3344621520207018
0 0.8692679453125001 0.7185234828125 0.8597854249999999 0.58291711875 0.7460007749335269 0.5908737162368904 0.7554832952460271 0.7264800802993905
4 0.178265059375 0.8044346828125002 0.16954549996732418 0.6797391760952138 0.09628689062500002 0.6848619171875001 0.10500645003267586 0.8095574239047865
4 0.3940835907002963 0.9788673526392877 0.38667196559156736 0.8728761713968909 0.32276551864127095 0.877344945320103 0.33017714374999996 0.9833361265624998
2 0.260899375 0.26141012343750003 0.25610361790398384 0.19282759526239854 0.18284500624999997 0.19795033593749994 0.18764076334601607 0.2665328641126014
2 0.2428711046875 0.18278869374999998 0.23131768906225622 0.01756714843401383 0.17520471093749998 0.02149095 0.18675812656274376 0.18671249531598616
2 0.3993289125 0.225102825 0.3840696843326815 0.00688568845731759 0.32328062499999993 0.011136473437499999 0.33853985316731844 0.22935360998018242
2 0.3193012359375 0.29021889218749997 0.31254357811333733 0.1935798748332156 0.24551974374999994 0.1982666375 0.2522774015741626 0.2949056548542844
2 0.24465701720855862 0.7011142299886528 0.23604645156249995 0.5779774171875001 0.1783747796664413 0.5820102137613474 0.18698534531249997 0.7051470265625002
0 0.869550750096171 0.9017626170003096 0.859414262487442 0.7568040904454125 0.779920878016271 0.7623628093826031 0.790057365625 0.9073213359375002
0 0.9789870281249998 0.674825921875 0.9676516015624997 0.5127217625 0.860101726509327 0.5202423820520934 0.8714371530718271 0.6823465414270935
0 0.40710029220042576 0.31383937830984776 0.38562837812499995 0.006776693750000002 0.32328062498707416 0.011136473252652278 0.34475253906250003 0.3181991578125
2 0.5202630203125 0.498583071875 0.5172111734375001 0.45493964374999996 0.48915468437282755 0.45690154528143456 0.49220653124782754 0.5005449734064346
0 0.4146735938181846 0.9821265056625853 0.39952335937499994 0.7654680625 0.2997669546193153 0.7724437099624148 0.3149171890624999 0.989102153125
0 0.8699539578125 0.9299281 0.8612343984158114 0.8052325934398381 0.778623625 0.8110093015625001 0.7873431843966886 0.9357048081226621
4 0.672174378125 0.9014676781250002 0.6686865546875 0.8515894749999999 0.6266018202775004 0.8545323260619819 0.6300896437150005 0.9044105291869821
4 0.8869250531249999 0.9710318828125001 0.8837642125 0.9258297609374999 0.8525903358971233 0.9280096509850864 0.8557511765221232 0.9732117728600865
4 0.9780388484579344 0.6388669690422242 0.97542298125 0.6014583171875 0.9489251859170654 0.6033112231452759 0.9515410531249998 0.640719875
2 0.5978280015624999 0.21905399375 0.5945581671875 0.17229317812499997 0.5602669030417173 0.17469105662150203 0.5635367374167173 0.22145187224650206
4 0.6378175718749999 0.947726971875 0.6347657260055661 0.9040835452421838 0.5957983791305661 0.9068084077421839 0.598850225 0.950451834375
4 0.8568525296875 0.8321663671874999 0.8539096781068363 0.7900816325527451 0.8274118828124999 0.7919345390625 0.8303547343931637 0.8340192736972549
2 0.8123257390624999 0.9793810062500002 0.8089469093749999 0.9310614968749998 0.7606274 0.9344403265624999 0.7640062296875 0.9827598359375003
4 0.9618200328125003 0.5413232250000001 0.9593131593750002 0.505473265625 0.9312566702656566 0.5074351665176066 0.9337635437031567 0.5432851258926067
2 0.4504601891021102 0.3515315615039539 0.4481713046183812 0.31879898963655695 0.42323220301627107 0.3205429015701031 0.42552108750000006 0.35327547343750004
4 0.8461069797190343 0.275309462950962 0.8419651890625 0.21607909687500002 0.7936456796559656 0.219457926111538 0.7977874703124999 0.27868829218749996
4 0.9618428484690341 0.22805853638846196 0.9577010578124998 0.1688281703125 0.9093815484059654 0.172206999549038 0.9135233390624997 0.231437365625
4 0.8396763046874998 0.18334652656249995 0.8355345140624998 0.12411616093749997 0.7918910874162823 0.12716800661528327 0.7960328780412824 0.18639837224028324
4 0.7863423235129912 0.33900860264207516 0.7832904781249999 0.29536517500000004 0.7521166014870087 0.29754506454542484 0.755168446875 0.3411884921874999
4 0.8570491560454687 0.7005821170925417 0.8534523374923969 0.649145221766271 0.8113676031250001 0.6520880734375 0.814964421678072 0.7035249687637707
4 0.8284804640625 0.6728198421875 0.8256466078125 0.6322938015625 0.8007075061813353 0.6340377130805491 0.8035413624313353 0.6745637537055491
4 0.9153648374999998 0.4145675046875 0.9122039984374999 0.3693653828125 0.8872648967842307 0.3711092940144409 0.8904257358467307 0.4163114158894409
2 0.454513621875 0.7678880312499999 0.4512437875 0.7211272156249999 0.4107177467827956 0.7239610721189169 0.4139875811577956 0.7707218877439169
2 0.8278927656565054 0.3956231004505506 0.82364198125 0.33483404062500005 0.7706463905934944 0.3385398526744495 0.7748971749999999 0.3993289125
2 0.5646266818129906 0.23703881089813184 0.5621198093750001 0.2011888515625 0.5340633202113741 0.203150751678832 0.5365701926493647 0.23900071101446385
4 0.8273242516044004 0.9250774818492029 0.8242724062500001 0.8814340546875001 0.7853050608955996 0.8841589165882974 0.7883569062499999 0.9278023437500001
2 0.4516576750349758 0.8166435176876774 0.448387840625 0.769882703125 0.4094204952775241 0.7726075651248225 0.41269032968749997 0.8193683796875
4 0.6127694750608611 0.9479121914953538 0.6078647233896322 0.8777709680654568 0.5595452155162711 0.881149796882603 0.5644499671875 0.9512910203124999
4 0.9842857578125 0.257815484375 0.9801439671624885 0.19858511839231974 0.9661157234374999 0.19956606874999996 0.9702575140875114 0.2587964347326802
4 0.9538299375000001 0.6734524453125001 0.9497971421875002 0.6157807734375 0.9155058780265872 0.6181786517176298 0.9195386733390871 0.6758503235926298
2 0.47633533593750005 0.7663621078124999 0.4730654999433545 0.7196012929399327 0.4403329296874999 0.721890178125 0.44360276568164536 0.7686509929975671
4 0.7136621828124998 0.10601094218750003 0.7106103374999998 0.06236751406250003 0.6763190733477253 0.06476539246616442 0.6793709186602253 0.10840882059116441
4 0.9801439671875002 0.19858511875 0.9751302203125002 0.1268852015625 0.9408389561946937 0.12928308045908019 0.9458527030696937 0.20098299764658017
4 0.7390671282292562 0.9845037468677098 0.7374322109375001 0.9611233390625001 0.6844366202082439 0.9648291515697904 0.6860715375 0.9882095593750002
4 0.3197578516463326 0.6551384668238625 0.31550706718749993 0.59434940625 0.2843331889862704 0.5965292957848665 0.28858397344510306 0.657318356358729
2 0.6634327296875001 0.866053696875 0.659944904767589 0.8161754938536605 0.6225362516425891 0.8187913626036606 0.6260240765625001 0.8686695656250001
2 0.46734510625 0.0778119609375 0.46483823279094605 0.04196200281676434 0.4414578249999999 0.04359692031249999 0.44396469845905384 0.07944687843323564
2 0.69389923125 0.5177675546875 0.688885484375 0.4460676375 0.6390072811737013 0.4495554614088779 0.6440210280487013 0.5212553785963779
4 0.17331830967837636 0.24090702486952523 0.15805907967989694 0.022689888953770977 0.0021896950015205725 0.03358933908424581 0.017448925000000004 0.25180647500000003
2 0.61736083125 0.18479550000000003 0.614417979664549 0.14271076685928616 0.5879201843749999 0.14456367343750004 0.5908630359604509 0.18664840657821388
2 0.584125287547313 0.6726773506766053 0.580746459375 0.624357840625 0.5511312765151872 0.6264287352608948 0.5545101046875001 0.6747482453125
4 0.24997710939456871 0.4188054299673455 0.24583531875000003 0.35957506406249995 0.20686797341793128 0.36229992628265445 0.2110097640625 0.4215302921875
2 0.6334165186485711 0.16800962177283194 0.6287297546798969 0.100985787391271 0.5741754703125 0.1048005953125 0.5788622342811742 0.17182442969406092
4 0.21627354375 0.6984000499999999 0.20548309061449363 0.5440893607872519 0.09793321562500001 0.5516099796875 0.10872366876050636 0.7059206689002481
4 0.6383967671875 0.48562340937500004 0.6347999484155883 0.43418651218664744 0.605184765625 0.4362574078125 0.6087815843969118 0.4876943050008526
2 0.6742367703480047 0.1917825551952423 0.6717298968749998 0.15593259687500002 0.6467907952769951 0.15767650886725776 0.6492976687499998 0.1935264671875
0 0.9841767640624999 0.256256790625 0.972514353125 0.08947655000000002 0.8711992532343971 0.09656119218944746 0.8828616641718969 0.26334143281444744
2 0.6051947218971312 0.727591389378992 0.6021428765624999 0.6839479609375001 0.5725276937278686 0.6860188559335081 0.5755795390624998 0.729662284375
2 0.559885059402286 0.28122720976520654 0.55607025148866 0.2266729255065386 0.518661598336374 0.22928879386633208 0.5224764062499999 0.283843078125
2 0.3215253046875 0.14282971718749998 0.31553060777052905 0.05710155564978703 0.28123934375 0.05949943437500001 0.28723404066697095 0.14522759591271298
4 0.6781042593750001 0.8070740921875001 0.6762513531104195 0.7805762966664879 0.6559883328125001 0.7819932250000001 0.6578412390770807 0.8084910205210125
0 0.33076847345200144 0.14061705645738062 0.32172193115577247 0.011245467402483736 0.288989360828771 0.013534351570103065 0.298035903125 0.14290594062499998
0 0.4984847593827292 0.5455291047980314 0.4879122937500001 0.39433580312500005 0.3897145812422709 0.4012024561394686 0.40028704687499994 0.5523957578124999
2 0.4705358125379811 0.9970160239806548 0.466503015625 0.9393443515625002 0.42285958810235724 0.942396197857317 0.4268923850153382 1.0000678702754715
2 0.8241306406250001 0.90180606875 0.8214057781101278 0.8628387232248173 0.7917905953125 0.8649096187499999 0.7945154578273722 0.9038769642751827
0 0.39433725624999993 0.06412138281250002 0.3908494311422213 0.014243178146194191 0.3627929421874999 0.016205079687500002 0.3662807672952786 0.06608328435380581
0 0.43714077187500006 0.25065244062500003 0.42624132181487207 0.09478305695263063 0.39195005781250003 0.09718093593750002 0.4028495078726279 0.25305031960986935
2 0.8772024546875 0.9215896578125001 0.8739326187213601 0.8748288422987637 0.8458761296588602 0.8767907438612637 0.8491459656250002 0.9235515593750001
0 0.1987802921875 0.336238109375 0.17676340462270534 0.02138195532339296 0.1190917328125 0.025414751562500004 0.14110862037729469 0.340270905614107
0 0.6768511859561139 0.6771575315161922 0.6711834717848849 0.5961054518362954 0.6135117998912709 0.6001382484451031 0.6191795140624998 0.681190328125
4 0.5404498157087044 0.4736767418220299 0.5342371296624755 0.38483119339213284 0.4578611327037711 0.390171923445103 0.46407381875000003 0.47901747187500004
0 0.2318184828125 0.20392367031249997 0.22222696718749999 0.06675861250000001 0.19728786558615338 0.0685025244444674 0.20687938121115343 0.20566758225696735
0 0.2948857453285037 0.16505463772886242 0.2925968608447747 0.1323220658614655 0.280127309266271 0.13319402188260307 0.28241619375 0.16592659375000002
2 0.4457741515625001 0.06052456406250001 0.44174135624171884 0.002852892069071622 0.40433270312499997 0.005468759374999998 0.40836549844578124 0.06314043136842838
4 0.11780298442426132 0.8133615491419691 0.09927392025303232 0.5483835975870721 0.0026349030162710063 0.5551412562576029 0.021163967187499994 0.8201192078125
0 0.343551421875 0.9730030125000001 0.3353768345924584 0.8561009749847941 0.29640948771745834 0.8588258374847939 0.30458407499999995 0.9757278749999999
0 0.164204043788501 0.8273463411755904 0.161806165625 0.7930550765625 0.13219098277399893 0.7951259713244095 0.13458886093749997 0.8294172359375
0 0.292039753125 0.5051441046875 0.2859360624852278 0.41785724978874733 0.26879042968750005 0.41905618906250003 0.2748941203272723 0.5063430439612527
0 0.347835703125 0.7878782015625002 0.3356283203125 0.6133044921875002 0.28575011865137295 0.6167923157770677 0.297957501463873 0.7913660251520678
0 0.18732446252155394 0.32920760187073556 0.18481758897532494 0.2933576425033386 0.172348038953771 0.294229598445103 0.1748549125 0.3300795578124999
0 0.19106304687499998 0.3602724828125 0.18953712337553238 0.33845076942632263 0.16927410312499996 0.3398676984375001 0.17080002662446755 0.36168941182367753
0 0.28191394843749995 0.427536396875 0.2797340590671209 0.39636252022476837 0.25947103875462096 0.3977794483497684 0.261650928125 0.428953325
0 0.23690627343750004 0.9710624749999999 0.22655179687500002 0.8229865609374999 0.19226053274835117 0.8253844397076288 0.20261500931085114 0.9734603537701287
0 0.23892376101215182 0.6639235682550704 0.22453648906250004 0.45817598125000003 0.16374742961284822 0.4624267661199298 0.1781347015625 0.6681743531250002
4 0.09681122659236568 0.3339705879270992 0.0874376999211367 0.19992291762220232 0.00015084520377101063 0.2060266093826031 0.009524371874999998 0.3400742796875
4 0.8323387249999998 0.7727942359374997 0.8272159840888837 0.6995356249107466 0.718107415338884 0.7071652389732466 0.72323015625 0.7804238499999998
0 0.2769985140624999 0.29004435624999997 0.27612655781249995 0.27757480468750007 0.26521570150148277 0.2783377663149137 0.2660876577514827 0.2908073178774136
4 0.315757100027807 0.7995192488351582 0.308890446875 0.7013215374999999 0.25745354997219305 0.7049183558523419 0.26432020312500004 0.8031160671875002
4 0.30346135938945606 0.9820716455192315 0.2861312359375 0.7342393265625 0.22378348279804391 0.7385991060432687 0.24111360624999997 0.9864314249999999
0 0.23646179375000004 0.22552739531250005 0.23460888745625824 0.19902959937446302 0.2268154171875 0.19957457187500005 0.2286683234812418 0.22607236781303705
0 0.3116167625374643 0.2923225583482637 0.3068210046875 0.2237400296875 0.28188190308753575 0.2254839416517363 0.2866776609375 0.29406647031249994
0 0.701354309375 0.6691788453124999 0.6951416234309772 0.5803332967817183 0.6390286453125001 0.5842570984375002 0.6452413312565229 0.6731026469682818
0 0.16253635625285115 0.8258966422282732 0.16079244374999999 0.8009575406249999 0.15144028124714884 0.8016115077717265 0.15318419374999998 0.8265506093749998
0 0.37410555475225205 0.49157392748849676 0.3707267249636261 0.44325441822982886 0.3566984795863741 0.4442353688663321 0.36007730937500004 0.492554878125
0 0.2784040343968709 0.4669397206252685 0.27655112812499993 0.4404419250000001 0.267198965603129 0.44109589187473164 0.26905187187499996 0.4675936875000001
0 0.3087287703125 0.13902559062500003 0.3064398859214964 0.10629302008363758 0.28617686718749996 0.10770994843750001 0.28846575157850357 0.14044251897886245