4 0.2734375000000001 0.4421875 5.415235064979703e-17 0.4421875 7.233070157464055e-17 0.7390625 0.2734375000000001 0.7390625
4 0.3664062500000001 0.7140625 0.1531250000000001 0.7140625 0.15312500000000012 1 0.3664062500000001 1
4 0.5515625000000001 0.565625 0.3296875000000001 0.565625 0.3296875000000001 0.784375 0.5515625000000002 0.784375
4 0.89140625 0.38750000000000007 0.671875 0.38750000000000007 0.671875 0.56171875 0.89140625 0.5617187500000002
4 0.7820312500000001 0.5734375 0.5328125 0.5734375 0.5328125000000001 0.85390625 0.7820312500000002 0.85390625
0 1 0.5625000000000002 0.921875 0.5625000000000002 0.921875 0.7984375000000001 1 0.7984375000000001
0 0.5453125000000002 0.8125 0.41718750000000016 0.8125 0.41718750000000016 1 0.5453125000000002 1
4 0.69453125 0.6265625 0.503125 0.6265625 0.503125 0.9921875 0.6945312500000002 0.9921875
4 0.98984375 0.34843750000000007 0.91875 0.34843750000000007 0.91875 0.45234375000000016 0.98984375 0.45234375000000016
4 0.0578125000000001 0.8 0.0234375000000001 0.8 0.023437500000000104 0.86328125 0.057812500000000114 0.86328125
2 0.08984375000000008 0.6359375 0.039062500000000076 0.6359375 0.03906250000000008 0.70078125 0.08984375000000008 0.70078125
2 0.534375 0.603125 0.4984375 0.603125 0.4984375 0.64296875 0.534375 0.64296875
2 0.10078125000000009 0.575 0.07187500000000006 0.575 0.07187500000000006 0.615625 0.10078125000000009 0.615625
4 0.7328125 0.4328125000000001 0.66875 0.4328125 0.66875 0.5523437500000001 0.7328125 0.5523437500000001
2 0.1257812500000001 0.5640625 0.09375000000000007 0.5640625 0.09375000000000007 0.60859375 0.1257812500000001 0.60859375
4 0.93984375 0.8375 0.915625 0.8375 0.915625 0.875 0.93984375 0.875
4 0.08046875000000012 0.828125 0.0484375000000001 0.828125 0.048437500000000105 0.88125 0.08046875000000012 0.88125
2 0.94765625 0.9390625 0.925 0.9390625 0.925 0.97109375 0.94765625 0.97109375
4 0.07343750000000011 0.8671875 0.03125000000000011 0.8671875 0.03125000000000011 0.94453125 0.07343750000000011 0.94453125
0 0.05078125000000009 0.678125 8.304636106717989e-17 0.678125 9.026986367152561e-17 0.79609375 0.05078125000000009 0.79609375
4 0.66328125 0.6640625 0.5765625 0.6640625 0.5765625000000001 0.8171875 0.6632812500000002 0.8171875
4 0.07109375000000012 0.9609375 0.03437500000000012 0.9609375 0.03437500000000012 0.99921875 0.07109375000000014 0.99921875
2 0.9984375 0.004687500000000112 0.83125 0.004687500000000101 0.83125 0.1250000000000001 0.9984375 0.12500000000000014
2 0.7 0.0015625000000000842 0.671875 0.0015625000000000825 0.671875 0.03906250000000008 0.7 0.03906250000000009
2 0.921875 0.0015625000000001085 0.85 0.0015625000000001042 0.85 0.06093750000000011 0.921875 0.06093750000000011
0 0.82734375 0.9359375 0.7640625000000002 0.9359375 0.7640625000000002 0.99140625 0.82734375 0.99140625
4 0.12578125 0.007812500000000009 0.0031250000000000015 0.0078125 0.0031250000000000084 0.12734375 0.12578125 0.12734375
2 0.890625 0.9390625 0.8328125 0.9390625 0.8328125 0.99765625 0.890625 0.99765625
4 0.76796875 0.4515625000000001 0.7140625 0.4515625 0.7140625 0.6484375000000001 0.76796875 0.6484375000000002
4 0.515625 0.01406250000000003 0.006250000000000003 0.0140625 0.006250000000000019 0.30234375 0.515625 0.3023437500000001
2 0.73125 0.659375 0.7 0.659375 0.7 0.6914062500000001 0.73125 0.6914062500000002
2 0.87890625 0.3687500000000001 0.8515625 0.3687500000000001 0.8515625 0.4242187500000002 0.87890625 0.4242187500000002
2 0.803125 0.0390625000000001 0.7375 0.03906250000000009 0.7375 0.08437500000000009 0.803125 0.08437500000000009
2 0.96796875 0.9421875 0.940625 0.9421875 0.940625 0.99765625 0.96796875 0.99765625
2 0.83984375 0.0468750000000001 0.7984375 0.0468750000000001 0.7984375 0.0867187500000001 0.83984375 0.08671875000000011
4 0.9671875 0.07812500000000011 0.9046875 0.07812500000000011 0.9046875 0.3000000000000001 0.9671875 0.3000000000000001
0 0.9171875 0.6687500000000002 0.8921875 0.6687500000000002 0.8921875 0.7625000000000002 0.9171875 0.7625000000000002
4 0.4203125 0.007812500000000045 0.2875 0.007812500000000036 0.2875 0.17031250000000003 0.4203125 0.17031250000000003
4 0.85859375 0.0890625000000001 0.740625 0.08906250000000009 0.740625 0.3101562500000001 0.85859375 0.3101562500000001
4 0.2875 0.010937500000000029 0.178125 0.010937500000000022 0.178125 0.17187500000000003 0.2875 0.17187500000000006
0 0.6203125 0.5390625 0.5265625 0.5390625 0.5265625 0.67109375 0.6203125 0.67109375
2 1 0.003125000000000118 0.925 0.003125000000000114 0.925 0.06875000000000012 1 0.06875000000000013
0 0.284375 0.010937500000000032 0.234375 0.010937500000000027 0.234375 0.050781250000000035 0.284375 0.05078125000000004
4 0.24140625 0.09531250000000002 0.1484375 0.09531250000000002 0.1484375 0.17109375000000002 0.24140625 0.17109375000000004
2 0.48984375 0.045312500000000054 0.4625 0.045312500000000054 0.4625 0.07656250000000006 0.48984375 0.07656250000000006
2 0.31640625 0.029687500000000033 0.290625 0.029687500000000033 0.290625 0.059375000000000046 0.31640625 0.059375000000000046
2 0.1828125 0.02187500000000002 0.15 0.021875000000000016 0.15 0.05468750000000002 0.1828125 0.05468750000000002
4 0.09375 0.031250000000000014 0.05 0.031250000000000014 0.05 0.06640625000000001 0.09375 0.06640625000000003
2 0.55546875 0.10781250000000006 0.528125 0.10781250000000005 0.528125 0.14218750000000008 0.55546875 0.14218750000000008
0 0.253125 0.00781250000000003 0.2296875 0.007812500000000028 0.2296875 0.04218750000000003 0.253125 0.04218750000000003
2 0.53828125 0.05937500000000007 0.515625 0.05937500000000007 0.515625 0.09218750000000006 0.53828125 0.09218750000000006
0 0.041406250000000026 0.19375 0.009375000000000026 0.19375 0.00937500000000003 0.26953125 0.04140625000000003 0.26953125
2 0.19296875 0.06562500000000002 0.1640625 0.06562500000000002 0.1640625 0.10156250000000003 0.19296875 0.10156250000000004
2 0.3421875 0.11718750000000004 0.3171875 0.11718750000000004 0.3171875 0.14843750000000006 0.3421875 0.14843750000000006
2 0.34921875 0.07812500000000004 0.328125 0.07812500000000004 0.328125 0.10937500000000004 0.34921875 0.10937500000000004
0 0.1859375 0.10781250000000002 0.165625 0.1078125 0.165625 0.13515625000000003 0.1859375 0.13515625000000003
2 0.25546875 0.04843750000000003 0.2265625 0.04843750000000002 0.2265625 0.08203125000000003 0.25546875 0.08203125000000003
4 0.3867187500000001 0.4421875 0.3218750000000001 0.4421875 0.3218750000000001 0.55078125 0.3867187500000001 0.55078125
0 0.9984375 1.212208980093513e-16 0.98125 1.2016846716633404e-16 0.98125 0.028125000000000122 0.9984375 0.028125000000000122
0 0.7828125 0.021875000000000092 0.7375 0.02187500000000009 0.7375 0.05546875000000009 0.7828125 0.05546875000000009
0 0.709375 0.553125 0.675 0.553125 0.675 0.6078125 0.709375 0.6078125
2 0.13984375 0.031250000000000014 0.1109375 0.031250000000000014 0.1109375 0.05625000000000002 0.13984375 0.05625000000000002