0 0.94140625 0.44062500000000016 0.8296875 0.44062500000000016 0.8296875 0.6562500000000002 0.94140625 0.6562500000000002
2 0.728125 0.018750000000000083 0.621875 0.01875000000000008 0.621875 0.1140625000000001 0.728125 0.1140625000000001
2 0.634375 0.1312500000000001 0.546875 0.1312500000000001 0.546875 0.2273437500000001 0.634375 0.2273437500000001
4 0.484375 2.9659414666849956e-17 0 0 1.793916209688506e-17 0.29296875000000006 0.484375 0.2929687500000001
0 0.50546875 5.534829478958936e-17 0.3984375 4.8794520903527353e-17 0.3984375 0.11562500000000005 0.50546875 0.11562500000000005
1 0.2695312500000001 0.390625 0.15000000000000005 0.390625 0.15000000000000008 0.5625 0.2695312500000001 0.5625
4 1 0.4250000000000001 0.4640625 0.425 0.4640625000000001 0.99921875 1 0.99921875
4 0.35625000000000007 0.6484375 0.12656250000000008 0.6484375 0.1265625000000001 0.99921875 0.35625000000000007 0.99921875
4 0.1218750000000001 0.43125 5.281289321322961e-17 0.43125 8.763878656398247e-17 1 0.12187500000000014 1
4 0.1765625 1.0811335023722729e-17 0 0 1.1289712679639661e-17 0.184375 0.17656250000000004 0.184375
4 0.928125 0.0859375000000001 0.7578125 0.08593750000000008 0.7578125 0.4593750000000002 0.928125 0.4593750000000002
2 1 0.07500000000000012 0.9375 0.07500000000000011 0.9375 0.6640625000000002 1 0.6640625000000002
4 0.5476562500000001 0.45625 0.3062500000000001 0.45625 0.3062500000000001 0.98125 0.5476562500000002 0.98125
4 0.5390625 0.45625 0.4203125 0.45625 0.4203125 0.65859375 0.5390625 0.65859375
4 0.10937500000000004 0.3015625 0.010937500000000036 0.3015625 0.010937500000000048 0.47734375 0.10937500000000004 0.47734375
2 0.834375 9.156148334250133e-17 0.6609375 8.094149938114538e-17 0.6609375 0.0515625000000001 0.834375 0.05156250000000011
2 0.740625 0.22031250000000008 0.690625 0.22031250000000008 0.690625 0.2828125000000001 0.740625 0.2828125000000001
4 0.17890625000000007 0.459375 0.09687500000000007 0.459375 0.09687500000000007 0.61015625 0.1789062500000001 0.61015625
2 0.746875 0.06406250000000008 0.6296875 0.06406250000000006 0.6296875 0.18125000000000008 0.746875 0.18125000000000008
0 0.28671875 0.007812500000000031 0.2046875 0.007812500000000024 0.2046875 0.13906250000000003 0.28671875 0.13906250000000003
4 1 0.0015625000000001193 0.9546875 0.0015625000000001165 0.9546875 0.053125000000000124 1 0.05312500000000013
0 0.10156250000000003 0.09531250000000001 0.006250000000000011 0.0953125 0.006250000000000021 0.24609375 0.10156250000000004 0.24609375
2 0.18906250000000008 0.678125 0.1546875000000001 0.678125 0.1546875000000001 0.74296875 0.18906250000000008 0.74296875
0 0.04921875 3.874859012927172e-18 0.0140625 1.7221595613009655e-18 0.014062500000000002 0.04062500000000001 0.04921875 0.04062500000000001
0 0.11796875 0.0015625000000000122 0.078125 0.0015625000000000096 0.078125 0.04609375000000001 0.11796875 0.04609375000000001
2 0.20703125000000008 0.725 0.1750000000000001 0.725 0.1750000000000001 0.7890625 0.20703125000000008 0.7890625
0 0.24296875 2.6645635434573272e-17 0.1921875 2.3536180671113197e-17 0.1921875 0.06718750000000002 0.24296875 0.06718750000000002
2 0.8 0.07656250000000009 0.7328125 0.07656250000000009 0.7328125 0.10937500000000008 0.8 0.10937500000000008
1 0.45546875 0.27031250000000007 0.16875000000000004 0.2703125 0.16875000000000004 0.5203125 0.45546875 0.5203125
2 0.055468750000000025 0.13125 0.023437500000000017 0.13125 0.02343750000000002 0.1859375 0.055468750000000025 0.1859375
0 0.58359375 0.03593750000000007 0.5703125 0.03593750000000007 0.5703125 0.05859375000000007 0.58359375 0.05859375000000007
2 0.99921875 0.12812500000000013 0.9453125 0.12812500000000013 0.9453125 0.2539062500000001 0.99921875 0.2539062500000001
2 0.559375 0.0015625000000000662 0.51875 0.0015625000000000638 0.51875 0.05156250000000007 0.559375 0.05156250000000007
0 0.378125 0.07656250000000005 0.33125 0.07656250000000005 0.33125 0.12968750000000004 0.378125 0.12968750000000004
0 0.024218750000000018 0.15 0.006250000000000019 0.15 0.006250000000000021 0.1921875 0.02421875000000002 0.1921875
2 0.97734375 0.04531250000000012 0.9484375 0.04531250000000011 0.9484375 0.06640625000000011 0.97734375 0.06640625000000011
0 0.090625 0.04843750000000001 0.0609375 0.04843750000000001 0.0609375 0.0765625 0.090625 0.0765625
2 0.86171875 0.0578125000000001 0.8125 0.057812500000000086 0.8125 0.0890625000000001 0.86171875 0.08906250000000011
0 0.04843750000000001 0.09375 0.02343750000000001 0.09375 0.023437500000000014 0.13125 0.04843750000000001 0.13125
0 0.70859375 0.020312500000000087 0.6859375 0.020312500000000084 0.6859375 0.05156250000000009 0.70859375 0.05156250000000009
2 0.99609375 0.0515625000000001 0.7984375 0.05156250000000009 0.7984375 0.1437500000000001 0.99609375 0.14375000000000013
2 0.2054687500000001 0.3703125 0.15312500000000004 0.3703125 0.15312500000000004 0.4484375 0.2054687500000001 0.4484375
0 0.8203125 0.10781250000000009 0.7921875 0.10781250000000009 0.7921875 0.1390625000000001 0.8203125 0.1390625000000001
0 0.3765625 0.0015625000000000448 0.3578125 0.0015625000000000437 0.3578125 0.03125000000000004 0.3765625 0.03125000000000004
2 0.17031250000000003 0.43125 0.15156250000000004 0.43125 0.15156250000000004 0.48125 0.17031250000000003 0.48125
0 0.73984375 0.03750000000000009 0.715625 0.03750000000000009 0.715625 0.06406250000000009 0.73984375 0.06406250000000009
4 0.17578125000000006 0.34375 0.13750000000000004 0.34375 0.13750000000000004 0.409375 0.17578125000000006 0.409375
2 0.69375 0.025000000000000088 0.684375 0.025000000000000088 0.684375 0.04375000000000009 0.69375 0.04375000000000009
0 0.446875 0.01875000000000005 0.428125 0.01875000000000005 0.428125 0.05234375000000004 0.446875 0.05234375000000004
2 0.621875 0.02968750000000008 0.596875 0.02968750000000008 0.596875 0.05312500000000007 0.621875 0.05312500000000007
0 0.21171875 0.03906250000000002 0.1984375 0.03906250000000002 0.1984375 0.06562500000000002 0.21171875 0.06562500000000002