4 1.0055905594207402 0.5269867322797444 0.9470777688613776 -0.0297252817896544 0.6642606046874999 1.1102230246251566e-17 0.7227733952468622 0.5567120140693989
0 0.7706470515625 0.36943191406250003 0.7296552477406746 -0.020579041462032332 0.5338587493978026 6.329348156697279e-11 0.5748505532196281 0.39001095558782584
4 1.026948744291915 0.9473695947280973 1 0.6909694187500002 0.7677301983469722 0.7153819585136857 0.7946789426388873 0.9717821344917829
4 0.3057480578124999 0.58011875625 0.2892521603737116 0.42317076864503117 0.1944617916237116 0.4331336373950312 0.2109576890625 0.590081625
4 0.3517641329730197 0.7638150749647433 0.3357582124810165 0.6115289091943845 0.22076661718749996 0.6236150125 0.23677253767950318 0.7759011782703589
4 0.89704329375 0.6452307640625 0.8772808812263568 0.45720396852505063 0.7327644171874999 0.4723932609375 0.7525268297111432 0.6604200564749494
4 0.6103110046874999 0.6078099546875001 0.5936517810924227 0.4493080279773367 0.3450213060924227 0.47544014360233666 0.3616805296875 0.6339420703125
2 0.051149156264683436 0.5943093251397035 0.025670343750000008 0.3518946125 -0.017839989077183416 0.3564677326727964 0.007638823437500009 0.5988824453125
4 0.9908912445590861 0.3871320905399615 0.9478330827341411 -0.02253895015598948 0.7333892984374999 0 0.7764474602624449 0.40967104069595106
4 1.0059172109501102 0.5300946133166689 0.9804383983601044 0.2876799008261289 0.817274649909994 0.30482910157196 0.8427534624999999 0.5472438140625001
4 0.464856815625 0.34501192187499996 0.4308850656182507 0.02179230618578522 0.33298681718749995 0.032081826562500006 0.36695856719424913 0.3553014422517148
4 0.7604922531460497 0.9753753002002739 0.74987608125 0.8743691703124998 0.7032578671664504 0.8792689419872259 0.7138740390625001 0.980275071875
4 0.45898133281250003 0.78239711875 0.44330206339463907 0.6332188342809697 0.21176493370713895 0.6575543670934697 0.227444203125 0.8067326515625
4 0.15970580781249996 0.41636225312499997 0.14957961317945728 0.3200179436785861 0.03458801875 0.332104046875 0.04471421338304267 0.4284483563214138
4 0.7713280578124999 0.7197171281249999 0.7641417265683654 0.6513437482726581 0.7097538093579276 0.657060148275069 0.7169401406020621 0.7254335281274108
4 0.40045910940596763 0.5544531565446363 0.39441605781250005 0.4969573593750001 0.34779784371903244 0.5018571309553638 0.35384089531249996 0.559352928125
4 0.20929158750000001 0.7835028625 0.19442894686588225 0.6420942796007503 0.056128245312500005 0.6566302687500001 0.07099088594661776 0.7980388516492499
4 0.8987929546874998 0.9608393109375 0.8818070796547952 0.7992295028138356 0.7870167109374999 0.8091923718749999 0.8040025859702047 0.9708021799986642
4 0.43790337984568045 0.11846326712998671 0.4310436999957495 0.053197767147058886 0.3797636639000689 0.058587515642072166 0.3866233437499999 0.12385301562499999
1 0.012594901562500002 0.2872824171875 0.007205153125000011 0.23600238125000006 -0.005389748353737895 0.2373261586094432 8.376209725824424e-11 0.28860619454694314
4 0.6390520890625001 0.387976421875 0.612919973394746 0.1393459480307225 0.5010362609374999 0.15110540000000006 0.527168376605254 0.3997358738442775
4 0.753562640625 0.8347040312499999 0.7444164000000001 0.7476833640625 0.6496260311303281 0.7576462332363997 0.6587722717553282 0.8446669004238997
4 0.40088384687499995 0.45385768750000005 0.38847109264962687 0.33575821228720315 0.24240068748292778 0.351110829525069 0.25481344170830084 0.46921030473786585
4 0.4685804625647845 0.5897131943663838 0.4244825170898535 0.17014926938345584 0.3654327795250689 0.17635564689207223 0.40953072499999993 0.5959195718750001
1 0.28104409374999995 0.09095885468750001 0.2736944359374999 0.021031532812500003 0.222414401446831 0.02642128171198359 0.22976405925933102 0.09634860358698358
4 0.32003716270242294 0.2078357327912245 0.3089310140625 0.10216778125 0.16286061073507702 0.11752039845877552 0.173966759375 0.22318834999999995
1 0.5637303281897357 0.3738975646784173 0.5500109671875001 0.24336656562499998 0.48785334837276445 0.24989959469658266 0.501572709375 0.38043059374999993
4 0.28314341735231124 0.7835962562555748 0.2708939890625 0.6670507203125 0.2056284889147609 0.6739104001568561 0.21787791720457217 0.7904559360999309
2 0.0284328046875 0.4678661609375 0.022389753689439733 0.4103703640031749 -0.006043050998060268 0.4133587718156749 0 0.47085456875
1 0.1111746063625612 0.10409953700844854 0.10431492649555804 0.03883403686308971 0.0654664140625 0.042917179687499994 0.07232609392950316 0.10818267983285881
1 0.16229131569923788 0.09715584758132642 0.15559496084930688 0.03344428822339863 0.113638568587569 0.037854082829572186 0.1203349234375 0.10156564218749997
4 0.12039547187499999 0.23667445312500002 0.10830936888848067 0.1216828593604451 -0.012086102986519322 0.13433693279794506 0 0.24932852656249999
1 0.4261153249999999 0.7088672484374999 0.4213788780132644 0.6638029739369078 0.3965158297045722 0.6664161860999309 0.4012522766913077 0.7114804606005232
4 0.6377309563011695 0.9882780332993455 0.6259715045762386 0.8763943192539176 0.559152065462569 0.8834173250170722 0.5709115171875 0.9953010390625
1 0.6983393265625 0.952056809375 0.6913163203043553 0.8852373702350077 0.6478059875000001 0.889810490625 0.6548289937581447 0.9566299297649923
1 0.20907285625 0.09381001562499999 0.20221317482536283 0.02854451552593893 0.17268830608756897 0.03164770470457219 0.17954798751220608 0.09691320480363326
2 0.5269632703125 0.14366704218749998 0.51798035625 0.05820031562500001 0.4791318451967187 0.06228345827341429 0.48811475925921866 0.14775018483591426
1 0.0585039563267518 0.11120655229274456 0.0514809499143208 0.04438711168481674 0.006416676400068995 0.04912355782957219 0.013439682812500003 0.11594299843750003
1 0.01311303125 0.11283511718749999 0.006416676562500005 0.0491235578125 -0.006696354610709343 0.05050179291811428 7.679065300303378e-11 0.11421335229311429
1 0.8117722890625002 0.9699855515625 0.8063825394979187 0.918705515743461 0.7737497894979186 0.9221353563684611 0.7791395390625001 0.9734153921875001
1 0.3449095953125 0.14551947968750004 0.3377232625 0.07714610000000002 0.3019826312567845 0.08090259225205024 0.3091689640692845 0.14927597193955025
1 0.2531989546953452 0.334264818824642 0.24731922812499998 0.27832296250000005 0.21468647811715477 0.2817528030503581 0.22056620468750002 0.33769465937500004
2 0.3455253598086678 0.3905474046419198 0.34029893748292783 0.3408213092125691 0.29834254375 0.34523110312500005 0.30356896607574 0.3949571985543507
1 0.2015317203125 0.20143787656250006 0.1927121296875 0.11752509062500001 0.16163332041224218 0.12079160563648328 0.1704529110372422 0.20470439157398332
2 0.26995157187499996 0.4189149156250001 0.2643984973628621 0.36608094057372365 0.2006869375 0.37277729531250003 0.20624001201213785 0.4256112703637764
4 0.23393590312499998 0.0911968046875 0.22707622343749997 0.0259313046875 0.19910529362296783 0.028871167541369723 0.2059649733104678 0.09413666754136972
4 0.49302391603143647 0.13466535776978178 0.48306104687499996 0.03987498906249999 0.4426585936046411 0.0441214579920032 0.4526214627610776 0.13891182669928498
1 0.5460770734711233 0.29562655500740453 0.5413406265625 0.25056228124999996 0.5164775780913767 0.2531754934300953 0.521214025 0.29823976718749995
1 0.24381476406250005 0.20013596250000001 0.23532182656250003 0.1193310578125 0.20735089677502358 0.12227092092378804 0.2158438342750236 0.20307582561128804
1 0.493117309375 0.060813528125000016 0.48723758281249996 0.004871670312500009 0.44838907044476983 0.008954813758463914 0.45426879700726985 0.06489667157096393
2 0.21351928750000004 0.9433113953125002 0.20028990392966603 0.8174422171029262 0.05888132187499999 0.8323048578125001 0.072110705445334 0.9581740360220741
2 0.3816301796875 0.15108663125 0.37624043123861856 0.09980659676671269 0.34205374062499994 0.1033997625 0.3474434890738814 0.15467979698328732
2 0.5225107977878182 0.893552904591559 0.5132012312499998 0.8049782984375001 0.3034192678371817 0.8270272719709411 0.312728834375 0.9156018781249999
1 0.19355177031249998 0.49921576718750005 0.1904485818562731 0.4696908983737781 0.156261890625 0.47328406406249995 0.1593650790812269 0.502808932876222
0 0.7200625485571892 0.112373743326267 0.713529520252686 0.05021612443090816 0.6746810078125 0.0542992671875 0.6812140361170032 0.11645688608285884
0 0.6119494032724524 0.07031926560950214 0.6062330031079278 0.015931348275069025 0.5720463125 0.019524514062499998 0.5777627126645246 0.07391243139693311
0 0.6857125328125 0.11441296875 0.6795061545470961 0.05536322991414551 0.6468734047045722 0.05879307047493101 0.6530797829699762 0.1178428093107855
2 0.16197359846571283 0.5575234999970348 0.1534806609375 0.4767185953125 0.055582412337568984 0.4870081156420721 0.0640753498657818 0.5678130203266069
0 0.48342342343750005 0.9999999999999998 0.46919153593750007 0.8645926374999998 0.21900712173157788 0.8908880794279238 0.23323900923157784 1.0262954419279238
1 0.18453645950712214 0.09953110906955771 0.17735012809469114 0.03115772783662989 0.149379199837569 0.03409759064207219 0.15656553125 0.10247097187500001
1 0.1088641360900708 0.7547805452964642 0.10347438750000001 0.7035005093750001 0.06617981546256903 0.7074203265795723 0.0715695640526398 0.7587003625010365
0 0.6078521843750001 0.12102531406249999 0.6014824812296259 0.060421635743652766 0.564187909375 0.06434145312500002 0.5705576125203742 0.12494513144384725
2 0.41092179062499995 0.07102373124999999 0.4065119960281297 0.029067338987284298 0.33658467415312976 0.03641699679978429 0.34099446875 0.07837338906249998
1 0.8459031234375001 0.8014320546875 0.8274473155910194 0.6258367824891953 0.7901527437670721 0.629756600162431 0.8086085516135528 0.8053518723607356
0 0.6426128609374999 0.10794517968749999 0.6378764140371522 0.06288090600883221 0.6052436640625001 0.066310746875 0.6099801109628478 0.11137502055366777
0 0.6488985547556639 0.18269764752353684 0.6431821546875 0.12830973124999998 0.6074415233693359 0.13206622278896313 0.6131579234374999 0.1864541390625
2 0.8980744110742851 0.8493662591139224 0.8895814734118541 0.7685613544434947 0.875596009212569 0.7700312859545723 0.884088946875 0.850836190625