4 0.9781820671875001 0.8294713703125002 0.8316648469508385 0.8192258879779605 0.820656403125 0.9766539656250002 0.9671736233616617 0.9868994479595397
4 0.6861178953125 0.8623029796875002 0.3868486796875001 0.8413760375000001 0.37627621411412016 0.9925693389875752 0.6755454297391201 1.0134962811750754
4 0.3134703939644076 0.9051628093899928 0.031346810937500115 0.8854348062499999 0.02557010291059253 0.9680455781100072 0.3076936859375 0.9877735812500001
4 1.0336602621130395 0.03609621263756583 0.4974695845161414 -0.0013978921412584444 0.4373046258383386 0.8590010999493618 0.9734953034352365 0.8964952047281862
4 0.4034044359375001 0.4478222312500001 0.30364802941261276 0.44084658435577817 0.29111366405489697 0.6200963751087291 0.3908700705797843 0.627072022002951
4 0.5315428609390416 0.004117373415456438 0.3289126621621793 -0.010051910825773901 0.30417091206286867 0.34377158903193283 0.5068011108397309 0.35794087327316315
2 0.14474889069411567 0.5628720880741008 0.004466446347764275 0.553062584338132 -0.008721886533851336 0.7416645384515311 0.13156055781250006 0.7514740421874999
2 0.26332857189362036 0.2782629950462176 0.085637475 0.2658376234375 0.060241759356379744 0.6290132862037823 0.23793285625000005 0.6414386578125
2 0.5048712547336711 0.18394490715222442 0.24924546718750004 0.1660698109375 0.21883600464132905 0.6009453897227758 0.4744617921875001 0.6188204859375002
2 0.24390401093750005 0.018462645312500033 0.08179985319704433 0.007127217719718153 0.06948347499999996 0.18325962187499997 0.23158763274045566 0.19459504946778186
2 0.23558765937500006 0.11499266875000005 0.10933345789299391 0.10616411447388359 0.09472819539299389 0.31502908791138357 0.22098239687500004 0.3238576421875