4 1 0.04687500000000011 0.853125 0.0468750000000001 0.853125 0.20468750000000008 1 0.20468750000000008
4 0.7109375 6.869503138967185e-17 0.4109375 5.032532940246154e-17 0.4109375 0.15156250000000007 0.7109375 0.1515625000000001
4 0.3421875 2.458861151413045e-17 0.059375 7.271340369937409e-18 0.059375 0.08281250000000002 0.3421875 0.08281250000000004
4 1 0.1375000000000001 0.4625 0.13750000000000004 0.4625000000000001 1 1 1
4 0.4 0.36562500000000003 0.3000000000000001 0.365625 0.3000000000000001 0.5453125 0.4 0.5453125
4 0.49687500000000007 0.6421875 0.29375000000000007 0.6421875 0.29375000000000007 0.996875 0.4968750000000002 0.996875
2 0.15000000000000005 0.2234375 0.009375000000000027 0.2234375 0.00937500000000004 0.4125 0.15000000000000005 0.4125
2 0.24843750000000003 0.340625 0.07031250000000004 0.340625 0.07031250000000007 0.7046875 0.2484375000000001 0.7046875
2 0.4828125000000001 0.37968750000000007 0.22656250000000008 0.3796875 0.22656250000000008 0.815625 0.4828125000000002 0.815625
2 0.21093750000000008 0.7859375 0.0484375000000001 0.7859375 0.04843750000000011 0.9625 0.21093750000000008 0.9625
2 0.2093750000000001 0.65625 0.0828125000000001 0.65625 0.0828125000000001 0.865625 0.2093750000000001 0.865625