4 0.7077750281250001 0.46980780000000005 0.677801543741982 0.04116699676033768 0.4798474265624999 0.055009296875 0.509820910945518 0.4836501001146624
4 0.8357061453357328 0.9777460893947456 0.8094384733798243 0.6021008757377004 0.05970674203056707 0.6545272250109738 0.08597441398647561 1.0301724386680189
4 0.5625650163893005 0.7227407702590549 0.5344444375 0.32059776249999994 0.00916461642319962 0.357328906303445 0.0372851953125 0.7594719140624999
4 0.8887017359374999 0.9740402765624999 0.8740964749855081 0.765175302917756 0.7244618671875 0.7756387734374999 0.7390671281394919 0.9845037470822439
4 0.7753423828125001 0.9208808312500001 0.7528895171875001 0.5997899015625 0.4972637296838537 0.6176649983853537 0.5197165953088536 0.9387559280728537
0 1.0149673431863524 0.8085793782997841 0.9995991203125001 0.5888035484375 0.8515232062405802 0.5991580248652886 0.8668914291144325 0.8189338547275726
4 0.8777908796874998 0.9748032375 0.8729951218637328 0.906220709213877 0.8106473687499998 0.9105804890625002 0.8154431265737667 0.9791630173486231
0 0.511279840625 0.9972995546875001 0.5079010110996507 0.9489800451809908 0.36138379062500003 0.9592255281250003 0.3647626201503492 1.0075450376315096
0 0.6798367642345201 0.9886455373787106 0.6718801656173969 0.8748608873912712 0.5549781279453769 0.8830354750125604 0.5629347265625 0.9968201249999998
0 0.9368253453509301 0.8782625333620743 0.9291957312499999 0.7691539640624999 0.8543784265240699 0.7743856994504257 0.8620080406249999 0.88349426875
4 0.9041384062500001 0.25402204062499995 0.8984706921445115 0.17296996032273515 0.8485924890624998 0.17645778437499998 0.8542602031679885 0.25750986467726483
0 0.8940019187500001 0.1090635140625 0.888116215625 0.024894046874999985 0.8335619312343144 0.028708854463185475 0.8394476343593146 0.1128783216506855
0 0.053198390625 0.9870412125 0.04393385936685965 0.8545522373835877 0.023670840625000005 0.8559691656250001 0.03293537188314036 0.9884581407414125
0 0.7343910476850672 0.9848307296308544 0.7321021625 0.952098159375 0.6853413476274328 0.9553679953691454 0.6876302328125001 0.9881005656249998
0 0.08464511718951506 0.8767664765913168 0.082465228125 0.8455925999999998 0.06531959531048494 0.8467915390336831 0.067499484375 0.8779654156250001
0 0.8741306976239805 0.29527827026012626 0.871950807804897 0.2641043936412711 0.8454530124999999 0.26595730000000006 0.8476329023190836 0.29713117661885524
0 0.6502215800250913 0.9907164327888935 0.6465157671874999 0.9377208421875001 0.5810506262249087 0.9422986109611067 0.5847564390625 0.9952942015625001
0 0.4550813171875 1 0.4535319453125 0.9778429484375002 0.37247986556204266 0.9835106615996683 0.37402923743704264 1.005667713162168
0 0.19441833442497813 0.9458398429022201 0.1915844765113522 0.9053138023935523 0.17443884364887405 0.9065127423038322 0.17727270156250002 0.9470387828125
0 0.10300037031777383 0.9600639875754192 0.09787762968750002 0.8868053765625001 0.07137983436972616 0.8886582827370807 0.07650257499999996 0.9619168937499998
0 0.06820139687500001 1.0000000000000002 0.06515574060573384 0.9564450794119809 0.030864475949726227 0.9588429578553492 0.0339101322189924 1.0023978784433685
0 0.9266910359375 0.06135452031250001 0.9222101700915374 -0.002724861683898183 0.8832428234374999 0 0.8877236892834626 0.06407938199639819
4 0.6163791546875 0.3947504171875 0.5882585753296777 -0.007392590591376152 -0.027425487170322217 0.03566023440862393 0.0006950921875000015 0.4378032421875001
4 0.5830887515625001 0.9938445015624999 0.5800369046306917 0.9502010741876029 0.5504217218749999 0.9522719703125 0.5534735688068083 0.9959153976873971
4 1.0070846401522453 0.9657621375761017 1 0.8644470374999997 0.9283779092708789 0.8694553406984978 0.9354625494231241 0.9707704407745998
4 0.8092083500000001 0.9795989953124999 0.8055025374711515 0.9266034042749481 0.7680938859375 0.929219271875 0.7717996984663484 0.9822148629125518
4 0.7158505765832988 0.876485123734936 0.7106188405370699 0.8016678190550388 0.6560645561412712 0.8054826265701032 0.6612962921875001 0.8802999312500003
4 0.9681951218749998 0.9684815562500002 0.9666691984048811 0.946659842189781 0.935495321842381 0.9488397328147811 0.9370212453124998 0.9706614468750002
4 0.4349387921982399 0.3087600892160888 0.4323229249999999 0.2713514375 0.40894251717675995 0.2729863545339112 0.411558384375 0.31039500625
4 0.862729003125 0.40101869062500006 0.8601131343826033 0.3636100376087291 0.8414088078201034 0.36491797198372905 0.8440246765625001 0.402326625
4 0.9324883812896113 0.5026500911914682 0.9268206671259854 0.4215980116203003 0.8504446686488741 0.4269387423038321 0.8561123828125 0.507990821875