4 0.17038650156250018 0.8458184703124999 2.1405466288371143e-11 0.833903885631389 -0.009210034353594531 0.9656135153188888 0.16117646718750017 0.9775280999999998
4 0.6159004500000002 0.8808876296874999 0.3322181730385301 0.861050632784601 0.3232806249982122 0.9888635265880682 0.6069629019596823 1.008700523490967
4 0.971642396875 0.922993 0.7019883640625 0.904136953125 0.6952849668015981 0.9999999999730151 0.964938999614098 1.0188560468480152
4 0.5020707812500003 7.771561172376095e-17 0.036021325747852585 -0.03258935238133227 -0.02461371956464764 0.834532200743668 0.44143573593749996 0.8671215531250003
4 0.6975833171875001 0.45194691093750006 0.62120731875 0.44660618125000007 0.6092724229963945 0.6172831547659157 0.6856484214338946 0.6226238844534157
4 0.6735474906473728 0.011697830930055369 0.5161194140625001 0.0006893875000000604 0.49263110154012724 0.3365879081324448 0.650059178125 0.3475963515625001
2 0.9963841469253797 0.5691695008420367 0.879482109375 0.5609949140625001 0.8672747264537712 0.735568623429897 0.9841767640041507 0.7437432102094336
2 0.9159742640624999 0.2855256984375001 0.7850439812362117 0.2763701611346834 0.7606837124862118 0.6247382330096833 0.8916139953125001 0.6338937703125
2 0.753248546875 0.19348156250000006 0.5521770417902482 0.1794212734097215 0.523402496867397 0.5909164438587291 0.7244740019521488 0.6049767329490077
2 0.9198756124999999 0.02813961406250009 0.7780344734375001 0.0182211156250001 0.7670260301744108 0.17564919222154826 0.9088671692369106 0.18556769065904827
2 0.8923480734822158 0.11941047123553239 0.791812321875 0.1123803265625001 0.7780245187052841 0.30955509595196784 0.8785602703125001 0.3165852406250001