0 0.946875 0.4750000000000002 0.8125 0.4750000000000002 0.8125 0.7015625000000002 0.946875 0.7015625000000002
2 0.7765625 0.03281250000000009 0.6609375 0.03281250000000008 0.6609375 0.1390625000000001 0.7765625 0.1390625000000001
2 0.671875 0.1375000000000001 0.575 0.1375000000000001 0.575 0.24218750000000008 0.671875 0.24218750000000008
4 0.5359375 3.425184016365253e-17 0.0234375 2.8702659355016093e-18 0.023437500000000017 0.29218750000000004 0.5359375 0.2921875000000001
0 0.5578125 6.104098889500089e-17 0.4390625 5.376964852506348e-17 0.4390625 0.11875000000000006 0.5578125 0.11875000000000009
1 0.2828125 0.3546875 0.14531250000000004 0.3546875 0.14531250000000004 0.5375 0.2828125000000001 0.5375
4 1 0.4218750000000001 0.4109375 0.421875 0.41093750000000007 1 1 1
4 0.3421875000000001 0.609375 0.07656250000000006 0.609375 0.07656250000000009 0.9828125 0.3421875000000001 0.9828125
4 0.1312500000000001 0.3796875 4.649830815512607e-17 0.3796875 8.189825469297925e-17 0.9578125 0.13125000000000014 0.9578125
4 0.2296875 1.6169164769992398e-17 0.034375 4.2097233720690266e-18 0.03437500000000001 0.15156250000000002 0.2296875 0.15156250000000004
4 0.96875 0.11406250000000011 0.7609375 0.1140625000000001 0.7609375 0.5031250000000002 0.96875 0.5031250000000002
2 1 0.12187500000000014 0.9171875 0.12187500000000014 0.9171875 0.7140625000000002 1 0.7140625000000002
4 0.5515625000000001 0.4359375 0.2562500000000001 0.4359375 0.2562500000000001 0.9828125 0.5515625000000002 0.9828125
4 0.54375 0.4484375 0.4046875 0.4484375 0.4046875 0.6625 0.54375 0.6625
4 0.13125000000000003 0.253125 0.015625000000000035 0.253125 0.015625000000000045 0.4375 0.13125000000000003 0.4375
2 0.8859375 0.0203125000000001 0.7078125 0.020312500000000087 0.7078125 0.0890625000000001 0.8859375 0.08906250000000011
2 0.76875 0.24218750000000008 0.7125 0.24218750000000008 0.7125 0.30937500000000007 0.76875 0.30937500000000007
4 0.18593750000000006 0.41875 0.08906250000000004 0.41875 0.08906250000000006 0.5765625 0.1859375000000001 0.5765625
2 0.790625 0.08125000000000009 0.6625 0.08125000000000009 0.6625 0.2093750000000001 0.790625 0.2093750000000001
0 0.3390625 3.568697313140334e-17 0.24375 2.985076572921674e-17 0.24375 0.11718750000000004 0.3390625 0.11718750000000004
0 0.1453125 0.046875000000000014 0.03437500000000001 0.046875 0.03437500000000002 0.20625 0.14531250000000004 0.20625
2 0.17187500000000008 0.6421875 0.1312500000000001 0.6421875 0.1312500000000001 0.7109375 0.17187500000000008 0.7109375
2 0.1859375000000001 0.690625 0.1468750000000001 0.690625 0.1468750000000001 0.7578125 0.1859375000000001 0.7578125
0 0.2953125 3.262535613353495e-17 0.2375 2.9085361479749636e-17 0.2375 0.04218750000000003 0.2953125 0.04218750000000003
2 0.8421875 0.10312500000000009 0.771875 0.10312500000000009 0.771875 0.14218750000000008 0.8421875 0.14218750000000008
1 0.4796875 0.23750000000000004 0.16875000000000004 0.2375 0.16875000000000004 0.515625 0.4796875 0.515625
2 0.09687500000000002 0.084375 0.059375 0.084375 0.05937500000000001 0.1421875 0.09687500000000002 0.1421875
0 0.63125 0.045312500000000075 0.615625 0.045312500000000075 0.615625 0.06875000000000006 0.63125 0.06875000000000006
2 1 0.17500000000000013 0.96875 0.17500000000000013 0.96875 0.3062500000000001 1 0.3062500000000001
2 0.6109375 0.006250000000000072 0.565625 0.00625000000000007 0.565625 0.06093750000000007 0.6109375 0.06093750000000007
0 0.4234375 0.06093750000000005 0.371875 0.06093750000000005 0.371875 0.11875000000000005 0.4234375 0.11875000000000005
0 0.06406250000000002 0.1 0.04218750000000001 0.1 0.04218750000000002 0.14375 0.06406250000000002 0.14375
2 1 0.09375000000000012 0.990625 0.09375000000000011 0.990625 0.11718750000000014 1 0.11718750000000014
0 0.140625 0.0046875000000000154 0.1078125 0.004687500000000014 0.1078125 0.03593750000000002 0.140625 0.035937500000000025
2 0.90625 0.09218750000000012 0.8546875 0.09218750000000012 0.8546875 0.1281250000000001 0.90625 0.1281250000000001
0 0.0921875 0.04531250000000001 0.0640625 0.04531250000000001 0.0640625 0.08593750000000001 0.0921875 0.08593750000000003
0 0.759375 0.04375000000000009 0.7328125 0.04375000000000009 0.7328125 0.07656250000000009 0.759375 0.07656250000000009
2 1 0.08437500000000012 0.8328125 0.08437500000000012 0.8328125 0.1968750000000001 1 0.19687500000000013
2 0.22187500000000004 0.334375 0.16093750000000004 0.334375 0.16093750000000004 0.4171875 0.2218750000000001 0.4171875
0 0.859375 0.14062500000000008 0.828125 0.14062500000000008 0.828125 0.1750000000000001 0.859375 0.1750000000000001
0 0.428125 5.109073365192864e-17 0.40625 4.975127621536122e-17 0.40625 0.02031250000000005 0.428125 0.02031250000000005
2 0.17968750000000006 0.3953125 0.15625000000000006 0.3953125 0.15625000000000006 0.446875 0.17968750000000006 0.446875
0 0.7875 0.06250000000000008 0.7609375 0.06250000000000008 0.7609375 0.09218750000000009 0.7875 0.09218750000000009
4 0.19375000000000003 0.3078125 0.14843750000000006 0.3078125 0.14843750000000006 0.3765625 0.19375000000000003 0.3765625
2 0.7421875 0.04687500000000009 0.73125 0.04687500000000009 0.73125 0.0671875000000001 0.7421875 0.0671875000000001
0 0.4984375 0.014062500000000061 0.4765625 0.014062500000000061 0.4765625 0.050000000000000065 0.4984375 0.050000000000000065
2 0.6703125 0.04218750000000008 0.64375 0.04218750000000008 0.64375 0.06875000000000009 0.6703125 0.06875000000000009
0 0.2609375 0.010937500000000032 0.2453125 0.01093750000000003 0.2453125 0.039062500000000035 0.2609375 0.039062500000000035