0 0.39687500000000003 0.26562500000000006 0.2953125 0.265625 0.29531250000000003 0.4625 0.3968750000000001 0.4625
0 0.4218750000000001 0.7109375 0.2218750000000001 0.7109375 0.2218750000000001 0.90703125 0.42187500000000017 0.90703125
0 0.7921875 0.7031250000000001 0.6140625 0.703125 0.6140625000000001 1 0.7921875000000002 1
4 1 9.720633968232116e-17 0.5875 7.1947999449907e-17 0.5875 0.2750000000000001 1 0.2750000000000001
4 0.95546875 0.4250000000000001 0.596875 0.425 0.596875 0.83203125 0.95546875 0.83203125
4 0.60859375 0.051562500000000046 0.15 0.051562500000000025 0.15000000000000005 0.84921875 0.6085937500000002 0.84921875
4 0.2375000000000001 0.459375 0.026562500000000055 0.459375 0.02656250000000009 0.95703125 0.2375000000000001 0.95703125
4 1 0.7468750000000002 0.86875 0.7468750000000002 0.86875 1 1 1
4 0.1296875 7.941069088221119e-18 0 0 8.036744619404505e-18 0.13125 0.1296875 0.13125
4 0.10546875000000008 0.75 0.05625000000000009 0.75 0.0562500000000001 0.83828125 0.10546875000000008 0.83828125
0 0.31796875 0.21875 0.25 0.21875 0.25 0.353125 0.31796875 0.353125
2 0.503125 0.006250000000000045 0.2171875 0.006250000000000028 0.2171875 0.21171875000000004 0.503125 0.2117187500000001
4 0.10156250000000003 0.15 1.8369701987210297e-17 0.15 3.315157155504359e-17 0.39140625 0.10156250000000004 0.39140625
2 0.10859375000000009 0.6203125 0.06562500000000007 0.6203125 0.06562500000000007 0.71796875 0.10859375000000009 0.71796875
2 0.21171875 0.00312500000000002 0.1171875 0.003125000000000014 0.1171875 0.16640625000000003 0.21171875 0.16640625000000003
4 0.10546875 0.0015625000000000088 0.0328125 0.0015625000000000042 0.03281250000000001 0.05390625000000001 0.10546875 0.053906250000000024
2 0.28046875 0.03437500000000003 0.20625 0.034375000000000024 0.20625 0.13984375000000004 0.28046875 0.13984375000000004
4 0.640625 0.0015625000000000753 0.5890625 0.001562500000000072 0.5890625 0.08437500000000007 0.640625 0.08437500000000009
4 0.89140625 0.0031250000000000973 0.696875 0.0031250000000000847 0.696875 0.0921875000000001 0.89140625 0.09218750000000012
0 0.04687500000000011 0.84375 0.007812500000000102 0.84375 0.007812500000000113 0.9984375 0.046875000000000125 0.9984375
4 0.0390625000000001 0.75 9.18485099360515e-17 0.75 9.557985565220359e-17 0.8109375 0.0390625000000001 0.8109375
4 0.34921875 0.11406250000000004 0.2859375 0.11406250000000004 0.2859375 0.22421875 0.34921875 0.22421875
2 0.76484375 0.1140625000000001 0.7375 0.1140625000000001 0.7375 0.1609375000000001 0.76484375 0.1609375000000001
2 0.28203125 0.18281250000000004 0.2609375 0.18281250000000004 0.2609375 0.2296875 0.28203125 0.2296875
2 0.5546875 0.001562500000000066 0.521875 0.0015625000000000638 0.521875 0.06640625000000007 0.5546875 0.06640625000000007
4 0.057812500000000065 0.471875 0.0015625000000000575 0.471875 0.0015625000000000656 0.60234375 0.057812500000000065 0.60234375
2 0.33203125 0.06250000000000004 0.303125 0.06250000000000004 0.303125 0.09687500000000004 0.33203125 0.09687500000000004
2 0.2 0.0031250000000000227 0.1703125 0.003125000000000021 0.1703125 0.055468750000000025 0.2 0.055468750000000025
4 0.9015625 0.33281250000000007 0.8640625 0.33281250000000007 0.8640625 0.6007812500000002 0.9015625 0.6007812500000002
1 0.675 0.2453125000000001 0.64375 0.2453125000000001 0.64375 0.31328125000000007 0.675 0.31328125000000007
0 0.9953125 0.0015625000000001204 0.9671875 0.0015625000000001187 0.9671875 0.03281250000000012 0.9953125 0.03281250000000012
1 0.99921875 0.5000000000000002 0.971875 0.5000000000000002 0.971875 0.5953125000000001 0.99921875 0.5953125000000001
2 0.40390625 4.4632635297050015e-17 0.325 3.980102097228898e-17 0.325 0.046093750000000044 0.40390625 0.046093750000000044
2 0.25234375 0.050000000000000024 0.2390625 0.050000000000000024 0.2390625 0.07500000000000002 0.25234375 0.07500000000000002
0 0.14609375 1.659970466031764e-17 0.125 1.5308084989341915e-17 0.125 0.032812500000000015 0.14609375 0.03281250000000002
2 0.225 0.009375000000000027 0.215625 0.009375000000000027 0.215625 0.026562500000000024 0.225 0.026562500000000024
2 0.2 0.001562500000000024 0.190625 0.0015625000000000235 0.190625 0.02343750000000002 0.2 0.02343750000000002
4 0.042187500000000086 0.7 0.001562500000000086 0.7 0.0015625000000000899 0.7640625 0.042187500000000086 0.7640625
2 0.5359375 6.477233461115297e-17 0.521875 6.39112548305025e-17 0.521875 0.03125000000000007 0.5359375 0.03125000000000007
2 0.11484375000000009 0.75625 0.10937500000000008 0.75625 0.10937500000000008 0.76953125 0.11484375000000009 0.76953125
2 0.35078125 0.08437500000000005 0.334375 0.08437500000000005 0.334375 0.11875000000000005 0.35078125 0.11875000000000005