2 0.42656250000000007 0.5265625 0.2250000000000001 0.5265625 0.2250000000000001 0.8375 0.4265625000000002 0.8375
2 0.5828125000000002 0.840625 0.3531250000000001 0.840625 0.3531250000000001 1 0.5828125000000002 1
2 0.58125 0.6 0.3515625000000001 0.6 0.3515625000000001 0.921875 0.5812500000000002 0.921875
4 0.9703125 0.02031250000000011 0.846875 0.020312500000000105 0.846875 0.2812500000000001 0.9703125 0.2812500000000001
1 0.871875 0.06406250000000009 0.565625 0.06406250000000006 0.565625 0.49687500000000007 0.871875 0.4968750000000002
1 0.5109375 3.7217781630337535e-17 0.096875 1.1863765866739984e-17 0.09687500000000002 0.1921875 0.5109375 0.19218750000000004
2 0.03750000000000002 0.0703125 8.610797806504827e-18 0.0703125 1.8561053049577072e-17 0.2328125 0.03750000000000003 0.2328125
2 0.30937500000000007 0.24375 0.2265625 0.24375 0.22656250000000006 0.3984375 0.30937500000000007 0.3984375
4 0.85 0.4046875000000002 0.74375 0.4046875000000002 0.74375 0.6500000000000001 0.85 0.6500000000000001
4 1 0.5875000000000001 0.953125 0.5875000000000001 0.953125 0.7890625000000002 1 0.7890625000000002
4 0.971875 0.3656250000000001 0.8328125 0.3656250000000001 0.8328125 0.48750000000000016 0.971875 0.48750000000000016