0 0.425 0.10156250000000003 0.08281250000000002 0.1015625 0.08281250000000005 0.7109375 0.425 0.7109375
4 1 0.010937500000000086 0.403125 0.01093750000000005 0.40312500000000007 0.9203125 1 0.9203125
4 0.21093750000000006 0.31875 3.903561672282188e-17 0.31875 7.93150153510278e-17 0.9765625 0.21093750000000008 0.9765625
4 0.41875000000000007 0.6171875 0.10468750000000009 0.6171875 0.10468750000000011 0.99375 0.4187500000000002 0.99375
4 0.2765625 1.8848079643127235e-17 0.03125 3.827021247335479e-18 0.03125000000000001 0.048437500000000015 0.2765625 0.048437500000000036
4 0.271875 2.3249154077563034e-17 0.1078125 1.3203223303307403e-17 0.1078125 0.12812500000000002 0.271875 0.12812500000000004
4 0.27187500000000003 0.353125 4.324534009489091e-17 0.353125 7.4913940916592e-17 0.8703125 0.2718750000000001 0.8703125
4 0.7250000000000001 0.503125 0.434375 0.503125 0.43437500000000007 0.9046875 0.7250000000000002 0.9046875
0 0.25781250000000006 0.11250000000000002 0.103125 0.1125 0.10312500000000002 0.371875 0.2578125000000001 0.371875
4 0.15625000000000003 0.153125 0.103125 0.153125 0.10312500000000002 0.25625 0.15625000000000006 0.25625
0 0.0828125000000001 0.8125 9.950255243072244e-17 0.8125 1.0887875448669438e-16 0.965625 0.08281250000000011 0.965625
4 0.03281250000000009 0.6828125 8.362041425428021e-17 0.6828125 8.629932912741505e-17 0.7265625 0.03281250000000009 0.7265625
2 0.1671875 0.07500000000000002 0.1234375 0.07500000000000002 0.1234375 0.140625 0.1671875 0.140625
4 0.050000000000000086 0.7078125 0.014062500000000089 0.7078125 0.014062500000000092 0.753125 0.050000000000000086 0.753125
4 0.6046875 0.004687500000000062 0.415625 0.004687500000000051 0.415625 0.2968750000000001 0.6046875 0.2968750000000001
4 0.3203125 0.2765625 0.2875 0.2765625 0.2875 0.325 0.3203125 0.325
2 0.2468750000000001 0.4078125 0.16875000000000004 0.4078125 0.16875000000000004 0.4921875 0.2468750000000001 0.4921875
4 0.2390625000000001 0.4765625 0.17656250000000004 0.4765625 0.17656250000000007 0.5625 0.2390625000000001 0.5625
4 0.7265625 0.3703125000000001 0.5984375 0.3703125000000001 0.5984375 0.6062500000000001 0.7265625 0.6062500000000002
4 0.384375 0.056250000000000036 0.2671875 0.05625000000000002 0.2671875 0.16875000000000004 0.384375 0.16875000000000004
4 0.996875 0.03593750000000011 0.696875 0.03593750000000009 0.696875 0.4593750000000001 0.996875 0.4593750000000002
4 0.996875 0.025000000000000112 0.7859375 0.0250000000000001 0.7859375 0.2171875000000001 0.996875 0.2171875000000001
4 0.5171875 0.15156250000000004 0.4171875 0.15156250000000004 0.4171875 0.2687500000000001 0.5171875 0.2687500000000001
4 0.025000000000000116 0.9203125 1.1270577573402985e-16 0.9203125 1.1528901507598128e-16 0.9625 0.025000000000000123 0.9625
4 0.009375000000000095 0.7265625 8.897824400054988e-17 0.7265625 9.395337162208599e-17 0.8078125 0.0093750000000001 0.8078125
4 0.278125 0.07031250000000003 0.1984375 0.07031250000000003 0.19843750000000002 0.19375000000000003 0.278125 0.19375000000000003
4 0.825 0.03750000000000009 0.6078125 0.037500000000000075 0.6078125 0.4062500000000001 0.825 0.40625000000000017
0 0.615625 0.30937500000000007 0.409375 0.30937500000000007 0.409375 0.5578125 0.615625 0.5578125
4 0.09375000000000001 6.792962714020475e-18 0.0171875 2.1048616860345133e-18 0.017187500000000015 0.23125 0.09375000000000003 0.23125
2 0.2 0.16562500000000002 0.165625 0.165625 0.16562500000000002 0.2234375 0.2 0.2234375
4 0.050000000000000024 0.1703125 0.017187500000000022 0.1703125 0.017187500000000026 0.2421875 0.050000000000000024 0.2421875
4 0.3453125 3.807886141098801e-17 0.2765625 3.386913803891899e-17 0.2765625 0.10000000000000005 0.3453125 0.10000000000000005
4 0.1296875 0.1109375 0.051562500000000025 0.1109375 0.051562500000000025 0.2640625 0.12968750000000004 0.2640625
4 0.4203125 0.14218750000000005 0.2703125 0.14218750000000005 0.2703125 0.31250000000000006 0.4203125 0.3125000000000001
0 0.69375 0.010937500000000079 0.5796875 0.010937500000000072 0.5796875 0.18125000000000008 0.69375 0.18125000000000008
4 0.521875 0.00781250000000006 0.465625 0.007812500000000059 0.465625 0.18437500000000004 0.521875 0.18437500000000004
0 0.03750000000000004 0.3 0.010937500000000036 0.3 0.010937500000000041 0.3515625 0.03750000000000005 0.3515625
0 0.115625 1.1481063742006436e-17 0.071875 8.802148868871602e-18 0.071875 0.08593750000000001 0.115625 0.08593750000000003