0 0.9458291109375001 0.535850121875 0.8093540154418619 0.5190930874290423 0.7815525716918617 0.7455176796165424 0.9180276671875 0.7622747140625001
2 0.8388103046875001 0.07405314531250012 0.7224963017689454 0.05977158113113741 0.7093572627064454 0.1667804639436374 0.825671265625 0.1810620281250001
2 0.7207845 0.1634608500000001 0.6230807375000001 0.15146433593750008 0.610132119125138 0.2569223654792103 0.7078358816251379 0.26891887954171034
4 0.6059094187500002 0.009249128125000084 0.09257695598034171 -0.053780172095498416 0.05696825754284165 0.23622940759200156 0.5703007203125001 0.2992587078125001
0 0.6260705126130053 0.011724599079646403 0.5066548033225113 -0.0029378062961000428 0.4921828187500001 0.1149270500000001 0.6115985280404941 0.12958945537574654
1 0.30445306016040957 0.32328914716328716 0.16642710937500005 0.30634169062500005 0.14376702731638408 0.4908932405257144 0.2817929781017936 0.5078406970640015
4 1.0059845391408895 0.48184114962877844 0.41355855461134494 0.40910038592814935 0.34291242030080993 0.984466982907709 0.9353384048303545 1.057207746608338
4 0.3276943281773427 0.5827429745737046 0.05939669531250008 0.5498001671875001 0.01350527014670504 0.923555827912792 0.28180290301154765 0.9564986352989966
4 0.15135439062500025 0.32653027187500006 0.01953185475308276 0.3103444994658716 -0.05111428118441737 0.8857110963408715 0.08070825468750012 0.90189686875
4 0.30006942031250006 4.4408920985006264e-17 0.10311104214411296 -0.024183450434362177 0.08863507473892142 0.0937138310260927 0.2855934529073085 0.1178972814604549
4 1.0177316890499584 0.1810305710585421 0.8052647781249999 0.1549429140625001 0.7574691436953198 0.5442071091764353 0.9699360546202783 0.5702947661724773
2 1.0414028173738956 0.19338242478368559 0.9561058816196699 0.18290927797853898 0.8839363796875002 0.7706827031250001 0.9692333154417259 0.7811558499301468
4 0.5609171109375001 0.43978761406250005 0.2600515592982687 0.4028459693749281 0.19302342023576857 0.9487463537499282 0.49388897187499997 0.9856879984375002
4 0.549898203125 0.4526027687500001 0.40877054687716197 0.4352744718573933 0.3824924703125001 0.6492922359375001 0.5236201265603382 0.6666205328301069
4 0.1698801859375 0.201291990625 0.052015329687500014 0.18682000625 0.029355249032296672 0.3713715563230318 0.14722010528229668 0.3858435406980318
2 0.9488934062500001 0.07497577812500013 0.7720961230589493 0.05326780151601988 0.7633367640625 0.12460705625000008 0.9401340472535507 0.14631503285898032
2 0.8024379375 0.28053455000000016 0.7450563627775484 0.27348897742705025 0.7366778439622079 0.34172652639670514 0.7940594186846597 0.348772098969655
4 0.20068331564196748 0.37351718892431146 0.10142870156250003 0.3613302546875 0.08200577498303258 0.5195172970131885 0.18126038906250003 0.53170423125
2 0.8470553593750003 0.12229253437500012 0.7167836765625001 0.10629718281250009 0.7007883250000001 0.2365688656250001 0.8310600078125002 0.2525642171875001
0 0.4071173390624999 4.9960036108132046e-17 0.31096443102743054 -0.011806093132049023 0.2988974121664826 0.08647188433404925 0.39505032020155195 0.09827797746609832
0 0.21188470468976234 0.00022482966907498846 0.10022326252917595 -0.013485472112618833 0.08060991406250002 0.14625242500000002 0.19227135622308641 0.15996272678169382
2 0.15620332670545833 0.5947454425856987 0.11433028593750005 0.5896040796875 0.10595176856099857 0.6578416281017936 0.14782480932895686 0.6629829909999924
2 0.16270710781250008 0.6443452640625 0.12393577338313641 0.6395847426302564 0.11574767650813642 0.7062714379427565 0.1545190109375001 0.7110319593750001
0 0.36461301718749994 3.8857805861880476e-17 0.30723144372808847 -0.00704557170659364 0.30493590605978305 0.011650081226644326 0.36231747951919446 0.018695652933238004
2 0.8936359328505119 0.15319965594041726 0.82384753125 0.1446307171875001 0.8188965888734984 0.18495290466429365 0.8886849904740103 0.19352184341721082
1 0.5170534314055314 0.23289986592079903 0.203781051774708 0.194434854521705 0.169314878125 0.4751393140624999 0.48258725775582345 0.513604325461594
2 0.1592381500421196 0.031542263719463504 0.12046681562500001 0.02678174218750002 0.1134212437078804 0.08416331753053653 0.152192578125 0.08892383906250001
0 0.6930575751105299 0.06875083347480536 0.677549040625 0.06684662500000009 0.6746927279359985 0.09010942653929363 0.6902012624215285 0.0920136350140989
2 0.6778474234375002 0.025953175000000085 0.6313218217366838 0.020240549563995614 0.6246570920491837 0.07452041831399563 0.6711826937500001 0.0802330437500001
0 0.4854611312721332 0.05428083419474018 0.4327321171875 0.04780652500000005 0.42568654529036687 0.10518810018025992 0.478415559375 0.11166240937500005
0 0.1232151671875 0.04286153906250001 0.09995236725168531 0.04000522603975252 0.09462058281249996 0.08342912031250001 0.11788338274831464 0.08628543333524749
2 0.9583634454210961 0.15170178974055565 0.90563443125 0.1452274812500001 0.9010643310609984 0.18244796247679365 0.9537933452320944 0.1889222709673492
0 0.15996258437500005 2.2204460492503132e-17 0.13049637005008444 -0.003617996347683497 0.12647980742876508 0.029094279640383292 0.1559460217536807 0.032712275988066815
0 0.820417971875 0.0828144906250001 0.7940534641126864 0.07957733552876392 0.7898642046875 0.11369610937500012 0.8162287124498138 0.11693326447123631
2 1.0140911421797765 0.1506731199372364 0.8864254405952053 0.13499774355449096 0.872334298415429 0.24976089236725466 1.0000000000000002 0.2654362687500001
2 0.24644524848484345 0.2957016402394188 0.1859619671875 0.2882752265625 0.17567924057765655 0.37202130819808116 0.236162521875 0.379447721875
0 0.9061252188639445 0.19251476469699544 0.8751081515624998 0.1887063484375001 0.8709188936360552 0.22282512280300476 0.9019359609375 0.22663353906250014
0 0.4984229171875 5.551115123125783e-17 0.47671096953697234 -0.0026658923695761284 0.47490353983896644 0.012054438965987258 0.4966154874894941 0.014720331335563441
2 0.19714579375000002 0.35104355781249996 0.17233214067815533 0.3479968245670846 0.166048253125 0.3991749859375 0.19086190619684468 0.4022217191829154
0 0.8458578609374999 0.10640315937500011 0.8194933531249997 0.1031660046875001 0.8158753567694396 0.1326322188137793 0.8422398645819398 0.1358693735012793
4 0.22331789625858406 0.26609997824116455 0.17834314784429056 0.2605777733646631 0.16977420937500004 0.330366175 0.21474895778929354 0.33588837987650144
2 0.8029777421875 0.08382156718750011 0.7921217687772919 0.08248862165272428 0.7896462984374999 0.1026497156250001 0.800502271847708 0.1039826611597759
0 0.5654242980775972 0.01844628764766041 0.5421614965383036 0.015589974958658936 0.5377818171875001 0.05125960312500007 0.5610446187267937 0.05411591581400153
2 0.733951025 0.06904921562500008 0.7060356635809024 0.06562164056586733 0.702798509375 0.0919861484375001 0.7307138707940977 0.09541372349663284
0 0.3299798671875 3.8857805861880476e-17 0.3129204798217064 -0.002094629218023453 0.31171058125 0.007759204687500037 0.3287699686157936 0.009853833905523529