1 0.20625000000000004 0.346875 4.247993584542381e-17 0.346875 6.778611384342968e-17 0.76015625 0.2062500000000001 0.76015625
4 0.4265625 2.611942001306464e-17 0 0 1.846537751839369e-17 0.30156250000000007 0.4265625 0.30156250000000007
2 1 0.017187500000000085 0.3859375 0.01718750000000005 0.3859375 0.17343750000000008 1 0.17343750000000013
4 0.9671875 0.1312500000000001 0.475 0.13125000000000003 0.475 0.6328125000000001 0.9671875 0.6328125000000002
4 1 0.017187500000000085 0.3859375 0.01718750000000005 0.3859375 0.17343750000000008 1 0.17343750000000013
0 0.7453125000000002 0.865625 0.5796875000000001 0.865625 0.5796875000000001 1 0.7453125000000002 1
0 0.89765625 0.6625000000000001 0.65 0.6625 0.6500000000000001 1 0.89765625 1
1 0.2328125000000001 0.7421875 0.01250000000000009 0.7421875 0.012500000000000105 1 0.2328125000000001 1
4 0.5562500000000001 0.465625 0.2578125000000001 0.465625 0.2578125000000001 1 0.5562500000000001 1
4 0.34296875000000004 0.00937500000000002 0.0078125 0.009375 0.007812500000000031 0.496875 0.3429687500000001 0.496875
0 0.09140625000000004 0.175 0.0015625000000000216 0.175 0.001562500000000033 0.36171875 0.09140625000000005 0.36171875
0 0.3 0.007812500000000031 0.23125 0.007812500000000028 0.23125 0.12187500000000004 0.3 0.12187500000000004
2 0.04531250000000009 0.66875 8.189825469297925e-17 0.66875 8.845202857904126e-17 0.77578125 0.0453125000000001 0.77578125
4 0.61796875 0.007812500000000066 0.44375 0.007812500000000056 0.44375 0.19843750000000007 0.61796875 0.1984375000000001
2 0.057031250000000075 0.5578125 0.00625000000000007 0.5578125 0.006250000000000073 0.6421875 0.05703125000000009 0.6421875
1 0.08984375000000006 0.3578125 0.020312500000000046 0.3578125 0.020312500000000053 0.48125 0.08984375000000007 0.48125
2 0.04296875000000007 0.5046875 0.015625000000000062 0.5046875 0.015625000000000062 0.56328125 0.04296875000000007 0.56328125
4 0.50546875 0.0046875000000000475 0.2609375 0.004687500000000032 0.26093750000000004 0.5515625 0.50546875 0.5515625
0 0.04609375000000003 0.1859375 0.010937500000000022 0.1859375 0.010937500000000027 0.2484375 0.04609375000000003 0.2484375
4 0.10781250000000006 0.5078125 0.08125000000000007 0.5078125 0.08125000000000007 0.55859375 0.10781250000000009 0.55859375
2 0.02265625000000008 0.6234375 7.634907388434281e-17 0.6234375 8.051095949082013e-17 0.69140625 0.022656250000000083 0.69140625
0 0.04609375000000004 0.2625 0.010937500000000034 0.2625 0.010937500000000037 0.33671875 0.046093750000000044 0.33671875
4 0.02343750000000011 0.8578125 1.0505173323935891e-16 0.8578125 1.101225363920784e-16 0.940625 0.023437500000000118 0.940625
2 0.0679687500000001 0.9 0.03281250000000011 0.9 0.03281250000000012 0.9875 0.0679687500000001 0.9875
4 0.225 0.006250000000000017 0.053125 0.0062500000000000056 0.05312500000000001 0.20703125 0.225 0.20703125
0 0.030468750000000006 0.0453125 0.0015625000000000055 0.0453125 0.001562500000000008 0.084375 0.03046875000000001 0.084375
2 0.08125000000000007 0.5078125 0.04687500000000007 0.5078125 0.04687500000000007 0.5796875 0.08125000000000007 0.5796875
0 0.26328125 0.01875000000000003 0.2375 0.018750000000000027 0.2375 0.06328125000000002 0.26328125 0.06328125000000002
0 0.08437500000000002 0.2203125 0.06718750000000002 0.2203125 0.06718750000000002 0.25078125 0.08437500000000002 0.25078125
2 0.17109375000000004 0.3921875 0.14375000000000004 0.3921875 0.14375000000000004 0.4390625 0.17109375000000004 0.4390625
0 0.79609375 0.0015625000000000957 0.765625 0.0015625000000000938 0.765625 0.032031250000000094 0.79609375 0.0320312500000001
2 0.015625000000000062 0.4875 0.0015625000000000597 0.4875 0.0015625000000000638 0.55546875 0.015625000000000066 0.55546875
0 0.03750000000000006 0.478125 0.018750000000000062 0.478125 0.018750000000000062 0.50859375 0.03750000000000007 0.50859375