2 0.9779640781250002 0.8325887578125002 0.8969119985595737 0.8269210435667681 0.8848091373916624 0.9999999998831637 0.9658612169570888 1.0056677141288957
2 0.36732653281250016 0.7397667265625001 0.23483755782809418 0.7305021950894949 0.22306615312500008 0.8988411281250002 0.35555512810940615 0.9081056595980053
2 0.7186317500301465 0.6437260886313868 0.6469318343750001 0.6387123421875001 0.6388662421573537 0.7540556863686134 0.7105661578125001 0.7590694328125001
0 0.9835227968750004 0.7530953734375002 0.8525925156488633 0.7439398355962396 0.8346870433423618 0.9999999999714954 0.9656173245684989 1.009155537812756
0 0.17970480315761464 0.4885669854710909 0.04565713437500006 0.4791934593750001 0.02908997184238555 0.7161149223414093 0.1631376406250001 0.7254884484375002
4 0.64863229375 0.6591933515624999 0.5021150734375002 0.6489478703124999 0.48696484056094597 0.8656063126047817 0.6334820608734458 0.8758517938547816
4 0.5106501421875002 0.7732836218750001 0.3984241859879516 0.7654360180285105 0.3861078078125001 0.9415684203125003 0.4983337640120487 0.94941602415899
4 0.2739687578370148 0.8428805965244244 0.14927325156250015 0.8341610375000001 0.1393547531004855 0.9760021769130758 0.26405025937500015 0.9847217359375
0 0.9875555941979837 0.6954237017030868 0.7553102119999588 0.6791835218400337 0.7328765374999999 1 0.9651219196980246 1.016240179863053
4 0.3577350171875001 0.8769317828125001 0.28915248911896824 0.8721360257549675 0.2826128203125001 0.9656576562499998 0.351195348381032 0.9704534133075324
0 0.8290681640676724 0.04998341711353317 0.5640902124999999 0.03145435312500007 0.5276860515573276 0.5520580922614668 0.7926640031250001 0.57058715625
0 0.8769189234768792 0.03766631349935601 0.714814765625 0.026330885937500093 0.698138607703771 0.26481104217989704 0.8602427655556502 0.27614646974175294
0 1.0164581705465803 0.03489332539205969 0.9136408375000004 0.027703635937500103 0.8971826668261512 0.2630664045529715 0.9999999998727311 0.27025609400753103
0 1.0137904938023636 0.2978477799678599 0.8610384984757399 0.2871663197656436 0.8353157983658818 0.6550180640574921 0.9880677936925055 0.6656995242597084
4 0.48985065156250035 0.04035985625000009 0.20149229212593528 0.020195875880421214 0.13620459368843507 0.9538534805679213 0.42456295312500014 0.9740174609375002
0 0.7659147238838898 0.32593776732797536 0.6458952984375 0.3175451906250001 0.6302000901710072 0.5419971015307536 0.750219515617397 0.550389678233729
0 0.662027207902207 0.3108416659046303 0.5950033734375001 0.3061549031250001 0.5826869967662711 0.48228730624239713 0.6497108312309781 0.4869740690220272
2 0.22262727033184476 0.009143254410858672 0.034025317177351015 -0.004045079542361186 0.005468759345506313 0.4043327035467802 0.19407071250000008 0.41752103749999997
0 0.556156431833182 0.45850369233754085 0.4813391265625001 0.45327195625000005 0.4726195665967151 0.5779674624586884 0.547436871867397 0.5831991985462291
2 0.23791076567157718 0.552157130583917 0.16932823594510316 0.5473613733287712 0.15581292027352606 0.7406394083698542 0.2243954500000001 0.7454351656250001
2 0.10266488437500007 0.7839124 9.992007221626409e-17 0.7767333718749999 -0.007411625391249788 0.8827245520980865 0.0952532589837502 0.8899035802230866
0 0.9840677687500001 0.7453019031250001 0.9248374031305451 0.7411601124207022 0.9158998546875001 0.8689730078125002 0.9751302203069552 0.8731147985167981
4 0.5053300484375002 0.4909748203125 0.38686931718750006 0.4826912390625 0.3786947304183076 0.5995932766136031 0.49715546166830765 0.6078768578636031
2 0.012827703125000135 0.8590787765625001 2.3420287931230634e-11 0.8581817762275759 -0.005340729664079713 0.9345577731025758 0.0074869734375001325 0.9354547734375
2 0.5253080843850617 0.003681395168613255 0.34449959998913726 -0.008961965469653804 0.3168149999790756 0.38694626748673305 0.49762348437500015 0.3995896281250001
4 0.443145425262249 0.37228541887759886 0.30598036718750005 0.362693903125 0.29202907160514796 0.5622067140436301 0.4291941296798969 0.571798229796229
0 0.05225093750000006 0.2729009015625 0.014842285966348465 0.2702850339624482 0.009283567187500012 0.3497784203125 0.046692218721151604 0.3523942879125519
4 0.4410424843750002 0.6039530562500001 0.24776444843750012 0.5904377390625 0.23828192760204558 0.7260441016351922 0.4315599635395457 0.7395594188226922
2 0.12117330937500012 0.877619246875 0.08688204535708025 0.8752213681124743 0.0827402546875001 0.9344517343750001 0.11703151870541999 0.9368496131375258
2 0.18462168906250015 0.7990412703125 0.07551312188696574 0.7914116560788835 0.06308775000000007 0.969102753125 0.17219631717553446 0.9767323673586166
0 0.15701186093750008 0.7234937765624999 0.12116190156250009 0.7209869031249999 0.11789206671284921 0.7677477187168091 0.1537420260878492 0.7702545921543091
4 0.2602560890923683 0.6805912214478648 0.16517576562500008 0.6739425578124999 0.15013452653263185 0.8890423066771351 0.24521485000000007 0.8956909703125
4 0.6713694156249999 0.6028296140625 0.4562696666591955 0.5877883749630574 0.44940301406250016 0.6859860859375001 0.6645027630283046 0.7010273250369428
0 0.7565084250187235 0.4380547278572413 0.6972780593749999 0.4339129375 0.6903024124812764 0.5336693424552588 0.7495327781250001 0.5378111328125
4 0.409748931256523 0.6706826780317183 0.34740117812500004 0.6663228984375001 0.33497580624347717 0.8440139954057818 0.3973235593750002 0.848373775
0 0.1062396125000001 0.6431939765625001 0.07818312339872276 0.641232075554542 0.07524027183622276 0.6833168099295419 0.10329676093750009 0.6852787109375
0 0.13898286411686456 0.5781320429725515 0.10780898750000008 0.575952153125 0.10344920775813557 0.6382999070274484 0.13462308437500006 0.6404797968749999
2 0.666464664115758 0.6729708351758753 0.6181451546875001 0.66959200625 0.6132404030162713 0.739733229679897 0.661559912444529 0.7431120586057722
0 0.632390662558971 0.44347240696917617 0.584071153125 0.4400935781250001 0.5793843905660291 0.507117413343324 0.6277039 0.5104962421875001
0 0.6517382735487633 0.5027789952838602 0.6049774579288322 0.4995091608363741 0.60007270625 0.5696503843750002 0.6468335218699313 0.5729202188224861
4 0.635159703125 0.5830681140625 0.624248846900339 0.5823051527626357 0.619562084375 0.6493289874999999 0.6304729405996611 0.6500919487998642
0 0.858683346898624 0.05205431216216144 0.8212746937499998 0.0494384437500001 0.816587929586374 0.11646227957116803 0.8539965827349982 0.11907814798332939
0 0.5709476359738124 0.44857378541821047 0.5413324531250001 0.44650289062500015 0.5377356359011878 0.49793978645678977 0.5673508187500002 0.5000106812500001
4 0.5896534140625 0.89784804375 0.4961317843900167 0.8913083747852513 0.48915613750000003 0.9910647796875003 0.5826777671724833 0.997604448652249
0 0.15436249531250007 0.5149885578125 0.13409947500000002 0.5135716296874999 0.13137461331800995 0.5525389750572007 0.15163763363050997 0.5539559031822008
0 0.9751409031250002 0.8057639796875001 0.9533191890625001 0.8042380562500002 0.9504853312344675 0.8447640968739139 0.9723070452969675 0.8462900203114139
2 0.5290702109375001 0.5098643640625001 0.4978963344537263 0.5076844738741615 0.49386353750000006 0.5653561468750001 0.5250374139837739 0.5675360370633388
2 0.7734809734375001 0.8449172687500003 0.7532179530389163 0.8435003402935581 0.7507110796014163 0.8793502996685578 0.7709741000000001 0.880767228125
2 0.634986619488326 0.9887317172391288 0.6069301309485721 0.9867698156039222 0.6060049859375001 1.0000000000000002 0.634061474477254 1.0019619016352068
0 0.9562185875000001 0.8075734328125002 0.9375142609903783 0.8062654992438064 0.9351163828125 0.8405567640625001 0.9538207093221217 0.8418646976311939
2 0.8271960719605043 0.883132334714734 0.7991395828125001 0.8811704343750002 0.7955427655162712 0.932607331242397 0.8235992546642754 0.9345692315821308
0 0.1175764921875001 0.9290561437499999 0.0754917578125001 0.9261132921874999 0.07233091726879998 0.9713154139589243 0.11441565164379996 0.9742582655214242
0 0.4140987546875001 0.8996689046875002 0.3751314093509016 0.8969440425321246 0.3712076077884016 0.9530570206571248 0.41017495312500013 0.9557818828125002
0 0.6762535312500001 0.891373190625 0.6559905108433518 0.8899562622838845 0.6541376045933518 0.9164540575963844 0.6744006250000001 0.9178709859374999
2 0.8250161828918804 0.9143062113648115 0.8109879375000002 0.9133252609375001 0.8093530202037712 0.936705668742397 0.8233812655956514 0.9376866191697084
4 0.04099318750000012 0.8594819828125001 0.02073016722362716 0.8580650541708593 0.01310055157010318 0.967173623328771 0.033363571846476134 0.9685905519704118
2 0.4093442719015859 0.2508818371198036 0.38440517031250004 0.2491379250000001 0.3812443296609141 0.2943400456926965 0.40618343124999995 0.2960839578125