0 1.0351189298072188 0.24456058582424928 0.6598124156813749 0.19847874016586203 0.561397979490446 0.9999999999758049 0.9367044936162896 1.0460818456341923
2 0.47537676718750016 0.4954024125000001 0.15590097499160427 0.4561757172558796 0.0951567234291042 0.9508979406933795 0.41463251562500003 0.9901246359375001
4 0.605909418757803 0.009249128061450318 0.07396671536970717 -0.056065221806923894 0.03321665442440423 0.2758173985691259 0.5651593578125 0.3411317484375001
4 0.15517074843750014 0.6544395546875 8.881784197001253e-17 0.6353869828125001 -0.03503743565607361 0.9207440017889057 0.12013331278142643 0.9397965736639057
4 0.8453395859375001 0.04651862656250011 0.7104153437524402 0.02995201248012832 0.6845181078125001 0.24086807031250013 0.81944234999756 0.25743468439487194
4 1.00690121523845 0.10256328510371544 0.9758841479558356 0.09875486869085917 0.9684577358423857 0.15923815077464384 0.9994748031250001 0.16304656718750013
4 0.8176070109441307 0.9262588265084999 0.7710814093982066 0.9205462013734987 0.7630837343750001 0.9856820421875 0.8096093359209242 0.9913946673225011
4 0.4082757894904029 0.20852401255253983 0.046926955138609415 0.16415595455103837 0.0040822640625000515 0.5130979609375 0.3654310984142935 0.5574660189390015
4 0.7441986281250002 0.8574245140625003 0.6775119343088292 0.8492364177264197 0.6641824749338291 0.9577961536639196 0.7308691687500001 0.9659842500000002
4 0.3953251859375001 0.22425045312500003 0.26970606401773933 0.20882636442704686 0.24533219526773933 0.40733559567704686 0.3709513171875001 0.42275968437500006
4 0.4498878593982066 0.7158140107484987 0.42197249846070656 0.7123864357484987 0.41511734843750003 0.7682171578125001 0.44303270937500006 0.7716447328125
4 0.607397664127523 0.8689636822829307 0.4941853687500001 0.8550629609374999 0.47638933886139156 0.9999999999753069 0.5896016342389145 1.0139007213207376
4 0.4978013797674323 0.7358651587240048 0.48074199218750013 0.7337705296875001 0.47712399668599864 0.7632367437267937 0.4941833842659308 0.7653313727632983
4 0.627621365625 0.011915020312500057 0.3856882411358885 -0.017790631188030225 0.3540783812268854 0.23965102675075337 0.5960115057159969 0.2693566782512836
0 0.5999338390625003 0.4681917781250002 0.43709423601008784 0.44819758847132085 0.37139904145255015 0.9832419983472599 0.5342386445049627 1.003236188000939
4 0.9895808595013322 0.6026172911586093 0.9570129390625001 0.5986184531250002 0.9455876873109984 0.6916696562267937 0.9781556077498307 0.6956684942604028
0 0.9742372453125 0.6762965703125001 0.8207027625407118 0.6574449059184283 0.7837611171874999 0.9583104578125002 0.937295599959288 0.9771621222065721
0 1.0172193686160949 0.39034080141063726 0.8621340324732125 0.3712987171458409 0.8251923888571179 0.6721642704227039 0.9802777250000002 0.6912063546875002
4 0.41824654224534363 0.7811952464039027 0.3872294750000001 0.7773868296875002 0.3803743249421565 0.8332175504710977 0.41139139218750004 0.8370259671875001
4 0.12961892656250007 0.49073030624999997 5.551115123125783e-17 0.4748151046874999 -0.026658916670108203 0.6919345768178784 0.1029600098923918 0.7078497783803785
2 0.8643720511905167 0.6864203313961772 0.7558123152762233 0.6730908718321758 0.7421020140625002 0.7847523140625002 0.8506617499767938 0.7980817736265016
0 0.4921612890625001 0.371524565625 0.403762646875 0.36067057656250007 0.38757687381033756 0.49249311235392784 0.47597551599783766 0.5033471014164278