4 0.0819289484921782 0.4325094424975955 0.02657859218750001 0.11860197187499996 -0.0553503563046782 0.13304825593990452 -1.1102230246251566e-17 0.44695572656250004
4 0.25790078129112015 0.9805913502332038 0.194139340625 0.6189822531249999 0.02487550716015855 0.648828033999144 0.0886369478262787 1.010437131107348
0 0.8644518921875 0.821282090625 0.8006904529501963 0.459672992758639 0.6021901390625001 0.49467395312499995 0.6659515782998037 0.856283050991361
2 0.3821884807346659 0.23677121856535646 0.34501691714038485 0.02596080910779681 0.08804364375000001 0.07127213125000001 0.125215207344281 0.28208254070755967
2 0.46150089375386427 0.7225665859594159 0.41754619843749985 0.47328712343749996 0.20211950312113558 0.5112726624780841 0.24607419843749997 0.760552125
2 0.6707284312735575 0.3524872688836016 0.643595903125 0.19861105781250002 0.5666577984139425 0.2121773217413984 0.5937903265624999 0.36605353281249997
4 0.8439288443952379 0.0030399436362271715 0.8387999914719595 -0.02604722671184183 0.691078828125 0 0.6962076810482782 0.029087170348069003
0 1.0458324154063514 0.8781496385195876 0.9975365173667502 0.6042499812183934 0.8421215435822333 0.6316538334235478 0.8904174416218348 0.905553490724742
0 0.6745335297242286 0.9769383361457994 0.6438737734374999 0.8030582171875 0.4976913714161174 0.8288341186892645 0.5283511277028462 1.0027142376475637
2 0.23053825156249994 0.5284741281249998 0.18712620611147285 0.2822721882768737 0.03786628125 0.308590740625 0.08127832670102711 0.5547926804731261
2 0.18449462973059685 0.33033432993191447 0.1413539109375 0.08567115312500004 0.02902427651940314 0.10547789819308555 0.0721649953125 0.350141075