4 0.28437500000000004 0.0031250000000000175 3.827021247335479e-19 0.003125 3.568697313140334e-17 0.5796875 0.2843750000000001 0.5796875
0 0.4140625 0.0015625000000000385 0.2171875 0.0015625000000000263 0.21718750000000003 0.39843750000000006 0.4140625 0.3984375000000001
4 0.2562500000000001 0.7421875 0.0031250000000000904 0.7421875 0.003125000000000106 1 0.2562500000000001 1
4 0.796875 0.4015625000000001 0.7015625 0.4015625 0.7015625 0.5593750000000001 0.796875 0.5593750000000002
4 0.7906250000000001 0.5937500000000001 0.675 0.59375 0.675 0.7468750000000001 0.7906250000000001 0.7468750000000002
4 0.2656250000000001 0.496875 0.12031250000000004 0.496875 0.12031250000000007 0.6859375 0.2656250000000001 0.6859375
4 0.6515625 0.459375 0.4015625 0.459375 0.4015625 0.61875 0.6515625 0.61875
2 1 0.3031250000000001 0.95625 0.3031250000000001 0.95625 0.5468750000000002 1 0.5468750000000002
4 0.21562500000000004 0.004687500000000013 5.740531871003218e-19 0.0046875 2.71718508560819e-17 0.4390625 0.2156250000000001 0.4390625
4 0.16406250000000006 0.3390625 4.152318053358994e-17 0.3390625 5.644856339819831e-17 0.5828125 0.16406250000000008 0.5828125
4 0.6171875 0.01718750000000007 0.51875 0.01718750000000006 0.51875 0.3421875000000001 0.6171875 0.3421875000000001
4 0.3375000000000001 0.8984375 0.2906250000000001 0.8984375 0.2906250000000001 1 0.3375000000000001 1
4 0.803125 0.6265625000000001 0.5703125 0.6265625 0.5703125000000001 0.7765625 0.803125 0.7765625000000002
4 0.9453125 0.2843750000000001 0.8296875 0.2843750000000001 0.8296875 0.3812500000000001 0.9453125 0.3812500000000001
4 0.3078125000000001 0.678125 0.2531250000000001 0.678125 0.2531250000000001 0.746875 0.3078125000000001 0.746875
4 0.6515625 0.4859375 0.6046875 0.4859375 0.6046875 0.54375 0.6515625 0.54375
4 0.9578125 0.6093750000000002 0.81875 0.6093750000000002 0.81875 0.7515625000000001 0.9578125 0.7515625000000001
4 0.2468750000000001 0.8375 0.1515625000000001 0.8375 0.1515625000000001 1 0.2468750000000001 1
4 0.5734375 0.048437500000000064 0.521875 0.048437500000000064 0.521875 0.11406250000000007 0.5734375 0.1140625000000001
1 0.9953125 0.18593750000000014 0.9625 0.18593750000000014 0.9625 0.2375000000000001 0.9953125 0.2375000000000001
4 0.4625 0.15312500000000004 0.35 0.15312500000000004 0.35000000000000003 0.403125 0.4625 0.403125
4 0.3781250000000001 0.771875 0.2828125000000001 0.771875 0.2828125000000001 0.859375 0.3781250000000001 0.859375
4 0.740625 0.32500000000000007 0.59375 0.32500000000000007 0.59375 0.4437500000000001 0.740625 0.4437500000000002
4 0.6 0.16406250000000006 0.540625 0.16406250000000006 0.540625 0.5859375 0.6 0.5859375
1 0.7265625 8.582095147149811e-17 0.675 8.266365894244634e-17 0.675 0.07031250000000008 0.7265625 0.07031250000000008
4 0.7953125 0.08437500000000009 0.6484375 0.08437500000000009 0.6484375 0.1906250000000001 0.7953125 0.1906250000000001
1 0.4859375 0.2500000000000001 0.4234375 0.2500000000000001 0.4234375 0.3812500000000001 0.4859375 0.3812500000000001
4 0.8109375 0.6421875000000001 0.7453125 0.6421875000000001 0.7453125 0.7593750000000001 0.8109375 0.7593750000000001
2 0.9984375 0.3609375000000001 0.965625 0.3609375000000001 0.965625 0.4187500000000002 0.9984375 0.4187500000000002
1 0.884375 1.0591281302000936e-16 0.8453125 1.0352092474042469e-16 0.8453125 0.06562500000000011 0.884375 0.06562500000000011
1 0.8359375 9.978957902427261e-17 0.79375 9.720633968232116e-17 0.79375 0.0640625000000001 0.8359375 0.0640625000000001
4 0.9859375 0.08281250000000011 0.85 0.08281250000000011 0.85 0.1984375000000001 0.9859375 0.19843750000000013
1 0.6203125 0.6546875 0.5953125 0.6546875 0.5953125 0.7 0.6203125 0.7
4 0.4812500000000002 0.8875 0.41406250000000017 0.8875 0.41406250000000017 1 0.4812500000000002 1
1 0.3937500000000001 0.903125 0.3500000000000001 0.903125 0.3500000000000001 0.9703125 0.3937500000000001 0.9703125
1 0.7765625 9.32836429038023e-17 0.746875 9.146580781131795e-17 0.746875 0.06562500000000009 0.7765625 0.06562500000000009
2 0.475 0.06250000000000006 0.4359375 0.06250000000000004 0.4359375 0.14843750000000006 0.475 0.14843750000000006
1 0.94375 1.1280145126521325e-16 0.8984375 1.1002686086089502e-16 0.8984375 0.06718750000000011 0.94375 0.06718750000000011
1 0.984375 1.1806360548029952e-16 0.94375 1.1557604166953146e-16 0.94375 0.0640625000000001 0.984375 0.0640625000000001
1 0.2718750000000001 0.9484375 0.2390625000000001 0.9484375 0.2390625000000001 1 0.2718750000000001 1
1 0.653125 0.06250000000000008 0.6171875 0.06250000000000007 0.6171875 0.1312500000000001 0.653125 0.1312500000000001
1 0.7609375 0.2531250000000001 0.728125 0.2531250000000001 0.728125 0.30937500000000007 0.7609375 0.30937500000000007
2 0.684375 0.32500000000000007 0.6421875 0.32500000000000007 0.6421875 0.3750000000000001 0.684375 0.3750000000000001
1 0.796875 0.08750000000000009 0.765625 0.08750000000000009 0.765625 0.17187500000000008 0.796875 0.17187500000000008
2 0.784375 0.3421875000000001 0.7203125 0.3421875000000001 0.7203125 0.39531250000000007 0.784375 0.39531250000000007
4 0.75 9.012635037475053e-17 0.721875 8.840419081344957e-17 0.721875 0.06562500000000009 0.75 0.06562500000000009
4 0.509375 0.040625000000000064 0.46875 0.04062500000000006 0.46875 0.13593750000000004 0.509375 0.13593750000000004
1 0.4578125 0.2562500000000001 0.4328125 0.2562500000000001 0.4328125 0.30156250000000007 0.4578125 0.30156250000000007
1 0.7515625 0.09375000000000008 0.7234375 0.09375000000000008 0.7234375 0.1750000000000001 0.7515625 0.1750000000000001
1 0.5 0.0062500000000000585 0.4609375 0.006250000000000056 0.4609375 0.06250000000000007 0.5 0.06250000000000007
2 0.9734375 0.7843750000000002 0.83125 0.7843750000000002 0.83125 0.9109375 0.9734375 0.9109375
2 0.615625 0.08906250000000007 0.58125 0.08906250000000007 0.58125 0.14062500000000008 0.615625 0.14062500000000008
2 0.7296875000000002 0.8046875 0.5187500000000002 0.8046875 0.5187500000000002 0.89375 0.7296875000000002 0.89375
1 0.8390625 0.43750000000000017 0.8046875 0.43750000000000017 0.8046875 0.4671875000000002 0.8390625 0.4671875000000002
0 0.2796875 0.07500000000000004 0.240625 0.07500000000000002 0.240625 0.13750000000000004 0.2796875 0.13750000000000004
0 0.378125 0.029687500000000044 0.34375 0.029687500000000044 0.34375 0.08437500000000005 0.378125 0.08437500000000005
0 0.3078125 0.07656250000000005 0.275 0.07656250000000005 0.275 0.13593750000000004 0.3078125 0.13593750000000004
2 0.940625 0.44062500000000016 0.8421875 0.44062500000000016 0.8421875 0.5218750000000002 0.940625 0.5218750000000002
0 0.8203125 0.859375 0.5687500000000002 0.859375 0.5687500000000002 0.996875 0.8203125 0.996875
1 0.8 9.62495843704873e-17 0.771875 9.452742480918633e-17 0.771875 0.06875000000000009 0.8 0.06875000000000009
1 0.953125 0.6609375000000002 0.915625 0.6609375000000002 0.915625 0.7125000000000001 0.953125 0.7125000000000001
0 0.390625 0.07343750000000004 0.353125 0.07343750000000004 0.353125 0.13437500000000005 0.390625 0.13437500000000005
2 0.6140625 0.02187500000000007 0.54375 0.021875000000000068 0.54375 0.06406250000000006 0.6140625 0.06406250000000006
1 0.2250000000000001 0.659375 0.18750000000000008 0.659375 0.18750000000000008 0.8359375 0.2250000000000001 0.8359375
0 0.35 0.07968750000000005 0.3171875 0.07968750000000005 0.3171875 0.12500000000000006 0.35 0.12500000000000006
0 0.3546875 0.14531250000000004 0.31875 0.14531250000000004 0.31875 0.2 0.3546875 0.2
2 0.1546875000000001 0.8078125 0.14062500000000008 0.8078125 0.14062500000000008 0.8890625 0.1546875000000001 0.8890625