4 0.5243488234392669 0.9996511532262259 0.5219218484339583 0.8606098341720978 0.21259396718749998 0.8660091718749999 0.2150209421928085 1.005050490929128
4 1.0008387406612624 0.9913339920054236 0.9986844593718336 0.867915292006112 0.5550020452730714 0.8756597968756884 0.5571563265624999 0.999078496875
4 0.05084529375000002 1.0000000000000002 0.0482564921875 0.851687575 0.006075417179721718 0.8524238479918823 0.008664218742221735 1.0007362729918825
4 0.17402471720450347 0.6260207478491253 0.169361653125 0.358873940625 -0.002487169508209501 0.3618735724763123 0.002175894571293953 0.6290203797004377
4 0.101284496875 0.3084918781249999 0.09602150468750004 0.006975306249999999 0.005410306270406395 0.008556930856580087 0.01067329845790637 0.31007350273158
4 0.7864156171874999 0.7934835578125 0.7830614828125 0.601325328125 0.626835279678007 0.6040522666436432 0.6301894140530069 0.7962104963311432
2 0.669460571875 0.53923598125 0.6610888703125 0.05962153906249999 0.21428193123481876 0.06742058350526545 0.22265363279731876 0.5470350256927655
2 0.9940063906250002 0.15226293750000003 0.9913067219672949 -0.002401001932004915 0.8132088515560802 0.0007077074447181531 0.8159085202137856 0.15537164687672309
2 0.521029865625 0.7199789828124998 0.5167485718750001 0.47470384374999985 0.268348909397038 0.4790396762625564 0.27263020314703795 0.7243148153250564
4 0.2553477 0.8980804015624999 0.2525389531119414 0.7371674117518716 0.11662215625000001 0.7395398484375 0.1194309031380586 0.900452838248128
4 0.8089188406377101 0.4711667319781515 0.8054283593750002 0.2711971921875 0.7226284718622901 0.27264246958434846 0.7261189531250001 0.472612009375
1 0.36582408593750004 0.9602242875 0.35963393593069115 0.60559080742242 0.28933214375 0.6068179296874999 0.2955222937568089 0.9614514097650799
4 0.30713432968750004 1 0.3047674265539305 0.8644002776340545 0.20946944159282235 0.8660637109751536 0.21183634472639185 1.0016634333410992
4 0.8885819375114814 0.9167192787827538 0.883237137484216 0.6105159209707296 0.7738787952852346 0.6124247781254759 0.7792235953125 0.9186281359375
1 0.3430568859375 0.5511843312500001 0.3391028256573553 0.32465633748852585 0.10320125937499999 0.3287740140625 0.10715531965514472 0.5553020078239742
2 0.49569062656249996 0.8798205578125 0.4930727656249999 0.7298434031250001 0.3680918031114467 0.7320249539110322 0.3707096640489466 0.8820021085985321
4 1.0009829953066764 0.9100690970752396 0.9957472734374999 0.6101147875 0.8770153593715075 0.6121872607374235 0.8822510812406842 0.912141570312663
4 1.0000795582212891 0.589723573805737 0.9958800718750002 0.349135221875 0.886521729278711 0.3510440793192629 0.890721215625 0.5916324312499999
4 0.8907484843853076 0.5931946927780304 0.8863853828125 0.34323276875 0.7801515656146922 0.3450870869094695 0.7845146671875 0.5950490109375
4 0.23761824062500003 0.24047716718749998 0.23510945851667606 0.09674906089793506 0.11325301874952409 0.09887607184773481 0.11576180085784807 0.24260417813729976
4 0.9970605625 0.32723628437499996 0.9947426649110745 0.19444401248518808 0.7635278843750001 0.19847988124999996 0.7658457819639255 0.3312721531398119
2 0.20238649999999997 0.9974573375000002 0.20085941447189767 0.9099706640500301 0.043070950000000004 0.9127248718750002 0.04459803552810227 1.0002115453249703
1 0.5649676359375 0.9989421500000001 0.5643131703125001 0.9614478609374999 0.520569834365515 0.9622114041441041 0.521224299990515 0.9997056932066043
4 0.322268896875 0.07647483125 0.3209872360361281 0.0030485156232784387 0.20850437031250002 0.005011910937499995 0.2097860311513719 0.07843822656422154
4 0.35866724065717925 0.9978549237185497 0.3577673515625 0.9463002749999999 0.31089949059282074 0.94711835596895 0.31179937968749993 0.9986730046874998
2 0.6099116359522169 0.440260178968128 0.6083845515624999 0.3527735046875 0.5787015718607591 0.3532916226216372 0.5802286562504759 0.4407782969022652
1 0.7252067974732878 0.8680006484270567 0.7247704875 0.8430044546874997 0.5716688077857105 0.8456768531527408 0.5721051177589984 0.8706730468922977
2 0.3116523890624999 0.184489065625 0.31034345781249995 0.1095004875 0.25097750002276065 0.11053672474145884 0.2522864312727606 0.18552530286645885
4 0.9384652437537128 0.9095976095877045 0.9363927702889476 0.7908656955256804 0.8832758624727347 0.7917928546879758 0.8853483359374998 0.91052476875
4 0.5455466640625 0.8711366265624999 0.5415380647311239 0.641484109363329 0.4837343694186238 0.6424930765508291 0.48774296874999995 0.87214559375
4 0.07765886877559183 0.9246230420911564 0.07716802031082663 0.8965023249041325 0.0568586140352348 0.8968568265629759 0.057349462500000004 0.9249775437499999
2 0.6762083765625 0.478171415625 0.6753902937327796 0.4313035537009446 0.6550808874999999 0.43165805625 0.6558989703297204 0.4785259181740553
2 0.9489963968978004 0.5281057138062308 0.947851082807559 0.46249070752944155 0.8931719109374999 0.46344513593750003 0.8943172250277411 0.5290601422142893
4 0.879761659375 0.8590519312499998 0.8786436156249999 0.7949991875 0.8255267062300267 0.7959263457307256 0.8266447499800267 0.8599790894807253
2 0.83766675190217 0.5066079093690712 0.8367668624995239 0.45505326247273475 0.7898990015625 0.45587134375 0.790798890965146 0.5074259906463363
2 0.5819932609429055 0.6314015331221783 0.5817205671875 0.6157789125 0.5707847328070945 0.6159697981278218 0.5710574265624999 0.63159241875