0 0.9068540468750003 0.2898810796875001 0.605337475009311 0.28461808852908044 0.5950569171875002 0.8735908718750002 0.8965734890531895 0.87885386303342
4 0.5755023359375003 0.11375887031250007 0.01543140000552894 0.10398279655826459 0.00021508437500011857 0.9757250062500002 0.5602860203069715 0.9855010800042358
4 1.008636415576857 0.009583485929369407 0.8086668765142297 0.006093004686657542 0.7973909859373728 0.6520883515697883 0.997360525 0.6555788328125002
4 0.8696087312499999 0.006375379687500106 0.580590256226184 0.0013305435519168865 0.5743455671636839 0.3590885482394169 0.8633640421875001 0.3641333843750001
4 0.9923429580142192 0.943035045316021 0.7517546055833122 0.938835560925863 0.7506869765625 1 0.9912753289934072 1.004199484390158
4 0.9109338093750002 0.8619144046875 0.7562698702955253 0.8592147359372037 0.7538124546875001 1.0000000000000002 0.9084763937669751 1.0026996687502965
4 0.998888979700489 0.12036774300588396 0.7426780078124999 0.1158955640625001 0.7339381702995114 0.6166005429316164 0.9901491421875004 0.6210727218750002
4 0.5458466281329523 0.11167849016942058 0.2818243453125 0.10706996406250005 0.2751160765545478 0.49138642233057955 0.5391383593750001 0.4959949484375
0 0.9042656343793232 0.6172295122523377 0.7660054453125 0.6148161718750002 0.7616287093706771 0.8655592268101626 0.8998888984375002 0.8679725671875003
4 0.9086058250031067 0.7266969310720237 0.8625190953124999 0.7258924843750001 0.8607602203093933 0.8266583861154764 0.90684695 0.8274628328125001
0 1.002319194741545 0.013380064517318824 0.9023344249999997 0.01163482343750011 0.899771102179497 0.1584874531084963 0.9997558719210424 0.160232694188315
4 0.9903902078132631 0.24914528276878495 0.9560204421874998 0.24854535625000013 0.9552841687492368 0.29072643129371534 0.9896539343750002 0.29132635781250016
2 0.8956520562536483 0.8421134357285005 0.8565955062500002 0.8414317015625002 0.8554910968713522 0.9047033142714997 0.8945476468750002 0.9053850484375001
4 0.9720657390625002 0.22460298906250015 0.9384771046875 0.22401669687500014 0.937727196084702 0.2669789031112054 0.9713158304597022 0.2675651952987054
4 0.5947684093969914 0.7110610815526246 0.4244818484652414 0.7080887187232108 0.4195733593750002 0.9892958843749999 0.5898599203067503 0.9922682472044139
4 0.7221569843750001 0.6648397796875001 0.6932551374834268 0.6643352962619838 0.6924370562334268 0.7112031571994837 0.7213389031250002 0.711707640625
2 0.8329117928660296 0.4972159375118439 0.7594854772415057 0.49593427654707867 0.7581083734375 0.5748285093750001 0.8315346890620239 0.5761101703397653
4 0.8185571984375002 0.42429805937500004 0.7623157656321394 0.42331636209099094 0.7608704890625002 0.50611625 0.8171119218678609 0.5070979472840091
4 0.39691006875 0.407561753125 0.28442720312747105 0.4055983576709338 0.2804458734375 0.6336886140625 0.39292873906002895 0.6356520095165663
4 0.7505798449481842 0.8270792875209146 0.6404403715111602 0.8251567953061494 0.6385996875000001 0.9306094812500001 0.7487391609370242 0.9325319734647654
4 0.30656011000159766 0.5700721812609373 0.03394538656457363 0.565313673421172 0.026882615625000123 0.9699395375 0.2994973390620242 0.9746980453397652
4 0.22890704062500009 0.8109411328125002 0.030499762131357244 0.8074779218685656 0.027391053097258977 0.9855757937767894 0.22579833159090185 0.989039004720724
4 0.5943866390625001 0.73293275 0.502213179689927 0.7313238561109744 0.5002770531250001 0.8422444609375 0.5924505124975734 0.8438533548265259
4 0.9788716296910092 0.013752154486469922 0.95153204375 0.01327494062500012 0.950836674996491 0.053112622076030326 0.9781762609375002 0.05358983593750013
4 1.0013907397123267 0.16651218328311296 0.9801185187500001 0.16614087500000013 0.9787277790301353 0.24581623902375221 0.9999999999924618 0.24618754730686504
4 0.8167811406250003 0.7946359671875002 0.7456982187651375 0.7933952100702781 0.7436257453125001 0.9121271250000001 0.8147086671723628 0.9133678821172222
4 0.39801093126354636 0.6130810179739387 0.20507157031250003 0.6097132484375001 0.19886778434821067 0.9651278593472588 0.391807145299257 0.9684956288836976
0 0.5883865625250019 0.44997243763014366 0.3985717265625 0.4466592078125 0.3944540499749981 0.6825607748698563 0.5842688859375 0.6858740046875
4 0.9957789015739831 0.7461900305921384 0.9364129437500001 0.7451537937500001 0.9319680331357987 0.9998025046658696 0.9913339909597816 1.000838741508008
2 0.8486263078125003 0.7608115906250001 0.8181621984408887 0.7602798373058832 0.8171805000000003 0.8165212703125002 0.8476446093716119 0.8170530236316171
4 0.99599705625 0.7336919343750001 0.9678763390682388 0.7332010856087361 0.9666492171875001 0.8035028765625001 0.9947699343692614 0.8039937253287641
4 0.7447477437500002 0.892612484375 0.6830383937524028 0.8915353435536183 0.6811451359375 0.9999999999999998 0.7428544859350973 1.0010771408213814
4 0.9603513578125001 0.7166609875 0.8931740906130363 0.7154884038103932 0.8905698640505364 0.8646844272478933 0.9577471312500002 0.8658570109375002
4 0.7405768968750002 0.6839141562500001 0.6007544453259703 0.6814735461032913 0.5979456984375 0.8423865359375002 0.7377681499865298 0.844827146084209
0 0.4380047265843303 0.8286555878118422 0.33567656406250007 0.8268694437500003 0.33281327966566976 0.9909069575006579 0.43514144218750006 0.9926931015625
0 1.0006271966951892 0.011787793086448074 0.9734446170234305 0.011313318747136274 0.9728174203125001 0.04724534531250012 0.9999999999842588 0.04771981965181192
4 0.5507330171875002 0.8165586265625004 0.5069896796973542 0.8157950838104606 0.5039627781250001 0.9892061687500002 0.547706115615146 0.98996971150204
0 0.9963300156251831 0.6250874546770137 0.9728960859375 0.6246784140625004 0.9720098312498171 0.6754519296979867 0.9954437609375002 0.6758609703125
0 0.9478963453125002 0.8930329796874998 0.9119643180493775 0.892405784040235 0.9100862546874999 1 0.9460182819506228 1.0006271956472648