4 0.525 3.214697847761802e-17 0 0 2.7458877449632062e-17 0.4484375 0.525 0.4484375
4 0.89296875 9.017418814034221e-17 0.5796875 7.099124413807313e-17 0.5796875 0.4039062500000001 0.89296875 0.4039062500000002
0 0.9984375 1.1500198848243113e-16 0.8796875 1.0773064811249373e-16 0.8796875 0.6859375000000002 0.9984375 0.6859375000000002
2 0.21640625000000008 0.440625 0.12343750000000005 0.440625 0.12343750000000006 0.56015625 0.21640625000000008 0.56015625
2 0.8671875 0.3312500000000001 0.5140625 0.3312500000000001 0.5140625 0.5804687500000001 0.8671875 0.5804687500000002
2 0.88125 0.5406250000000001 0.7734375 0.5406250000000001 0.7734375000000001 0.7414062500000002 0.88125 0.7414062500000002
4 0.19453125000000004 0.2671875 0.10000000000000005 0.2671875 0.10000000000000005 0.38125 0.19453125000000004 0.38125
2 0.6328125000000001 0.503125 0.4375 0.503125 0.4375000000000001 0.7296875 0.6328125000000002 0.7296875
4 0.6140625 0.021875000000000075 0.571875 0.02187500000000007 0.571875 0.10859375000000009 0.6140625 0.10859375000000009
4 0.86796875 0.0046875000000001 0.7625 0.004687500000000093 0.7625 0.2093750000000001 0.86796875 0.2093750000000001
4 0.571875 0.15468750000000006 0.5359375 0.15468750000000003 0.5359375 0.21484375000000008 0.571875 0.21484375000000008
4 0.90703125 0.0046875000000001065 0.828125 0.004687500000000101 0.828125 0.1421875000000001 0.90703125 0.14218750000000013
4 0.03750000000000006 0.440625 5.3960999587430256e-17 0.440625 5.778802083476573e-17 0.503125 0.03750000000000007 0.503125
4 0.93828125 0.925 0.903125 0.925 0.903125 0.9703125 0.93828125 0.9703125
2 0.14062500000000006 0.446875 0.037500000000000054 0.446875 0.03750000000000007 0.603125 0.14062500000000008 0.603125
1 0.503125 0.490625 0.00937500000000006 0.490625 0.009375000000000092 0.9953125 0.5031250000000002 0.9953125
4 0.07656250000000005 0.3859375 0.04531250000000005 0.3859375 0.04531250000000005 0.43125 0.07656250000000005 0.43125
4 0.06562500000000003 0.2546875 0.012500000000000034 0.2546875 0.012500000000000035 0.32890625 0.06562500000000004 0.32890625
4 0.246875 0.0015625000000000163 0.015625 0.001562500000000002 0.01562500000000001 0.16484375 0.246875 0.16484375000000004
4 0.24218750000000006 0.321875 0.2125 0.321875 0.21250000000000005 0.371875 0.24218750000000008 0.371875
4 0.9 0.6968750000000001 0.853125 0.6968750000000001 0.853125 0.91796875 0.9 0.91796875
4 0.1820312500000001 0.55 0.004687500000000068 0.55 0.004687500000000082 0.79765625 0.1820312500000001 0.79765625
4 0.1812500000000001 0.80625 9.873714818125535e-17 0.80625 1.1045740075122027e-16 0.99765625 0.18125000000000013 0.99765625
2 0.025000000000000088 0.6828125 8.362041425428021e-17 0.6828125 8.682554454892368e-17 0.73515625 0.025000000000000088 0.73515625
2 0.66796875 0.004687500000000078 0.5953125 0.0046875000000000736 0.5953125 0.07421875000000008 0.66796875 0.07421875000000008
2 0.64296875 0.11250000000000009 0.634375 0.11250000000000009 0.634375 0.12421875000000009 0.64296875 0.12421875000000009
2 0.63359375 0.01875000000000008 0.625 0.01875000000000008 0.625 0.035156250000000076 0.63359375 0.035156250000000076
4 0.07031250000000008 0.6375 0.037500000000000075 0.6375 0.037500000000000075 0.67265625 0.07031250000000008 0.67265625
2 0.64140625 0.1437500000000001 0.6328125 0.1437500000000001 0.6328125 0.1546875000000001 0.64140625 0.1546875000000001
4 0.08125000000000009 0.6875 0.050000000000000086 0.6875 0.050000000000000086 0.725 0.08125000000000009 0.725
4 0.75625 0.01250000000000008 0.5546875 0.012500000000000067 0.5546875 0.3500000000000001 0.75625 0.3500000000000001
2 0.14687500000000003 0.4703125 0.13281250000000006 0.4703125 0.13281250000000006 0.5265625 0.14687500000000003 0.5265625
2 0.83984375 0.9359375 0.8234375 0.9359375 0.8234375 0.98046875 0.83984375 0.98046875
4 0.05156250000000009 0.7296875 0.025000000000000088 0.7296875 0.025000000000000088 0.76484375 0.05156250000000009 0.76484375
2 0.60859375 0.015625000000000073 0.6015625 0.015625000000000073 0.6015625 0.02578125000000008 0.60859375 0.02578125000000008
4 0.4976562500000001 0.6984375 0.475 0.6984375 0.4750000000000001 0.7328125 0.4976562500000002 0.7328125
2 0.6625 0.025000000000000078 0.6546875 0.025000000000000078 0.6546875 0.03828125000000008 0.6625 0.03828125000000008
4 0.2773437500000001 0.7125 0.2562500000000001 0.7125 0.2562500000000001 0.7453125 0.2773437500000001 0.7453125
2 0.06953125000000009 0.734375 0.05312500000000009 0.734375 0.05312500000000009 0.76171875 0.06953125000000009 0.76171875
2 0.02421875000000008 0.6484375 0.009375000000000081 0.6484375 0.009375000000000081 0.6703125 0.024218750000000084 0.6703125