4 0.7059101422100358 0.4589750720585391 0.6535444076460344 0.03249039708174556 0.45658603106099865 0.05667384533570645 0.5089517656250001 0.4831585203125
4 0.8602493703125 0.9595218515624999 0.8143579458215171 0.5857661919534036 0.068397478125 0.6773586203125 0.1142889026159829 1.0511142799215965
4 0.5741366234930343 0.7191611124931814 0.5250080453124999 0.3190409453125 0.0023704624444656876 0.38321277031931866 0.051499040625000006 0.7833329375
4 0.9129783844077084 0.9530475440163879 0.8874619906250001 0.7452331921875002 0.7385800687172918 0.7635135934836124 0.7640964624999999 0.9713279453125001
4 0.796992235999919 0.9058937223833621 0.7577655421875 0.586417928125 0.5034255903735795 0.6176469463898445 0.5426522841859984 0.9371227406482066
0 1.0268493405273593 0.7816425372761959 0.9999999997824768 0.5629722122909157 0.8562309858176175 0.5806248281397197 0.8830803265625 0.799295153125
4 0.9021224110146665 0.9543804896909707 0.89374389375 0.8861429406250002 0.8317097592978335 0.8937597743715292 0.8400882765625001 0.9619973234374998
0 0.5372910296875 0.99602768125 0.5313879828213139 0.9479512263395211 0.38560776718749995 0.9658507875 0.39151081405368604 1.0139272424104788
0 0.705164034375 0.9785639375000004 0.6912633134707553 0.8653516420683063 0.5749493109374999 0.8796332046875 0.5888500318417446 0.992845500119194
0 0.9560234218750001 0.8548824656249998 0.9426939624261971 0.7463227290864236 0.8682530015624998 0.7554629296875 0.8815824610113028 0.8640226662260762
4 0.89071105625 0.23320817499999996 0.8808091718586761 0.15256379986705415 0.8311818640624999 0.15865726718749998 0.8410837484538236 0.23930164232044576
0 0.873001918033137 0.08897881083366883 0.8627191921642934 0.005232729498498534 0.8084393234374998 0.011897459375000008 0.8187220493063435 0.09564354071017031
0 0.07810241093749999 0.9999999999999998 0.06311471240672321 0.8779349929903215 0.04295361829711407 0.8804104641181073 0.057941316827890846 1.0024754711277857
0 0.7594439017893018 0.9718992077846526 0.7554450640624999 0.9393312859375001 0.7089194638356983 0.9450439109653477 0.7129183015625 0.9776118328125001
0 0.10493277968750003 0.8979881265625002 0.10112436406250003 0.8669710578125001 0.08406497642555774 0.8690656863846943 0.08787339205055775 0.9000827551346944
0 0.86290365625 0.27597834687499995 0.8590952405956569 0.24496127944852003 0.8327307328125 0.24819843281249998 0.8365391484668429 0.2792155002389799
0 0.6756978203499484 0.9821819331174932 0.6692235107859469 0.9294529175156997 0.6040876701234984 0.9374505937732064 0.6105619796874999 0.990179609375
0 0.48110634062499996 0.9999999999999998 0.4786039953125 0.97962003125 0.3979596201813702 0.9895219146416944 0.40046196549387025 1.0099018833916942
0 0.21817057669487455 0.9612217448281045 0.21321963593749999 0.9208995562500002 0.19616024832833187 0.9229941850483969 0.2011111890857064 0.9633163736265014
0 0.12762233286505698 0.9802108410530419 0.11867255312500005 0.9073207328124999 0.09230804682244305 0.910557887071958 0.10125782656249997 0.9834479953124999
0 0.09227051718750001 1 0.08964016872326215 0.9785775279072373 0.05552139531250001 0.9827667859374998 0.058151743776737874 1.0041892580302625
0 0.9031493407147215 0.039624385105722415 0.8976995596403856 -0.004760521165846421 0.8589282250000002 0 0.864378006074336 0.04438490627156884
4 0.6107113234374999 0.38880384375000027 0.5615827442516235 -0.011316323649231085 -0.04912857918587644 0.06366959822576876 1.1102230246251566e-17 0.46378976562500007
4 0.6088207046874998 0.9888191765625003 0.6034889218749999 0.9453952812500003 0.5740227076346318 0.9490132766763806 0.5793544904471318 0.9924371719888804
4 1.0123773530086135 0.9408428852424402 1 0.8400374156249999 0.9471266311700084 0.8465294477860228 0.9595039841786221 0.9473349174034631
4 0.8338848640625003 0.96275900625 0.8274105545876376 0.9100299913741848 0.7901900734375 0.9146000921875 0.7966643829123625 0.9673291070633152
4 0.7352584694806771 0.8646724170977842 0.7261182687267935 0.7902314560609986 0.6718384000000002 0.7968961859375001 0.6809786007538837 0.8713371469742854
4 0.9920719062499999 0.9433360796875 0.9894060142353295 0.9216241327912791 0.958388946875 0.9254325499999998 0.9610548388896702 0.9471444968962208
4 0.4250192329986008 0.31242721870316836 0.4204491328095993 0.2752067374763748 0.3971863326234985 0.2780630500232065 0.4017564328125 0.3152835312500001
4 0.8570516140625001 0.382170571875 0.8524815140392936 0.34495009043599856 0.8338712734142936 0.3472351404359986 0.8384413734375 0.38445562187500004
4 0.932034365625 0.48001176562500014 0.9221324810791709 0.3993673906459752 0.846140667016671 0.40869801252097515 0.8560425515625001 0.4893423875000001