0 0.677582884375 0.8442609312500002 0.6485109045486142 0.5676595283660886 0.4092040734375 0.5928116906249999 0.43827605326388586 0.8694130935089115
0 0.8150064079217454 0.6868464291643995 0.778748096875 0.3418716453125 0.5565346108282547 0.3652272239606004 0.592792921875 0.7102020078125
4 0.35999610937500004 0.4235908140624999 0.32079793591033473 0.05064510286653982 0.014671664062500003 0.08282027031250001 0.05386983752716533 0.4557659815084601
4 0.41561555624999996 0.9079302609375001 0.36090143900266314 0.3873602056806905 0.10450126249999998 0.41430894999999995 0.15921537974733685 0.9348790052568094
4 0.5984956953865987 0.330965910080002 0.562727361888075 -0.009347051272130914 0.31254294775147634 0.01694839021036717 0.3483112812500001 0.35726135156250005
0 0.9982409030067403 0.45705941078570433 0.9670456890454278 0.16025678265006904 0.8567159156250002 0.17185290937499997 0.8879111295863128 0.46865553751063527
1 0.13287301792669412 0.9832097936723077 0.1055976218579278 0.7237017357750689 0.0216848359375 0.7325213249999999 0.04896023200626633 0.9920293828972386
0 0.6266900484464497 0.9878673719601491 0.5858586170325479 0.5993822563382281 0.3854002961066996 0.6204512750807517 0.4262317275206014 1.0089363907026727
4 0.919676086742809 0.2626441436653587 0.8986070687329276 0.06218582327506901 0.8007088187499999 0.07247534375 0.8217778367598813 0.27293366414028963
4 0.09900873597840387 0.4965837863266743 0.08071625468604601 0.32254245467366605 -0.01562805316735786 0.3326686495969919 0.002664428125000007 0.5067099812500001
1 0.26732852658885253 0.976933482645505 0.2145743171875 0.47501071406249995 -0.0029773484638525582 0.497876315791995 0.049776860937499987 0.999799084375
0 0.4767791438041435 0.9816281499943095 0.45554680000000003 0.7796158890625 0.33433944358756895 0.7923552953295719 0.35557178739171247 0.9943675562613816
4 0.7667080156249999 0.9747219984375002 0.7626248718486401 0.935873485686703 0.706683015625 0.9417532125000001 0.7107661594013598 0.9806017252507973
4 0.9840315642147506 0.3218665920735681 0.9549595859102473 0.04526518880320929 0.7793643124999999 0.0637209953125 0.8084362908045032 0.34032239858285884
4 0.8932351875 0.9378568562499998 0.886865484321957 0.8772531776203294 0.8386933296875 0.882316275 0.8450630328655429 0.9429199536296704
4 0.6879611048398031 0.8981588717615676 0.681754728125 0.8391091328125 0.6397983357851968 0.8435189266759325 0.6460047124999999 0.902568665625
0 0.7954589357559108 0.17200684985486042 0.7864760202954277 0.08654012483756895 0.7103329374999999 0.09454308593749997 0.719315852960483 0.1800098109547914
0 0.8203633125000002 0.9470871046874999 0.8037040880232625 0.7885851780700031 0.7042518973982625 0.799038024945003 0.7209111218750002 0.9575399515624998
0 0.9949880140625 0.8596046156250002 0.9605262859374999 0.531723178125 0.7367588593559974 0.5552420826317019 0.7712205874809974 0.8831235201317021
0 1.0041206280338715 0.5130012671818044 0.9895846390609121 0.3747005671723933 0.9087797343749999 0.3831935046875 0.9233157233479593 0.5214942046969111
4 0.5767682328125 0.6773219234375001 0.5416532033157194 0.3432247232532292 0.3287633593579278 0.3656003467125689 0.3638783888547084 0.6996975468968397
0 1.0013530251070653 0.9500598147701028 0.9819172640257039 0.7651408980874057 0.7861207655926642 0.7857199390658987 0.8055565266740258 0.9706388557485957
4 0.36285151278996414 0.9888891062195236 0.3419458203125 0.7899847265625001 0.1601347857895048 0.8090938360919198 0.18104047826696892 1.0079982157489433
4 0.1872848437699227 0.3050572173770515 0.16850238593750003 0.12635406406250002 0.06438837498007734 0.13729688731044853 0.0831708328125 0.316000040625
4 0.5066775860017749 0.6831176396740356 0.49246824832227176 0.547924819216177 0.37903059375 0.5598475968750001 0.39323993142950314 0.6950404173328588
0 0.9267690249999999 0.40486935468749996 0.91484624682393 0.29143169951410103 0.8402571046875001 0.29927133437500003 0.85217988286357 0.4127089895483989
0 0.8409146501306412 0.7988141512429658 0.8229488202807099 0.6278806996975381 0.725050571712569 0.6381702203295723 0.7430164015625 0.8091036718749999
4 0.08940491415655143 0.7191192321448396 0.07176573593749999 0.5512936609375001 0.0033923545934485765 0.5584799928551605 0.02103153281250001 0.7263055640625
1 0.07235334852651384 0.9754307070969102 0.059613942187500005 0.8542233500000002 0.03475089366098616 0.8568365616530901 0.0474903 0.9780439187500001
0 0.8292955125000001 0.3145634046875001 0.8131262655730094 0.16072329950534275 0.7183358984374998 0.17068616875000003 0.7345051453644904 0.3245262739321574
0 0.6665189640625001 0.4699292984375 0.6578627000000001 0.38757045312500005 0.6065826641563747 0.39296020245565894 0.6152389282188747 0.47531904776815886
0 0.6019903265625001 0.9920345249999999 0.59464066875 0.9221072031249997 0.5386988124538561 0.9279869292484696 0.5460484702663562 0.9979142511234697
0 0.5809724718749999 0.9863880562500003 0.5706829515413396 0.8884898076111728 0.496093809375 0.8963294421875 0.5063833297086603 0.9942276908263274
0 0.8713213876835487 0.9087379564338527 0.8629917765624999 0.8294869921875001 0.8117117406209541 0.8348767405865065 0.820041351742003 0.914127704832859
0 0.9636482438605778 0.44184196667707737 0.9561352608685747 0.37036070403171845 0.9141788671875002 0.3747704984375 0.9216918501795034 0.44625176108285886
1 0.4046445796875 0.9829253718749997 0.3741026703125 0.6923385046874999 0.29174382490494527 0.7009947678456148 0.3222857342799452 0.9915816350331147
0 0.23453714230069583 0.9489578635769869 0.2190211983882649 0.8013335182815593 0.10713748577506901 0.8130929703295722 0.1226534296875 0.9607173156249997
0 0.5097573140625 0.8619001093750001 0.5009377249688092 0.7779873247032385 0.446549809375 0.783703725 0.4553693984686909 0.8676165096717616
0 0.6922361781831436 0.23627362711569871 0.6881530342707125 0.19742511463277093 0.6570742248375689 0.20069162970457227 0.6611573687500001 0.23954014218750003
0 0.5243866969334321 0.9263489802434449 0.5165470624999999 0.8517598375000001 0.46371308587906784 0.8573129119440551 0.4715527203125 0.9319020546875001
0 0.5490117937499999 0.8766275781249998 0.5423154390624999 0.81291601875 0.5034669280480734 0.816999161768093 0.5101632827355733 0.8807107211430928
0 0.44406707812499996 0.9693552593749999 0.438024026547959 0.9118594623616509 0.40072945468750004 0.9157792796874998 0.4067725062645411 0.9732750767008488
0 0.5020528515625 0.9679740296875 0.4943765421300144 0.8949388275780615 0.4399886265625 0.9006552281249997 0.4476649359949856 0.9736904302344381
0 0.3550306468750001 0.7948938828125 0.3403313311990974 0.6550392417031944 0.23621732031249998 0.6659820656250001 0.25091663598840264 0.8058367067343056
4 0.11250846563847963 0.98377908762825 0.10401552812499999 0.9029741828125 0.04030396873652037 0.90967053737175 0.048796906250000015 0.9904754421874999
0 0.7654440890625 0.17044821875000005 0.7611976203125 0.13004576562499998 0.7363345733244101 0.13265897704902058 0.7405810420744101 0.17306143017402062
0 0.08407147042647807 0.3096209542094289 0.07378194995154708 0.21172270422650113 0.008516451400069009 0.21858238439207223 0.018805971875 0.316480634375
4 0.049590524999999996 0.624324171875 0.041750888910210684 0.5497350282385642 0.0029023765795721857 0.553818172037431 0.0107420126693615 0.6284073156738669
4 0.27708204687500004 0.322327965625 0.2697323890526034 0.2524006436558398 0.22932993749999997 0.25664711249999994 0.23667959532239666 0.3265744344691601
0 0.7902231281250001 0.181983796875 0.7702973912288238 -0.00759694003000686 0.6102415217810195 0.00922560848083529 0.6301672586771958 0.19880634538584213
4 0.12399332969195961 0.24100962347993032 0.11370380937499999 0.14311137343750002 0.07640923905804038 0.1470311905825697 0.086698759375 0.244929440625
4 0.10881297187500001 0.5599686937499999 0.0999933827813091 0.47605590907823847 0.04560546718749997 0.481772309375 0.054425056281190876 0.5656850940467615
4 0.030635356249999995 0.5037701187499999 0.023775674999999996 0.43850461874999996 -0.005749193618476195 0.4416078078418 0.0011104876315238045 0.5068733078418
1 0.060589203125000005 0.8933985140624999 0.04964637961909412 0.7892845024741615 0.027891214062499992 0.7915710624999999 0.03883403756840588 0.8956850740883384
4 0.1683109078125 0.3039092453125 0.16259450666316505 0.24952132824579998 0.12685387541316506 0.2532778204333 0.1325702765625 0.30766573750000004