0 0.32572721093750007 1 0.26457364523003024 0.30101154749486575 -0.012493006586871696 0.32525173864038276 0.04866055912059812 1.024240191145517
2 0.8981688266323353 0.2644007742357216 0.8734402426787955 -0.01824823361365143 0.664861978125 0 0.6895905620785397 0.28264900784937297
4 1.0201974547307429 0.7179913273715492 0.9733512421342798 0.1825366759541896 0.659705567091037 0.20997711733264043 0.7065517796874999 0.7454317687500001
4 0.6955444171875002 0.278991175 0.6710318639494585 -0.0011885842284090286 0.2927891889494584 0.03190336264659089 0.3173017421875 0.3120831218749999
4 0.752682514110335 0.8872634224217558 0.7330724717871723 0.6631196146211249 0.5735256654893375 0.677078151574369 0.5931357078125001 0.901221959375
4 1.023763557388319 0.9309910488055554 1 0.6593723375 0.8818691060856034 0.6697074512459388 0.9056326634739225 0.9413261625514939
4 0.7294111120876118 0.9708597670868784 0.7063965484256312 0.7078021045518375 0.5912115359375001 0.7178794875000001 0.6142260995994808 0.9809371500350409
4 1.0010714532491363 0.705548419820395 0.9741076452707166 0.397350683897411 0.72817207952158 0.418867257827016 0.7551358875 0.7270649937499999
4 1.0184525041478805 0.9502773292157952 1 0.73936423125 0.8934839920968916 0.7486831739643426 0.911936496244772 0.959596271930138
4 0.12560849220537929 0.6488216814543609 0.11845899687500001 0.5671025843749999 0.07331892341962074 0.571051829483139 0.08046841874999999 0.6527709265625
4 0.5383634859374999 0.9922796750000004 0.5145318374320246 0.7198826867230378 0.33552810127583754 0.7355434844000798 0.3593597497813129 1.0079404726770425
4 0.125060239113802 0.956289472461385 0.1169574780525083 0.8636744960464163 0.07103912800120629 0.8676918313975314 0.0791418890625 0.9603068078125
4 0.8414830156250002 0.9610547468749999 0.8254136749781573 0.7773813497503341 0.7709342765624999 0.7821476796875 0.7870036172093429 0.9658210768121659
4 0.12899255000000004 0.7771400312500001 0.12306868278591346 0.7094299231336144 0.0872679359375 0.7125620828125 0.09319180315158655 0.7802721909288857
0 0.38746381249999995 0.2714384296875 0.36465352075228163 0.0107155981604865 -0.022810291747718335 0.044614288785486525 0 0.30533712031250004
4 0.8655707969301126 0.9495365287549413 0.83452156398195 0.5946421662668103 0.6757530342393372 0.6085326125118689 0.7068022671874999 0.9634269749999997
0 0.1092893703125 0.18441427656250003 0.09785017861103477 0.05366372183247747 0.03636628642353479 0.059042865582477455 0.047805478125 0.1897934203125
4 0.834328229739355 0.48486628653020547 0.8265659217793235 0.3961426957814119 0.782982403125 0.399955759375 0.7907447110850314 0.48867935012379365
4 0.7079389921875 0.2324212046875 0.696840253125 0.10556203593749998 0.6213473733710314 0.11216680705276075 0.6324461124335314 0.23902597580276072
4 0.7896573828124998 0.2880105109375 0.780941807791462 0.1883910419470371 0.7070054828125001 0.1948596328125 0.7157210578335378 0.29447910180296294
4 0.10878274847960304 0.25033427704374 0.1024503389689404 0.17795450518060893 0.06431476080183737 0.18129093594936896 0.0706471703125 0.2536707078125
4 0.7426806300836528 0.9791096468403412 0.735667317175631 0.8989471045518371 0.6718485937499998 0.9045305187499999 0.6788619066580217 0.9846930610385038
4 0.9771254984374999 0.21671277968750005 0.9575460449483799 -0.007081403965388899 0.8766052249999998 1.1102230246251566e-17 0.8961846784891196 0.22379418365288894
4 0.5227287968750001 0.22196103281250004 0.5111534249885291 0.08965392486888568 0.43332571406250003 0.09646296718750003 0.444901085948971 0.22877007513111441
0 0.26145418439204826 0.8659331236323631 0.25130871093749996 0.749969834375 0.1835986031079516 0.7558937013676368 0.19374407656249998 0.871856990625
0 0.14617532825667962 0.5701673608801048 0.13092307342503368 0.39583328735750956 -0.006831974306132427 0.40788529216578917 0.008420280525513486 0.5822193656883844
4 0.7890724390625001 0.3978544828125 0.780220684375 0.2966784578125 0.7055060811752291 0.3032151382078633 0.7143578358627292 0.4043911632078633
4 0.6508862687499999 0.6828577234375001 0.6278036149842787 0.4190217842943548 0.5063923852967788 0.4296438905443547 0.5294750390624999 0.6934798296874999
0 0.03702743445219953 0.0934913305698948 0.032465376518652424 0.041346763561319874 -0.00456205793354711 0.04458624392892508 0 0.0967308109375
0 0.8249056421875001 0.968778953125 0.8141473545842501 0.8458111691323499 0.7020754515625 0.855616190625 0.7128337391657498 0.9785839746176501
4 0.6354145703125 0.9900626796874998 0.6230902031250001 0.8491945218749999 0.5732804687245361 0.8535523090839463 0.585604835912036 0.9944204668964464
4 0.9781683734375 0.9098846156250001 0.975036214015535 0.8740838682131867 0.9470182375 0.8765351234375001 0.950150396921965 0.9123358708493134
0 0.0937781578125 0.5449506171875 0.08839901406250002 0.4834667250000001 0.04715032660455082 0.4870755176681428 0.0525294703545508 0.5485594098556428
4 0.6872162171985232 0.3361846641884975 0.6801348124999999 0.2552438453125 0.6295467999889766 0.2596697233115025 0.6366282046875 0.3406105421875
4 0.37843565625000003 0.2847760390625 0.361753503125 0.09409814687499997 0.1959804780164626 0.10860140657191195 0.21266263114146264 0.299279298759412
4 0.5152487265625 0.9880280796875001 0.5094610406593253 0.9218745264227959 0.47910823280063114 0.9245300529893372 0.4848959187038058 0.9906836062540414
0 0.049280887499999995 0.48453641562499994 0.041654759681403954 0.39736937904733416 -0.007376698176025565 0.401659075926265 0.00024942964257048116 0.48882611250393077
4 0.3951626156643754 0.8165919082625634 0.3908048280405817 0.7667821724725951 0.3635651280012063 0.7691653376475316 0.367922915625 0.8189750734375
0 0.22528370321369753 0.8738030369513178 0.22058546406249996 0.8201019156250002 0.19256748741130245 0.8225531708611824 0.19726572656249997 0.8762542921875
0 0.06876180783217237 0.0797356517873562 0.065016834375 0.036930410937500005 0.03310747185532763 0.039722118525143804 0.0368524453125 0.082527359375
4 0.5881210078961732 0.4405309509563879 0.5664001624480105 0.19226055253075677 0.3990705842393374 0.20689999376186896 0.4207914296875 0.4551703921875
0 0.2655593671875 0.8859640578124998 0.26147394049549727 0.8392674297697775 0.23501251876186888 0.8415825048231627 0.2390979454538716 0.8882791328658849
0 0.5706813891924212 0.994157631172506 0.5593783796875 0.8649636296875001 0.5010075951944479 0.8700704111506568 0.5123106046993691 0.9992644126356627
0 0.12134878282614574 0.5284222829684715 0.11692290457735202 0.47783427061600314 0.0842352655012063 0.4806940688975317 0.08866114375000002 0.53128208125
0 0.046459192188194165 0.5239949937579345 0.0419652234375 0.4726287046875 0.022508295311805836 0.47433096561706556 0.027002264062500003 0.5256972546875
4 0.9255369421874999 0.9537009812500001 0.9062673531249998 0.733448559375 0.7895257858608172 0.7436621225610143 0.8087953749233172 0.9639145444360144
0 0.4872695578125 0.9998867515625 0.47780498906249996 0.8917062328125003 0.3812986273926335 0.9001494451892833 0.39076319614263344 1.008329963939283
0 0.4347357703125 1 0.42886067343749995 0.9328473156250002 0.39072509363412483 0.9361837455505407 0.3966001905091249 1.0033364299255405
0 0.07535705312499999 0.137191978125 0.0714078078125 0.09205190468749999 0.04572466263861559 0.0942988890843831 0.04967390795111558 0.1394389625218831
0 0.07889775468749999 0.17766238750000002 0.07522087184475822 0.1356354230918349 0.052650835937499994 0.1376100453125 0.05632771878024177 0.1796370097206651
4 0.29097015 0.8806039656249999 0.2865442718749999 0.8300159531249998 0.2670873437413904 0.8317182139640916 0.27151322186639043 0.8823062264640917
0 0.030314353125 0.1332903609375 0.0269098328125 0.0943765046875 0.00044841083154787824 0.09669157847646136 0.003852931144047872 0.13560543472646136
4 0.7595148422801679 0.624731432309199 0.7427645983826364 0.4332752634354054 0.6610455015625 0.4404247578125 0.6777957454600314 0.6318809266862937
0 0.045856609424718454 0.4722882536932846 0.042656359374999994 0.435709228125 0.01619493745028154 0.4380243025567154 0.019395187499999997 0.474603328125
0 0.1007628953125 0.5710034968749998 0.09817545937500001 0.541428965625 0.08494474840224596 0.5425865027220447 0.08753218433974597 0.5721610339720444
2 0.6820420500000001 0.21429680312500002 0.6765267265255289 0.15125635738991777 0.6376128703125 0.154660878125 0.6431281937869712 0.21770132386008223
0 0.09886059843750002 0.172778928125 0.09566034843750001 0.13619990312500002 0.07931652803743204 0.13762980212409354 0.08251677803743204 0.17420882712409352
4 0.08588249267340833 0.20371526558248854 0.084112140625 0.1834800609375 0.06154210420159166 0.1854546844175115 0.06331245625000001 0.2056898890625
0 0.6089538546875 0.9296389515625002 0.6018043593486271 0.8479198559485566 0.57767776875 0.850030659375 0.5848272640888729 0.9317497549889436
0 0.6434132562499999 0.8215367562500002 0.6409620014304327 0.7935187795623532 0.6292878436179327 0.794540135812353 0.6317390984374999 0.8225581125000001
0 0.04749501411085657 0.11453409430271813 0.0453842109375 0.09040750312500001 0.03137522338914343 0.09163313069728188 0.0334860265625 0.11575972187500001
2 0.6709514249999999 0.2309517921875 0.6669340906250001 0.1850334421875 0.6342464514688294 0.18789323955434087 0.6382637858438294 0.23381158955434084
0 0.3964531593749999 0.2486934046875 0.3937976328125 0.218340596875 0.3735624280758228 0.22011094787540206 0.37621795463832275 0.2504637556879021
1 0.922054100042651 0.9587110958000012 0.9067337545944882 0.7835987458118703 0.8685981764268373 0.7869351765743688 0.883918521875 0.9620475265624998
0 0.3821654578813348 0.8114551382867858 0.38066746868317225 0.7943330414236549 0.36588020298933743 0.7956267593868691 0.3673781921875 0.81274885625
4 0.6785119296875 0.9627651218749997 0.6439900842797783 0.5681786270366113 0.45409047031250005 0.584792690625 0.4886123157202217 0.9793791854633886
0 0.3631551750663477 0.8899732788833579 0.36097628118068503 0.8650684101452267 0.3454107389268374 0.866430218761869 0.3475896328125 0.8913350875000001
0 0.10722619375 0.25047045781249994 0.10450257810049648 0.21933937315742336 0.0897153125 0.22063309062499994 0.09243892814950352 0.2517641752800765