0 0.7370789019618706 0.44101471590072305 0.21254628281250004 0.36729646250000003 0.13023843967018361 0.9529471873658093 0.6547710588195543 1.0266654407665323
0 0.8673025921874998 0.13191142812500006 0.5593911140625 0.08863729218750008 0.502852042019807 0.49093369550852745 0.8107635201448069 0.5342078314460273
0 0.18174251562500005 0.6201577359375001 1.1794295540212829e-10 0.5946154913482928 -0.04686219206955702 0.9280573179107927 0.1348803234375001 0.9535995625
0 0.8455566265625002 0.8704473546875 0.597989609375 0.8356540796875 0.5748922967169994 0.9999999999777944 0.8224593139044994 1.0347932749777944
0 0.8896923443426645 0.16345950320829367 0.5260782875000001 0.11235687968750008 0.4828041509698357 0.4202683577292066 0.8464182078125001 0.4713709812500001
0 0.1601389547041764 0.594242646756342 6.661338147750939e-17 0.571736584375 -0.04936295939167629 0.9229722907436578 0.11077599531250004 0.945478353125
0 0.8453475875 0.68107530625 0.6310473869928921 0.6509573780537307 0.5823368031152016 0.9975512016322199 0.7966370036223095 1.0276691298284892
0 0.7373214470731349 0.45051593596534606 0.4294099685378424 0.4072417999701832 0.3505814546875 0.9681358234375003 0.6584929332227925 1.011409959432663
0 0.7675228062500001 0.9541517515625001 0.6561176481139671 0.9384947780795306 0.647473653125 1 0.7588788112610331 1.0156569734829695
0 0.5334383094141555 0.38557135128389547 0.31604352187500007 0.3550185062500001 0.2315610999608447 0.9561421705911048 0.4489558875000002 0.9866950156250001
0 0.6931356797866214 0.697551852419716 0.6010716953125 0.684613103125 0.5730196169721584 0.8842140109072357 0.6650836014462798 0.8971527602019517
0 0.6252220734375002 0.5183877421875002 0.5486310282126313 0.5076235728139713 0.5302558296875 0.6383699046875002 0.6068468749123689 0.649134074061029
0 0.4768490611541045 0.7657707234587802 0.3584810799331061 0.7491351888774228 0.3264060296875001 0.9773610343750002 0.4447740109084985 0.9939965689563575
4 0.46949745796519526 0.3016369098510177 0.3341092453125 0.28260933750000006 0.28648594978465836 0.6214666937197358 0.42187416243735354 0.6404942660707535
0 0.6105437031250002 0.4768784421875001 0.4991385454213012 0.4612214679758397 0.47097773750000005 0.6615960234375 0.582382895203699 0.6772529976491605
0 0.3769943064072049 0.5332040551314301 0.24470068125000005 0.5146113984374999 0.18294261697215825 0.9540428546572357 0.31523624212936313 0.972635511351166
0 0.6211070406958938 0.7497541823080649 0.5158910593750001 0.7349670406250001 0.49077466399160635 0.9136794817544354 0.5959906453125001 0.9284666234375003
0 0.5177729172346223 0.6878958512272078 0.44814469218750014 0.6781102421874999 0.43237898901537786 0.7902890472102921 0.5020072140625 0.80007465625
4 0.9957111437500001 0.5317991234375002 0.8239615264386091 0.5076612887921386 0.7547678328125003 1.0000000000000002 0.9265174501238913 1.0241378346453618
4 1.0507781861092576 0.1624308070999305 0.8627819828541268 0.1360096637663102 0.7938478061198695 0.6265018176038799 0.981844009375 0.6529229609375002
0 0.667182959375 0.702582640625 0.6130276733758075 0.6949716113764647 0.6016111296258077 0.7762045395014647 0.655766415625 0.78381556875
0 0.8515283859375 0.7269128453125001 0.824450743818882 0.7231073307598797 0.8152087796874999 0.7888673203125001 0.842286421806118 0.7926728348651205
0 1.0507530991035148 0.15138229265365605 0.39005862168291794 0.058527739035504664 0.2617584187500001 0.9714311156250002 0.9224528961705971 1.0642856692431515
0 0.9158205125000002 0.8195748609375002 0.8724962843750002 0.8134860375000003 0.8619495724401233 0.8885297891419232 0.9052738005651232 0.8946186125794231
0 0.7018673781534233 0.8936441763602595 0.5471379921875001 0.8718983796875002 0.5291344838698474 0.9999999999290056 0.6838638698357704 1.0217457966017647
0 0.417218425 6.661338147750939e-17 0.25552621712768264 -0.02272435738687753 0.24214986400268268 0.07245334261312246 0.40384207187500004 0.09517770000000006
0 0.7232952814234764 0.9881712968993804 0.6853865811840526 0.9828435765532317 0.6829754031250003 1 0.7208841033644241 1.0053277203461488
4 0.38681337974350954 0.4296566402264726 0.3171851562500001 0.41987103125000014 0.2894592640064907 0.6171509988360275 0.35908748750000014 0.6269366078125002
0 0.6566613359375002 0.7886749078125002 0.6001851094753335 0.7807376914735905 0.5880074625 0.8673861484375 0.6444836889621668 0.8753233647764096
0 0.02762366250000008 0.668774703125 8.190127995327526e-17 0.668774703125 9.417437320129522e-17 0.8692095265625 0.027623662500000097 0.8692095265625
4 0.9968654484374998 0.1643210000000001 0.9055751093749999 0.15149097968750008 0.8740437040072824 0.3758485891864968 0.9653340430697822 0.3886786094989968
0 0.7710773973451133 0.9625405953785702 0.7339423440176919 0.9573216045055266 0.7282884374092722 0.997551244395563 0.7654234907366935 1.0027702352686065
0 0.8856944594538712 0.20313295412630353 0.7820257703125 0.18856327031250011 0.7586490389836288 0.35489735993619664 0.8623177281250001 0.3694670437500001
0 0.6923243158316523 0.9727736204045924 0.6590574973624124 0.9680982748489064 0.6545740031250002 1 0.6878408215942402 1.0046753455556858
0 0.10313154375000007 0.8876011937499999 0.05361814070594586 0.8806425384865408 0.0455721953125001 0.9378924124999999 0.09508559835655431 0.9448510677634591
0 0.6996259531795566 0.6850522277368094 0.6717746640625 0.6811379843750001 0.6642723640079434 0.7345196238256907 0.692123653125 0.7384338671875
0 0.6152356344340978 0.9374827527044982 0.5881579921875 0.9336772375000001 0.5829389997846582 0.9708122905947357 0.610016642031256 0.9746178057992338
0 0.17738437656250003 2.2204460492503132e-17 0.06984745293787963 -0.015113328356069083 0.046111882625379616 0.15377403726893094 0.15364880625000005 0.16888736562500004
0 0.7607233079610769 0.14927872550531987 0.6702066171875 0.1365574343750001 0.6492219232221583 0.2858712921572358 0.7397386139957354 0.2985925832875555
4 0.878543265650419 0.8490487076316363 0.8251616281249999 0.8415464078125 0.8111355890370812 0.9413468626808636 0.8645172265625002 0.9488491625
0 0.3232654751620392 0.8593694160345319 0.2776203062500001 0.8529544062500001 0.26924817478465846 0.9125252202822358 0.3148933436966975 0.9189402300667677
0 0.7114524094968534 0.29777292725796867 0.6774119437499999 0.29298885156250004 0.6691485404096582 0.3517860187197358 0.7031890061565116 0.35657009441520443
0 0.6247035171875001 0.5333044921875001 0.5906630513471585 0.5285204171572357 0.5810949015322359 0.5966013470903417 0.6151353673725775 0.6013854221206061
4 0.8309619796875001 0.525212621875 0.6963474139318926 0.5062937790543195 0.6549216717443926 0.8010532603043196 0.7895362375000001 0.819972103125
0 0.7000693302769985 0.34508666258284865 0.594079700619763 0.330190792055007 0.5751608578125001 0.46480535781250004 0.6811504874697356 0.4797012283403417
4 0.44418035781250015 0.3919612312500001 0.4016297766115457 0.38598113715102195 0.3895608593750001 0.471855946875 0.4321114405759546 0.4778360409739781
0 0.995610834375 0.34165342812500016 0.7140033513197175 0.3020760780908792 0.6382192499697359 0.8413079877153418 0.9198267330250183 0.8808853377494626
0 1.0188101154293323 0.08298984884560565 0.9280401687499997 0.07023296406250013 0.9092300532908973 0.20407388261622042 0.9999999999702298 0.21683076739932594
0 0.7793995219013975 0.297066210749673 0.7476799984375 0.2926083218750001 0.7412649874736026 0.3382534908128272 0.7729845109375001 0.3427113796875001
0 0.09205798286684702 0.7306261324258018 0.030939875000000096 0.7220365421875001 0.013434507597158363 0.8465936984072359 0.0745526154640053 0.8551832886455376
0 0.778178331342539 0.5864310821540532 0.7634790390625001 0.5843652312500002 0.7593473374074613 0.6137638147209472 0.7740466296875002 0.6158296656250002
0 0.10743052663564437 0.8345582869795518 0.0710691203125001 0.8294480250000001 0.0636755499268559 0.8820560161454484 0.10003695625000016 0.887166278125
0 0.5776490796874999 0.4414872203125001 0.5505714375137299 0.4376817061523061 0.5410032874999999 0.5057626359375 0.5680809296737699 0.5095681500976941
0 0.8070919062499999 0.2796570703125001 0.733595448567932 0.2693278162594287 0.7175035578125 0.38382756250000016 0.7910000154945681 0.39415681655307155
0 0.5457161391203849 0.9269234964631284 0.5232803781250002 0.92377035625 0.5168653686921154 0.9694155254118716 0.5393011296875001 0.972568665625
0 0.26520432355413115 0.8346419694826273 0.1994443343750001 0.82540000625 0.1807429498833691 0.9584672789548726 0.24650293906250012 0.9677092421874999
0 0.6748023218750001 0.749411284375 0.6392145638886746 0.7444097512368322 0.6317122638886746 0.7977913902993322 0.6673000218750001 0.8027929234375
0 1.0080459453962458 0.06648741521038841 0.9827140109375 0.06292724375000014 0.9746680653846758 0.12017711715372477 0.9999999998434216 0.12373728861411304
0 0.1257973484375001 0.7487796624999999 0.08634135468994938 0.7432344843575724 0.0706843812500001 0.8546396421875 0.1101403749975508 0.8601848203299276
0 0.604254090625 0.723717821875 0.5802710360110492 0.7203472229141706 0.5755956890625 0.753614040625 0.5995787436764508 0.7569846395858295
4 0.4296022969412692 0.5405976260909707 0.3932408906250001 0.5354873640625001 0.3836727405587309 0.6035682942215296 0.42003414687500007 0.6086785562500002
0 0.7603050203125 0.5002928062500002 0.7370956124373673 0.49703093638315465 0.7314417046248674 0.5372605770081547 0.7546511125 0.5405224468750001
0 0.8042481141720831 0.6816105742202754 0.7918697640625 0.6798709109375001 0.7888253530154168 0.7015330257797248 0.8012037031249999 0.7032726890625001
4 0.4427667968750001 0.6939219125000002 0.39866892195339615 0.6877243603796834 0.3856214437500001 0.7805619921875001 0.42971931867160407 0.7867595443078168
0 0.44719768281250005 4.4408920985006264e-17 0.07275256907346393 -0.05262483044641373 0.042268735934764504 0.16427890624961555 0.4167138496738006 0.2169037366960293
0 0.7125479921875001 0.5369720218750003 0.6986223468750001 0.5350149000000002 0.6952517482222635 0.5589979548768456 0.7091773935347635 0.5609550767518456
0 0.7128240437500002 0.3666024156250002 0.6857464016110559 0.36279690121700786 0.6804186812500002 0.4007056015625001 0.7074963233889443 0.4045111159704925
0 0.639975793875395 0.3011393174247182 0.6136717968750001 0.2974425312500001 0.6087789920318407 0.33225664216562356 0.6350829890322357 0.3359534283403417
0 0.8255674140625002 0.3390564343750001 0.7814695390837961 0.3328588826609705 0.7719013890624999 0.40093981250000005 0.815999264041204 0.4071373642140297
0 0.7628058281250001 0.3365472921875001 0.7388227734374999 0.33317669375000014 0.7320815765625 0.3811428031250001 0.7560646312500001 0.38451340156250013
0 0.2489787015625001 0.6469635765625001 0.22886388110682696 0.6441366228937297 0.22157903891932698 0.6959709682062296 0.24169385937500013 0.698797921875
0 0.16818485644495493 0.6829444094023991 0.14807003594737753 0.6801174560317931 0.1442645216899227 0.707195099754394 0.1643793421875001 0.710022053125
0 0.9387206546875001 0.15141571562500017 0.9000383078704418 0.14597926677522277 0.8902527000000001 0.21560749062500015 0.9289350468170584 0.22104393947477755
0 0.14898297656249998 1.6653345369377347e-17 0.06852369524299168 -0.011307813567922546 0.06534436868049168 0.011314272369577449 0.14580365 0.022622085937500015
0 0.5840891369496044 0.552842203267242 0.5647479635423686 0.5501239780519003 0.5601813453125001 0.5826171484375001 0.5795225187197357 0.5853353736528418
0 0.9781974844289634 0.40942071524102996 0.9039273796874999 0.3989827328125001 0.8821815827585366 0.5537121191339702 0.9564516875000001 0.5641501015625001
0 0.7578210907005479 0.1362480010249486 0.7400272109375 0.13374723437500008 0.7366566124244521 0.1577302896000516 0.7544504921875 0.16023105625000011
0 0.884757740625 0.1312088781250001 0.8507172750898782 0.1264248024854838 0.8446284515625001 0.16974903125000013 0.8786689170976218 0.1745331068895164
4 0.6142654921875002 0.7535262328125002 0.5864142031475306 0.7496119889021877 0.5799991921875003 0.7952571578125002 0.6078504812274698 0.7991714017228128
0 0.2473310125000001 0.7485036937500001 0.22798983923207236 0.7457854691059308 0.21950897829457236 0.8061299300434308 0.2388501515625001 0.8088481546875002
0 0.8019565985153777 0.15901832600837135 0.7849363656250001 0.15662628750000013 0.7803697466899229 0.18911945912939404 0.7973899795803003 0.19151149763776526
2 1.0280520796120183 0.2617974754226876 0.9724307234375 0.2539804031250001 0.9443786435806883 0.4535813106941098 0.9999999997552065 0.46139838299179725
0 0.40459558125 4.4408920985006264e-17 0.3651395875105729 -0.0055451782002299945 0.3543997656250001 0.07087262656250004 0.3938557593644271 0.07641780476273008
0 0.14965934062500003 0.01764147343750002 0.12877087333629414 0.014705791345117408 0.12474790146129414 0.04333072884511742 0.14563636875000002 0.04626641093750002
0 0.9002053796979764 0.8520931202379591 0.8808642062500003 0.8493748953125001 0.8759714015520241 0.8841890063245413 0.8953125750000002 0.8869072312500004
0 0.7855887390625 0.15198440625000006 0.7693421532521526 0.14970109753276178 0.7652104516896526 0.1790996819077618 0.7814570375 0.1813829906250001
0 0.8814372761729888 0.32324059860235294 0.8690589246407534 0.3215009343245112 0.8662319703125 0.34161575468750005 0.8786103218447355 0.34335541896534183
0 0.46297623750000005 7.771561172376095e-17 0.4227465967173753 -0.005653906690942378 0.4132680295298753 0.06178961049655762 0.45349767031250005 0.06744351718750008
0 0.9643806544618171 0.11478667675037753 0.9357557171875002 0.1107637031250001 0.9319502017881831 0.1378413451246227 0.9605751390625 0.14186431875000013
0 0.3730384703125 4.4408920985006264e-17 0.32352506605395626 -0.006958655959941928 0.3129615613664563 0.06820457685255807 0.36247496562500003 0.07516323281250004
0 0.9820112921875002 0.6292786375000002 0.921666831280632 0.6207977763445435 0.9092717265625001 0.7089935265625001 0.9696161874693683 0.717474387717957
0 0.38637846270434195 0.4327512266710329 0.011933349843212227 0.3801263984154649 -0.06319837848612957 0.914716427994432 0.31124673437500017 0.9673412562500001
0 0.4319777500088132 0.029706265562290814 0.4165048109375 0.02753168593750005 0.4119381937411868 0.06002485787520927 0.4274111328125 0.06219943750000003
0 1.0342496303348354 0.07411474194065856 0.5404179687499999 0.004711228125000055 0.5061683384151645 0.24841001118434164 1.0000000000000002 0.31781352500000015
0 0.24490555312500017 0.6534914828125001 0.1265375719649064 0.6368559477977834 0.08413326727740636 0.9385782509227834 0.20250124843750011 0.9552137859375002
0 0.09635696570686876 0.6775832244174741 0.07314755781250008 0.6743213546875 0.06825475304313142 0.7091354677700258 0.09146416093750008 0.7123973374999999
0 0.6330255984375002 0.01378174218750009 0.4287828094741443 -0.014922710080447576 0.38398646718750007 0.30381982500000004 0.5882292561508559 0.33252427726794775
0 0.14502562500000013 0.7017795703125002 0.10789057328999127 0.6965605791745799 0.09603911391499124 0.78088809479958 0.13317416562500012 0.7861070859375002
0 0.0918572781250001 0.6422380125 0.07174245793463986 0.6394110585059304 0.06706711093750005 0.6726778765625001 0.0871819311278603 0.6755048305565697
0 0.8031441562499999 0.48737918750000003 0.7296476966259187 0.477049934339994 0.7135558077822358 0.5915496799028417 0.7870522674063171 0.6018789330628478
0 0.4203741359375 5.551115123125783e-17 0.4049011981343983 -0.0021745783600215065 0.40407628407189833 0.003694993514978484 0.419549221875 0.005869571875000046
0 0.8914905609374999 0.1282104750000001 0.7932374 0.1144018937500001 0.7789939028149617 0.21574964236352212 0.8772470637524616 0.22955822361352213
0 0.8751477890700847 0.1322250702585309 0.8581275578125 0.12983303281250008 0.8547569593674151 0.15381608755396928 0.8717771906249998 0.1562081250000001
0 0.7634498251435611 0.3768731161660096 0.7557133562499999 0.37578582656250004 0.7540824216596583 0.3873905312197357 0.7618188905532195 0.3884778208232452
0 0.18354073250450073 0.5849087079888086 0.09070309972226503 0.571861229648467 0.0650430593750001 0.7544419046875 0.1578806921572358 0.7674893830278415
0 0.3424019453125001 0.13940101562500007 0.0693045795912498 0.10101968349735642 0.013091693653749781 0.5009951459973563 0.2861890593750001 0.5393764781250001
0 0.24838787812500004 3.8857805861880476e-17 0.22595211701091675 -0.0031531393685444277 0.22432672951091676 0.008412098131455572 0.24676249062500005 0.011565237500000039
0 0.39003353336104757 0.04747922507709337 0.3799761224538119 0.04606574829925171 0.37410475781249997 0.08784268281250004 0.3841621687197357 0.0892561595903417
0 0.1505373390934627 0.6962427685296895 0.14357451562500007 0.6952642078125 0.14194358121903744 0.7068689127203106 0.14890640468750008 0.7078474734375001
0 0.7086505859375 0.18298462656250009 0.7009141158274692 0.1818973360593573 0.6990657220774692 0.19504933449685727 0.7068021921875 0.19613662500000006
0 0.7498587031250001 0.4735789828125001 0.7428958797141997 0.4726004216850234 0.7411562156516996 0.4849787732475234 0.7481190390625001 0.4859573343750001
0 0.32570280156250003 3.8857805861880476e-17 0.26535834164053695 -0.008480860818094516 0.2581037275780369 0.043138400119405486 0.3184481875 0.05161926093750004
0 0.20527802656587166 0.91300193591351 0.1913523812500001 0.9110448140624999 0.18504609999662847 0.95591633596149 0.19897174531250006 0.9578734578124999
0 0.3085706046875 0.03208571718750005 0.27994566696768125 0.028062745281606533 0.2730957421572357 0.07680250177784168 0.30172067987705453 0.0808254736837352
0 0.7908912459457241 0.5408820985264939 0.7823811287884885 0.5396860795611522 0.7793367171875001 0.56134819375 0.7878468343447358 0.5625442127153417
0 0.3146578140625 3.8857805861880476e-17 0.28835381833484186 -0.0036967864504170002 0.28544483702219353 0.01700168587034869 0.3117488327498517 0.020698472320765732
0 0.19553451106647218 0.02803344751981488 0.18470345315526426 0.026511241972158383 0.18144158427629203 0.049720650702343515 0.19227264218749998 0.05124285625000001
0 0.09864856718750015 0.908272203125 0.08781750955392131 0.9067499971644098 0.08292470486642127 0.9415641096644098 0.0937557625000001 0.943086315625