0 0.2484375 1.769997326892659e-17 0.040625 4.975127621536122e-18 0.04062500000000001 0.1921875 0.2484375 0.19218750000000004
2 0.7828125 0.16718750000000007 0.453125 0.16718750000000004 0.453125 0.7093750000000001 0.7828125 0.7093750000000002
0 0.4515625 0.22656250000000006 0.10156250000000004 0.2265625 0.10156250000000007 0.5890625 0.4515625 0.5890625
0 0.4171875000000001 0.6390625 0.1296875000000001 0.6390625 0.12968750000000012 0.9125 0.41718750000000016 0.9125
0 0.4921875 4.515885071855866e-17 0.2453125 3.004211679158351e-17 0.2453125 0.30312500000000003 0.4921875 0.3031250000000001
0 0.16875000000000004 0.178125 2.181402110981223e-17 0.178125 5.089938258956187e-17 0.653125 0.1687500000000001 0.653125
0 0.17812500000000012 0.79375 0.0296875000000001 0.79375 0.02968750000000011 0.9578125 0.17812500000000014 0.9578125
0 1 0.15312500000000012 0.9078125 0.15312500000000012 0.9078125 0.3625000000000001 1 0.3625000000000001
4 0.025000000000000095 0.73125 8.955229718765019e-17 0.73125 9.309229184143553e-17 0.7890625 0.0250000000000001 0.7890625
0 0.31250000000000006 0.2421875 0.14531250000000004 0.2421875 0.14531250000000004 0.4828125 0.3125000000000001 0.4828125
2 0.8796875 0.9171875 0.8484375 0.9171875 0.8484375 0.9609375 0.8796875 0.9609375
2 0.9515625 0.5781250000000002 0.9234375 0.5781250000000002 0.9234375 0.6140625000000002 0.9515625 0.6140625000000002
2 0.7906250000000001 0.9578125 0.7562500000000002 0.9578125 0.7562500000000002 1 0.7906250000000001 1
2 0.9046875 0.46406250000000016 0.8796875 0.46406250000000016 0.8796875 0.5000000000000002 0.9046875 0.5000000000000002
4 0.9453125 0.3937500000000001 0.915625 0.3937500000000001 0.915625 0.44062500000000016 0.9453125 0.44062500000000016
4 1 0.11406250000000014 0.98125 0.11406250000000014 0.98125 0.16093750000000012 1 0.16093750000000012
4 0.009375000000000083 0.6578125 8.055879725641184e-17 0.6578125 8.314203659836328e-17 0.7 0.009375000000000086 0.7
4 0.3578125 3.9609669909922206e-17 0.2890625 3.539994653785318e-17 0.2890625 0.09375000000000004 0.3578125 0.09375000000000004
2 0.9203125 0.5406250000000001 0.8984375 0.5406250000000001 0.8984375 0.5765625000000002 0.9203125 0.5765625000000002
4 0.4640625 0.03281250000000006 0.4125 0.03281250000000006 0.4125 0.09531250000000005 0.4640625 0.09531250000000006
4 0.503125 0.05468750000000007 0.4703125 0.05468750000000007 0.4703125 0.10156250000000004 0.503125 0.10156250000000004
0 0.5609375000000002 0.8703125 0.4734375000000002 0.8703125 0.4734375000000002 1 0.5609375000000002 1
4 0.4125 0.014062500000000047 0.3609375 0.014062500000000044 0.3609375 0.09062500000000004 0.4125 0.09062500000000004
4 0.9203125 0.1671875000000001 0.8796875 0.1671875000000001 0.8796875 0.2156250000000001 0.9203125 0.2156250000000001
2 0.5421875 6.23804463315683e-17 0.4765625 5.836207402186604e-17 0.4765625 0.09375000000000007 0.5421875 0.09375000000000007
4 0.2109375 2.2675100890462708e-17 0.159375 1.951780836141094e-17 0.159375 0.06875000000000002 0.2109375 0.06875000000000002
0 0.7000000000000001 0.6359375 0.596875 0.6359375 0.596875 1 0.7000000000000002 1
0 0.990625 0.4734375000000002 0.921875 0.4734375000000002 0.921875 0.5734375000000002 0.990625 0.5734375000000002
4 0.8671875 0.2328125000000001 0.809375 0.2328125000000001 0.809375 0.3390625000000001 0.8671875 0.3390625000000001
0 0.9875 0.5953125000000001 0.9078125 0.5953125000000001 0.9078125 0.6968750000000001 0.9875 0.6968750000000001
4 0.89375 0.3906250000000001 0.8765625 0.3906250000000001 0.8765625 0.4265625000000002 0.89375 0.4265625000000002
2 0.959375 0.8078125 0.9140625 0.8078125 0.9140625 0.8875 0.959375 0.8875
4 0.7656250000000001 0.6156250000000001 0.640625 0.615625 0.6406250000000001 1 0.7656250000000002 1
4 0.0640625000000001 0.8515625 1.0428632898989179e-16 0.8515625 1.0964415873616147e-16 0.9390625 0.0640625000000001 0.9390625
0 0.671875 0.2390625000000001 0.56875 0.2390625000000001 0.56875 0.3375000000000001 0.671875 0.3375000000000001
0 0.6375 0.2484375000000001 0.609375 0.2484375000000001 0.609375 0.2921875000000001 0.6375 0.2921875000000001
2 0.4375 5.137776024547881e-17 0.4015625 4.91772230282609e-17 0.4015625 0.023437500000000052 0.4375 0.023437500000000056
0 0.315625 3.252968060235157e-17 0.215625 2.6406446606614805e-17 0.215625 0.08906250000000003 0.315625 0.08906250000000004
2 0.8578125 0.0453125000000001 0.8375 0.0453125000000001 0.8375 0.07343750000000011 0.8578125 0.07343750000000011
0 0.69375 0.14687500000000006 0.540625 0.14687500000000003 0.540625 0.23593750000000008 0.69375 0.23593750000000008
0 0.8421875 0.0625000000000001 0.809375 0.06250000000000008 0.809375 0.1625000000000001 0.8421875 0.1625000000000001
2 0.83125 0.1671875000000001 0.8078125 0.1671875000000001 0.8078125 0.22656250000000008 0.83125 0.22656250000000008
2 0.7328125 0.08437500000000009 0.6921875 0.08437500000000009 0.6921875 0.1359375000000001 0.7328125 0.1359375000000001
0 0.9875 0.4078125000000002 0.946875 0.4078125000000002 0.946875 0.46406250000000016 0.9875 0.46406250000000016
0 0.95 0.8703125 0.9171875 0.8703125 0.9171875 0.9265625 0.95 0.9265625
2 0.8296875 0.7937500000000002 0.7906250000000001 0.7937500000000002 0.7906250000000001 0.8546875 0.8296875 0.8546875
2 0.4890625 0.004687500000000058 0.453125 0.004687500000000055 0.453125 0.053125000000000054 0.4890625 0.05312500000000007
0 0.803125 0.7281250000000001 0.7296875000000002 0.7281250000000001 0.7296875000000002 1 0.803125 1
2 0.709375 0.02656250000000009 0.6859375 0.02656250000000009 0.6859375 0.06093750000000009 0.709375 0.06093750000000009
2 0.54375 6.553773886062008e-17 0.5265625 6.448530801760282e-17 0.5265625 0.025000000000000067 0.54375 0.025000000000000067
0 0.8984375 0.3265625000000001 0.8765625 0.3265625000000001 0.8765625 0.3531250000000001 0.8984375 0.3531250000000001