2 0.08125000000000002 0.0062500000000000056 7.654042494670958e-19 0.00625 1.2724845647390467e-17 0.2015625 0.08125000000000002 0.2015625
2 0.7484375 0.08281250000000008 0.615625 0.08281250000000007 0.615625 0.2515625000000001 0.7484375 0.2515625000000001
2 0.34375000000000006 0.25625 0.271875 0.25625 0.27187500000000003 0.371875 0.3437500000000001 0.371875
0 0.13125000000000003 0.006250000000000008 7.654042494670958e-19 0.00625 1.7604297737743203e-17 0.28125 0.13125000000000003 0.28125
0 0.9546875 0.2515625000000001 0.8203125 0.2515625000000001 0.8203125 0.4890625000000002 0.9546875 0.4890625000000002
4 0.4875 0.13437500000000005 0.340625 0.13437500000000005 0.340625 0.35156250000000006 0.4875 0.3515625000000001
4 0.5828125 0.05156250000000007 0.4703125 0.05156250000000007 0.4703125 0.22812500000000008 0.5828125 0.22812500000000008
4 0.8265625 9.357066949735244e-17 0.7015625 8.591662700268149e-17 0.7015625 0.14218750000000008 0.8265625 0.14218750000000008
0 0.2328125 0.004687500000000015 5.740531871003218e-19 0.0046875 2.1048616860345134e-17 0.3390625 0.2328125 0.3390625
4 0.684375 0.02031250000000008 0.615625 0.020312500000000077 0.615625 0.1140625000000001 0.684375 0.1140625000000001
0 0.4687500000000001 0.45 0.20312500000000008 0.45 0.20312500000000008 0.971875 0.46875000000000017 0.971875
0 0.3187500000000001 0.7484375 0.15625000000000008 0.7484375 0.1562500000000001 0.9875 0.3187500000000001 0.9875
0 0.12031250000000011 0.7640625 0.006250000000000094 0.7640625 0.006250000000000108 1 0.12031250000000013 1
0 0.15468750000000006 0.36875 0.0015625000000000452 0.36875 0.0015625000000000677 0.7375 0.1546875000000001 0.7375
4 0.83125 0.021875000000000082 0.5421875 0.021875000000000068 0.5421875 0.9578125 0.83125 0.9578125
0 0.3671875000000001 0.4671875 0.2468750000000001 0.4671875 0.2468750000000001 0.6921875 0.3671875000000001 0.6921875
0 0.41875 0.5234375 0.3515625000000001 0.5234375 0.3515625000000001 0.7 0.41875 0.7
2 1 0.5609375000000002 0.8109375 0.5609375000000002 0.8109375 0.9703125 1 0.9703125
0 0.521875 0.4203125 0.446875 0.4203125 0.446875 0.5453125 0.521875 0.5453125
2 0.8265625 0.23593750000000008 0.7578125 0.23593750000000008 0.7578125 0.42968750000000017 0.8265625 0.42968750000000017
2 0.9890625 0.08281250000000011 0.8765625 0.08281250000000011 0.8765625 0.1890625000000001 0.9890625 0.18906250000000013
0 0.05937500000000003 0.1609375 1.9709159423777714e-17 0.1609375 2.7554552980815448e-17 0.2890625 0.059375000000000046 0.2890625
4 0.6140625 0.3921875000000001 0.4953125 0.3921875000000001 0.4953125 0.509375 0.6140625 0.509375
2 0.9921875 0.031250000000000125 0.9609375 0.031250000000000125 0.9609375 0.10781250000000013 0.9921875 0.10781250000000013
2 0.690625 0.6 0.509375 0.6 0.5093750000000001 0.996875 0.6906250000000002 0.996875
4 0.703125 0.4234375 0.565625 0.4234375 0.565625 0.6234375 0.703125 0.6234375
0 1 0.6156250000000002 0.9625 0.6156250000000002 0.9625 0.6953125000000002 1 0.6953125000000002
4 0.7453125 0.2562500000000001 0.5515625 0.2562500000000001 0.5515625 0.3921875000000001 0.7453125 0.3921875000000001
2 0.8859375 0.0375000000000001 0.8515625 0.0375000000000001 0.8515625 0.09687500000000011 0.8859375 0.09687500000000011
2 0.903125 0.0015625000000001037 0.79375 0.0015625000000000972 0.79375 0.17968750000000008 0.903125 0.17968750000000008
0 0.8625 0.2062500000000001 0.8265625 0.2062500000000001 0.8265625 0.2531250000000001 0.8625 0.2531250000000001
4 0.821875 0.0875000000000001 0.7265625 0.08750000000000009 0.7265625 0.3031250000000001 0.821875 0.3031250000000001
4 0.5375 0.31093750000000003 0.321875 0.3109375 0.321875 0.409375 0.5375 0.409375
0 0.3078125000000001 0.4796875 0.2484375000000001 0.4796875 0.2484375000000001 0.5796875 0.3078125000000001 0.5796875
4 0.640625 0.1453125000000001 0.578125 0.1453125000000001 0.578125 0.3234375000000001 0.640625 0.3234375000000001
0 0.9109375 0.2875000000000001 0.8828125 0.2875000000000001 0.8828125 0.3296875000000001 0.9109375 0.3296875000000001
0 0.8859375 0.3343750000000001 0.8546875 0.3343750000000001 0.8546875 0.3968750000000001 0.8859375 0.3968750000000001
2 0.3703125 0.26875000000000004 0.321875 0.26875 0.321875 0.33906250000000004 0.3703125 0.3390625000000001
0 0.4203125 0.4984375 0.37187500000000007 0.4984375 0.37187500000000007 0.565625 0.4203125 0.565625
0 0.39531250000000007 0.4375 0.34843750000000007 0.4375 0.34843750000000007 0.5078125 0.39531250000000007 0.5078125
4 0.37031250000000004 0.35937500000000006 0.359375 0.359375 0.35937500000000006 0.4265625 0.3703125000000001 0.4265625
0 0.21093750000000008 0.9046875 0.17343750000000008 0.9046875 0.1734375000000001 0.971875 0.21093750000000008 0.971875
0 0.4625 0.5046875 0.4328125 0.5046875 0.4328125 0.55625 0.4625 0.55625
4 0.4765625 0.009375000000000053 0.3828125 0.009375000000000046 0.3828125 0.10937500000000004 0.4765625 0.10937500000000004
0 0.8640625 0.42187500000000017 0.84375 0.42187500000000017 0.84375 0.46093750000000017 0.8640625 0.46093750000000017
0 0.026562500000000027 0.1875 0.004687500000000023 0.1875 0.004687500000000026 0.228125 0.026562500000000034 0.228125
2 0.5015625 0.434375 0.4703125 0.434375 0.4703125 0.4921875 0.5015625 0.4921875
2 0.2234375 0.13906250000000003 0.203125 0.13906250000000003 0.203125 0.17500000000000004 0.2234375 0.17500000000000004
2 0.359375 0.0031250000000000422 0.33125 0.00312500000000004 0.33125 0.02187500000000004 0.359375 0.021875000000000044
0 0.042187500000000024 0.190625 0.02343750000000002 0.190625 0.023437500000000024 0.225 0.042187500000000024 0.225
2 0.175 0.08906250000000002 0.146875 0.08906250000000002 0.146875 0.140625 0.175 0.140625
0 0.89375 1.0686956833184323e-16 0.8515625 1.0428632898989179e-16 0.8515625 0.0453125000000001 0.89375 0.04531250000000011
0 0.596875 0.03906250000000007 0.5578125 0.03906250000000007 0.5578125 0.09531250000000006 0.596875 0.09531250000000006
0 0.3171875 0.09531250000000005 0.296875 0.09531250000000005 0.296875 0.12187500000000004 0.3171875 0.12187500000000004
2 0.1609375 0.08593750000000003 0.146875 0.08593750000000003 0.146875 0.109375 0.1609375 0.109375
4 0.953125 1.1548036613834807e-16 0.9328125 1.1423658423296405e-16 0.9328125 0.10937500000000014 0.953125 0.10937500000000014
2 0.6328125000000001 0.696875 0.6078125 0.696875 0.6078125000000001 0.7421875 0.6328125000000002 0.7421875