4 0.19776408992500033 0.9873408561440984 0.17815074215313997 0.8276029606576598 0.03857393906250002 0.8447408375000001 0.05818728683436036 1.0044787329864386
4 0.643129900540653 0.9861807702461162 0.6242782359375 0.8326462874999999 0.32496353669694333 0.8693975125014033 0.3438152013000963 1.0229319952475195
4 0.9905210531249999 0.9435265000000002 0.9808095895894617 0.8644329782521483 0.6985542770894617 0.8990895735646482 0.708265740625 0.9781830953125
4 0.5889619641212929 0.8527249223538286 0.48404007660600507 -0.001795280841903757 -0.05720774690470141 0.06466159524353729 0.04771414061058641 0.9191817984392697
4 0.717007539100519 0.6134616596846394 0.6949187201615175 0.4335626690828457 0.5925623982484984 0.4461304453357064 0.6146512171874999 0.6260294359375
4 0.6970703079856566 0.3356959748477474 0.6534639349792161 -0.01944944583802647 0.44720043746125065 0.00587652624691144 0.49080681046769115 0.3610219469326853
2 1.0200736964809927 0.7226535867927059 0.9968423530335931 0.533449475818051 0.85416384375 0.55096819375 0.8773951871973995 0.7401723047246549
2 0.9499614125209451 0.6131947345455832 0.9054029326444436 0.2502950470687896 0.7224022357484985 0.27276470783570644 0.766960715625 0.6356643953125001
2 0.7926459993821513 0.5884320842590115 0.7391377406017935 0.15264228887349854 0.47704352187499993 0.18482341249999995 0.5305517806553578 0.6206132078855129
2 0.9220559765624999 0.167964371875 0.9003480002119296 -0.008832911186270654 0.7359575437499999 0.011351698437499991 0.7576655201005702 0.18814898149877063
2 0.9020008595176771 0.2995140277245113 0.876294045242969 0.09014882287121632 0.7475732156250001 0.10595375312499997 0.7732800298997081 0.315318957978295