4 0.5517663750000003 0.4528298015625002 0.2631761875042114 0.4071216062234109 0.18275909531250006 0.9148551437500002 0.4713492828082889 0.9605633390890894
4 0.4841548781250002 0.0007496765625000567 0.10914196102607288 -0.058646534934226544 0.02848043906250005 0.4506302671875001 0.4034933561614274 0.5100264786842267
4 1.072061403631568 0.08437306301241856 0.4454966132238803 -0.01486505165833335 0.29101757748105966 0.9604771842730099 0.9175823678887476 1.0597152989437617
4 0.3941009390625001 5.551115123125783e-17 0.11785685605401866 -0.0437527643876215 0.04319414199151857 0.4276490606123785 0.319438225 0.47140182500000005
4 0.39373545627012024 0.7014821420604667 0.2671878875000001 0.6814389765625002 0.2344344218548799 0.8882362235645337 0.36098199062500014 0.9082793890625002
4 0.21375558906250008 4.4408920985006264e-17 0.0764051779348979 -0.02175416787583003 0.03206528720819715 0.2581968858912829 0.16941569833579934 0.279951053767113
4 0.9913998812500001 0.5936498625000001 0.7737997937976021 0.5591853950119526 0.7219808781250001 0.8863571578125002 0.9395809655773981 0.9208216253005477
4 0.3565819470537196 0.42666155512160914 0.27633226875000005 0.41395125468750005 0.2553113872585805 0.546671876524263 0.3355610655623001 0.559382176958372
4 0.8806491390625002 0.49384587656250006 0.6368135795385126 0.4552261181281715 0.5747286514135125 0.8472149290656716 0.8185642109375001 0.8858346875000003
4 0.8004715812500003 0.8402557234374999 0.6461452779203454 0.815812839030086 0.6169728984375003 1 0.7712992017671549 1.024442884407414
4 0.6984961296875001 0.3953886968750001 0.5040449876891134 0.36459066130598494 0.44587092035073717 0.7318872638210806 0.6403220623491237 0.7626852993900958
1 0.3381685219213395 0.8825184153324249 0.2826110531250001 0.8737189765625002 0.26745646401616074 0.9694012846675755 0.3230139328125001 0.9782007234375001
4 0.9608462750000001 0.7865577421875003 0.8373852328170035 0.7670034339648706 0.8016986202305395 0.992319836454981 0.9251596624135361 1.0118741446776105
1 0.5384810625000003 0.7164977109375001 0.4057604421410582 0.6954768296788078 0.360052246857728 0.9840670157340521 0.49277286721667013 1.0050878969927446
4 0.1911698656250001 0.14260064375000003 0.10783366252006896 0.12940148581078978 0.08681278125 0.26212210625 0.17014898435493114 0.27532126418921027
4 0.6675447140625 0.5708318250000001 0.6027276669790695 0.5605658138159783 0.5856176482290696 0.6685942263159783 0.6504346953125001 0.6788602375000001
4 0.33522558753220333 0.5814767169841767 0.27040853906250006 0.5712107046875 0.2501209437177968 0.6993015361408232 0.31493799218750007 0.7095675484374999
4 1.0075321859268425 0.491794502533401 0.8624654608356961 0.46881819060887586 0.8214014139713537 0.7280863802629749 0.9664681390625001 0.7510626921875
1 0.25330500781250004 3.8857805861880476e-17 0.1529929107678692 -0.01588787549149304 0.12455076701786916 0.16368875107100694 0.22486286406250003 0.1795766265625
1 0.3225342157162062 0.28205496973664707 0.14197244062500003 0.25345679375 0.10579697007108049 0.48185972339926303 0.2863587451622867 0.51045789938591
1 0.14048661407524576 0.13299122804452687 0.054063884375000024 0.11930321250000002 0.03353186092475431 0.24893730789297314 0.11995459062500005 0.2626253234375
4 0.5703671157096386 0.6250473822781134 0.4685117546875001 0.6089150781250001 0.42891428100858053 0.858923690586763 0.5307696420307191 0.8750559947398763
4 0.8747110515625002 0.6811606109375001 0.7743989547034273 0.6652727358369381 0.7453119218750001 0.8489210359375001 0.8456240187340727 0.8648089110380621
1 0.3553121546875001 0.8741598625 0.31981710460702695 0.8685379989455877 0.30295151398202697 0.9750231489455876 0.3384465640625001 0.9806450124999999
4 0.6585680721491088 0.8272722748318465 0.524304187757784 0.8060069654183535 0.4949727264836811 0.9911985301851438 0.629236610875006 1.012463839598637
4 0.7253020451662218 0.5657418970993074 0.6465956295794589 0.5532760249828879 0.624352603125 0.6937129609375001 0.7030590187117629 0.7061788330539196
4 0.17279462500000017 0.3485112234375 0.021554846974340708 0.32455719586660076 -0.03784136396315931 0.6995701130541007 0.11339841406250015 0.723524140625
4 0.9393365359375002 0.9223648890625 0.7495151828125002 0.892300140625 0.7324572010670429 0.9999999999215273 0.9222785541920431 1.0300647483590273
1 0.16356865943470522 0.44671451056053685 0.10492466406250003 0.43742621406250004 0.0609274702527949 0.7152135597519632 0.1195714656250001 0.7245018562500001
1 0.39962557187500003 0.4445528328125 0.32709220931548355 0.4330646769382723 0.30020503587798353 0.6028236113132723 0.3727383984375 0.6143117671875
4 0.6437440671875 0.741079615625 0.5681241783693746 0.7291026015820803 0.5515030158693744 0.8340444890820804 0.6271229046874999 0.8460215031250001
1 0.3420363062500001 0.9479920593749999 0.32351715017244265 0.9450589129737408 0.31838414375000007 0.9774674375 0.3369032998275575 0.9804005839012591
1 0.25661511626422306 0.7082399954137429 0.08376965625000006 0.6808639640624999 0.07252592904827707 0.7518540639612571 0.24537138906250006 0.7792300953125
4 0.6831499782559564 0.7220092710481738 0.647654928125 0.7163874078125001 0.6373889170565437 0.7812044555143263 0.6728839671875 0.7868263187500001
1 0.10904177187500008 0.6611370234375001 6.661338147750939e-17 0.6438665031250002 -0.012954729432097334 0.7256594442684526 0.0960870424429027 0.7429299645809526
4 0.5293654000000002 0.9238748640625 0.49387035000000007 0.918253 0.4840931950926903 0.9799835218401854 0.5195882450926903 0.9856053859026854
4 0.06166043281250004 0.201187203125 0.04159801251543226 0.19800962802756458 0.029865428125 0.272086253125 0.04992784842206778 0.2752638282224354
4 0.8542749719134621 0.9500238560071608 0.7724820312500003 0.9370691265625002 0.7625147598658533 0.999999999830268 0.8443077005293151 1.0129547292749286
4 0.6326729744136358 0.9608028735921049 0.5400771918732165 0.9461371421377225 0.5315461531250001 1 0.6241419356654194 1.0146657314543825
4 0.671110634436676 0.758069868360595 0.6155531640625 0.7492704296875001 0.5996652890008243 0.8495825269519053 0.6552227593750002 0.8583819656250002
1 0.20808342820712444 0.1057300697939868 0.1494394328125 0.09644177343750002 0.13575141710537558 0.18286450364351323 0.1943954125 0.1921528
4 0.1686922011205728 0.6041416986149815 0.10233189022130991 0.593631257748562 0.0847330125000001 0.7047461968750002 0.15109332339926299 0.7152566377414197
1 0.11510941570527952 0.712721299493136 0.0796143656250001 0.7070994359375 0.04368332491972069 0.9339591020693645 0.0791783750000001 0.9395809656250004
1 0.6923759437500001 0.6238059843750001 0.6198425811982406 0.6123178284517967 0.5993105577607405 0.7419519237642968 0.6718439203125002 0.7534400796875002