2 0.7953125000000001 0.4921875000000001 0.621875 0.4921875 0.6218750000000001 0.7906250000000001 0.7953125000000002 0.7906250000000001
2 0.7281250000000001 0.8359375 0.5125000000000002 0.8359375 0.5125000000000002 1 0.7281250000000001 1
2 0.6875000000000001 0.5953125 0.4875 0.5953125 0.4875000000000001 0.9015625 0.6875000000000002 0.9015625
4 0.07656250000000003 0.1140625 1.3968627552774498e-17 0.1140625 2.9659414666849956e-17 0.3703125 0.07656250000000005 0.3703125
1 0.37343750000000003 0.12500000000000003 0.10625 0.125 0.10625000000000002 0.5359375 0.3734375000000001 0.5359375
1 0.809375 7.433988772949167e-17 0.4046875 4.955992515299445e-17 0.4046875 0.14062500000000006 0.809375 0.14062500000000008
2 0.98125 1.1433225976414744e-16 0.8859375 1.0849605236196083e-16 0.8859375 0.1281250000000001 0.98125 0.12812500000000013
2 0.721875 0.2015625000000001 0.6546875 0.2015625000000001 0.6546875 0.3515625000000001 0.721875 0.3515625000000001
4 0.25468750000000007 0.4671875 0.17343750000000005 0.4671875 0.17343750000000008 0.7078125 0.25468750000000007 0.7078125
4 0.0859375000000001 0.6921875 0.009375000000000086 0.6921875 0.009375000000000097 0.8890625 0.08593750000000011 0.8890625
4 0.15625000000000006 0.45625 0.026562500000000055 0.45625 0.026562500000000062 0.5671875 0.15625000000000008 0.5671875