0 0.7 0.2453125000000001 0.578125 0.2453125000000001 0.578125 0.4515625 0.7 0.4515625
0 0.81875 0.6812500000000001 0.6 0.68125 0.6000000000000001 0.896875 0.81875 0.896875
0 0.4375000000000001 0.7140625 0.2296875000000001 0.7140625 0.2296875000000001 1 0.43750000000000017 1
4 0.3890625 0.010937500000000024 1.3394574365674175e-18 0.0109375 2.0761590266794975e-17 0.32812500000000006 0.3890625 0.3281250000000001
4 0.4375000000000001 0.4359375 0.039062500000000056 0.4359375 0.03906250000000008 0.878125 0.43750000000000017 0.878125
4 0.884375 0.017187500000000078 0.3453125 0.017187500000000043 0.3453125 0.8578125 0.884375 0.8578125
4 1 0.40937500000000016 0.75625 0.40937500000000016 0.7562500000000001 0.9265625 1 0.9265625
4 0.18437500000000012 0.7828125 0.0281250000000001 0.7828125 0.02812500000000011 1 0.18437500000000012 1
4 0.9578125 1.0859172789314419e-16 0.815625 9.9885254555456e-17 0.815625 0.0937500000000001 0.9578125 0.09375000000000011
4 0.9765625 0.7031250000000002 0.91875 0.7031250000000002 0.91875 0.7953125000000002 0.9765625 0.7953125000000002
0 0.7328125 0.19531250000000008 0.6515625 0.19531250000000008 0.6515625 0.3359375000000001 0.7328125 0.3359375000000001
2 0.7515625 7.328745688647442e-17 0.4453125 5.4535052774530576e-17 0.4453125 0.2140625000000001 0.7515625 0.2140625000000001
4 0.9859375 0.10000000000000012 0.859375 0.10000000000000009 0.859375 0.3500000000000001 0.9859375 0.3500000000000001
2 0.9546875 0.5750000000000002 0.9015625 0.5750000000000002 0.9015625 0.6765625000000002 0.9546875 0.6765625000000002
2 0.8453125 9.672796202640423e-17 0.734375 8.993499931238375e-17 0.734375 0.1375000000000001 0.8453125 0.1375000000000001
4 0.91875 1.0773064811249373e-16 0.840625 1.0294687155332437e-16 0.840625 0.014062500000000108 0.91875 0.014062500000000111
2 0.7546875 0.007812500000000087 0.6703125 0.007812500000000083 0.6703125 0.12031250000000009 0.7546875 0.12031250000000009
4 0.36875 0.014062500000000042 0.309375 0.014062500000000039 0.309375 0.10156250000000004 0.36875 0.10156250000000004
4 0.2625 0.026562500000000024 0.059375 0.02656250000000001 0.05937500000000001 0.13593750000000002 0.2625 0.13593750000000004
0 1 0.7906250000000001 0.9859375 0.7906250000000001 0.9859375 0.9484375 1 0.9484375
4 1 0.6968750000000001 0.984375 0.6968750000000001 0.984375 0.7609375000000002 1 0.7609375000000002
4 0.684375 0.09375000000000008 0.609375 0.09375000000000007 0.609375 0.2093750000000001 0.684375 0.2093750000000001
2 0.228125 0.14062500000000006 0.1953125 0.14062500000000006 0.19531250000000003 0.19062500000000004 0.228125 0.19062500000000004
2 0.709375 0.1593750000000001 0.6828125 0.1593750000000001 0.6828125 0.2078125000000001 0.709375 0.2078125000000001
2 0.434375 0.00781250000000005 0.3953125 0.007812500000000047 0.3953125 0.07500000000000004 0.434375 0.07500000000000004
4 1 0.4203125000000002 0.9359375 0.4203125000000002 0.9359375 0.5562500000000001 1 0.5562500000000001
2 0.6546875 0.04375000000000008 0.621875 0.04375000000000008 0.621875 0.08125000000000007 0.6546875 0.08125000000000009
2 0.78125 9.357066949735246e-17 0.746875 9.146580781131795e-17 0.746875 0.026562500000000093 0.78125 0.0265625000000001
4 0.15000000000000008 0.371875 0.08437500000000005 0.371875 0.08437500000000006 0.6421875 0.15000000000000008 0.6421875
1 0.3375 0.2625 0.3 0.2625 0.3 0.3328125 0.3375 0.3328125
1 0.04062500000000007 0.55 0.003125000000000068 0.55 0.0031250000000000735 0.646875 0.04062500000000008 0.646875
2 0.625 7.146962179399006e-17 0.5421875 6.639881864127056e-17 0.5421875 0.03906250000000007 0.625 0.039062500000000076
2 0.715625 0.025000000000000088 0.7 0.025000000000000088 0.7 0.05156250000000009 0.715625 0.05156250000000009
4 1 0.6453125000000002 0.9765625 0.6453125000000002 0.9765625 0.7125000000000001 1 0.7125000000000001
2 0.4296875 0.004687500000000051 0.4125 0.00468750000000005 0.4125 0.037500000000000054 0.4296875 0.037500000000000054
2 0.915625 0.7140625000000002 0.909375 0.7140625000000002 0.909375 0.7281250000000001 0.915625 0.7281250000000001
2 0.625 0.06875000000000006 0.6046875 0.06875000000000006 0.6046875 0.10468750000000009 0.625 0.10468750000000009