1 1.0375795358653428 0.6693798029785436 0.965814 0.26237722343750003 0.7626973998712371 0.298192160207249 0.8344629357365797 0.7051947397482925
4 0.9579455660806854 0.21775312335715044 0.9064889588537819 -0.07407180018360607 0.4864069015625 0 0.5378635087894034 0.2918249235407565
2 0.5556226515625 0.1585919734375 0.5284901234375 0.004715760937500002 -0.027132527933146012 0.1026870260880582 1.918540160072979e-10 0.2565632385880582
4 0.5476828422274373 0.6264535752264958 0.46058742812500003 0.13251093593750002 -0.024122637539937326 0.21797839821100412 0.06297277656250001 0.7119210375
4 0.5556226515625 0.1585919734375 0.5284901234375 0.004715760937500002 -0.027132527933146012 0.1026870260880582 1.918540160072979e-10 0.2565632385880582
0 0.50724668125 1.0000000000000002 0.485013246875 0.8739079234375001 0.32190446229203157 0.9026684019455521 0.34413789666703154 1.0287604785080522
0 0.4358494984375 1.0000000000000002 0.38049666562500006 0.6860784859375 0.1366028701028206 0.7290835425608491 0.19195570291532055 1.043005056623349
1 1.0447686719608114 0.9116558906528447 0.9999999997401459 0.6577601407137946 0.8051837387168346 0.6921115047484503 0.8499524109375001 0.9460072546875005
4 0.8253322171875 0.9503484578125001 0.7325389720270132 0.4240918154641517 0.4386354078110218 0.47591494375026067 0.5314286529715087 1.002171586098609
4 0.9841674156250001 0.4114550140624999 0.9013546933617839 -0.058199272235790314 0.57129021875 -1.1102230246251566e-17 0.6541029410132161 0.4696542862982903
0 0.9668528265624999 0.2772667890625 0.9344294562015479 0.09338471691271444 0.8459506343750001 0.10898592031250003 0.8783740047359521 0.2928679924622856
0 0.6990063673437835 0.080951620284943 0.6826273658858292 -0.011938312545991226 0.61492183125 0 0.6313008327079543 0.09288993283093423
2 1.0185857951192205 0.6885949500017942 0.9999999996169053 0.5831897478273638 0.977082890435185 0.5872306556380695 0.9956686859375001 0.6926358578124999
4 0.5030296578125 0.19325120156250003 0.4699279737364003 0.005522223384795822 0.2983559971739002 0.03577499213479577 0.33145768125 0.2235039703125
2 1.0109394280180006 0.5542885650797491 0.9962878640174673 0.4711954103813226 0.9462780953125 0.48001348125 0.9609296593130333 0.5631066359484265
1 0.9691440656429166 0.3982379938516101 0.94770936875 0.2766757875 0.8792344546695835 0.2887497623983899 0.9006691515625 0.41031196875
2 0.9880049296875002 0.4782090296875001 0.9778302311693228 0.42050544954245667 0.9509018937499999 0.42525364218750006 0.9610765922681772 0.4829572223325435
4 0.7443843375000001 0.5092663828124999 0.6494204908701683 -0.029300357294834455 0.4086042202968865 0.013162048348951749 0.5035680669267183 0.5517287884562861
0 0.9379491719093682 0.16733448769491274 0.9270961609375 0.10578400312500003 0.8924740140281315 0.11188882168008726 0.9033270249999997 0.17343930624999998
4 0.9225629452807766 0.48498840441758284 0.913744873390385 0.43497863567029676 0.8875859171721086 0.439591165627714 0.8964039890625 0.48960093437500013
0 0.9532790508516401 0.25427454672483296 0.9403910999528851 0.1811833466077968 0.9057689515625 0.18728816562500003 0.9186569024612551 0.26037936574203624
4 0.8892124751913565 0.13388307340375877 0.8603426599328428 -0.029845781348362733 0.6910788265624999 0 0.7199486418210137 0.16372885475212148
2 0.9600786016437942 0.4997925379610432 0.9475976390624998 0.42900947968749986 0.9137448733562057 0.4349786354764566 0.9262258359375 0.50576169375
0 0.6826766203125001 0.024333342187500006 0.6775966029862389 -0.004476867163032661 0.6522070279862389 2.446733926575462e-11 0.6572870453124999 0.028810209375000007
0 0.8829607243490927 0.17941034046426163 0.8776698812028847 0.14940447942029683 0.8607434968749997 0.15238905781250006 0.8660343400212076 0.18239491885646486
2 0.8402560765624999 0.3781261140625 0.8321163187917764 0.3319632512796228 0.8051879812028847 0.3367114434827968 0.8133277389736084 0.38287430626567404
0 0.1571485203125 0.08526604375 0.15185767629529673 0.05526018129711517 0.12185181535779673 0.06055102504711517 0.127142659375 0.0905568875
2 1.000497162358289 0.4680732915485285 0.9886945125000001 0.40113713906250015 0.9748456530350827 0.40357906667755367 0.9866483028933715 0.4705152191635821
0 0.9754310203125002 0.42489500625000004 0.9701401764355513 0.39488914459253754 0.9516750312500001 0.39814504843750004 0.9569658751269488 0.42815091009496253