0 0.7375 5.3195595337963147e-17 0.13125 1.607348923880901e-17 0.13125000000000003 0.6328125000000001 0.7375 0.6328125000000002
0 0.8671875 0.46562500000000007 0.503125 0.465625 0.503125 0.9109375 0.8671875 0.9109375
0 0.18125000000000002 0.046875000000000014 5.7405318710032185e-18 0.046875 2.784157957436561e-17 0.4078125 0.18125000000000005 0.4078125
0 0.8453125 8.677770678333198e-17 0.571875 7.003448882623926e-17 0.571875 0.16406250000000008 0.8453125 0.16406250000000008
0 0.890625 0.5281250000000001 0.484375 0.528125 0.4843750000000001 0.8875 0.890625 0.8875
0 0.15937500000000002 0.05312500000000001 6.505936120470313e-18 0.053125 2.9563739135666576e-17 0.4296875 0.15937500000000004 0.4296875
0 0.84375 8.725608443924891e-17 0.58125 7.11825952004399e-17 0.58125 0.34843750000000007 0.84375 0.34843750000000007
0 0.7375 6.659016970363733e-17 0.35 4.286263797015736e-17 0.35000000000000003 0.5921875000000001 0.7375 0.5921875000000002
0 0.7671875 8.639500465859842e-17 0.64375 7.883663769511086e-17 0.64375 0.06093750000000009 0.7671875 0.06093750000000009
0 0.534375 0.014062500000000047 0.2328125 0.014062500000000028 0.23281250000000003 0.6453125 0.534375 0.6453125
0 0.69375 0.10312500000000009 0.5734375 0.10312500000000009 0.5734375 0.3156250000000001 0.69375 0.3156250000000001
0 0.625 0.3515625000000001 0.5296875 0.3515625000000001 0.5296875 0.49375 0.625 0.49375
0 0.478125 0.006250000000000049 0.328125 0.0062500000000000385 0.328125 0.2515625 0.478125 0.2515625000000001
4 0.46875 0.35937500000000006 0.2859375 0.359375 0.28593750000000007 0.7171875 0.46875 0.7171875
0 0.6109375 0.3234375000000001 0.471875 0.3234375000000001 0.471875 0.5390625 0.6109375 0.5390625
0 0.3765625 0.028125000000000032 0.1828125 0.02812500000000002 0.18281250000000002 0.4859375 0.3765625000000001 0.4859375
0 0.621875 0.07187500000000006 0.4921875 0.07187500000000006 0.4921875 0.2656250000000001 0.621875 0.2656250000000001
0 0.51875 0.2000000000000001 0.4328125 0.2000000000000001 0.4328125 0.3218750000000001 0.51875 0.3218750000000001
4 0.996875 1.0706091939421002e-16 0.7515625 9.203986099841827e-17 0.7515625 0.4906250000000002 0.996875 0.4906250000000002
4 1 0.3453125000000001 0.79375 0.3453125000000001 0.7937500000000001 0.8625 1 0.8625
0 0.66875 0.2156250000000001 0.603125 0.2156250000000001 0.603125 0.3046875000000001 0.66875 0.3046875000000001
0 0.8515625 0.2078125000000001 0.815625 0.2078125000000001 0.815625 0.27812500000000007 0.8515625 0.27812500000000007
0 1 7.721015366499328e-17 0.2609375 3.195562741525125e-17 0.26093750000000004 0.940625 1 0.940625
0 0.9171875 0.10625000000000011 0.8640625 0.1062500000000001 0.8640625 0.1875000000000001 0.9171875 0.18750000000000014
0 0.7015625 7.529664304132553e-17 0.528125 6.467665907996959e-17 0.528125 0.12812500000000007 0.7015625 0.1281250000000001
0 0.4187500000000002 0.9046875 0.24218750000000008 0.9046875 0.24218750000000008 1 0.4187500000000002 1
0 0.721875 8.572527594031472e-17 0.678125 8.304636106717989e-17 0.678125 0.017187500000000085 0.721875 0.017187500000000088
4 0.38750000000000007 0.37343750000000003 0.2906250000000001 0.3734375 0.2906250000000001 0.58125 0.38750000000000007 0.58125
0 0.65625 0.12500000000000008 0.5875 0.12500000000000008 0.5875 0.22031250000000008 0.65625 0.22031250000000008
0 0.026562500000000027 0.075 9.184850993605149e-18 0.075 2.5066989170047385e-17 0.334375 0.026562500000000044 0.334375
4 0.9984375 0.6109375000000001 0.875 0.6109375000000001 0.875 0.8484375 0.9984375 0.8484375
0 0.7703125 9.175283440486812e-17 0.728125 8.916959506291665e-17 0.728125 0.042187500000000086 0.7703125 0.042187500000000086
0 0.8859375 0.6296875000000002 0.759375 0.6296875000000002 0.7593750000000001 0.8109375 0.8859375 0.8109375
0 0.6921875 8.237663234889618e-17 0.653125 7.99847440693115e-17 0.653125 0.03125000000000008 0.6921875 0.03125000000000009
0 0.103125 0.054687500000000014 0.04531250000000001 0.0546875 0.04531250000000001 0.11875 0.103125 0.11875
0 0.7 0.2609375000000001 0.6640625 0.2609375000000001 0.6640625 0.3187500000000001 0.7 0.3187500000000001
0 0.615625 0.026562500000000072 0.5828125 0.026562500000000065 0.5828125 0.06718750000000007 0.615625 0.06718750000000007
0 0.1828125000000001 0.8296875 0.0453125000000001 0.8296875 0.04531250000000011 1 0.18281250000000013 1
0 0.7609375 0.7015625000000001 0.65 0.7015625 0.6500000000000001 0.8640625 0.7609375000000002 0.8640625
4 0.878125 0.0515625000000001 0.8109375 0.05156250000000009 0.8109375 0.1593750000000001 0.878125 0.1593750000000001
0 0.3234375 0.08281250000000004 0.26875 0.08281250000000002 0.26875 0.14843750000000006 0.3234375 0.14843750000000006
0 0.7125 0.64375 0.6703125 0.64375 0.6703125 0.7078125 0.7125 0.7078125
0 0.625 0.3984375000000001 0.58125 0.3984375000000001 0.58125 0.471875 0.625 0.471875
4 0.83125 0.18125000000000008 0.6546875 0.18125000000000008 0.6546875 0.4953125000000001 0.83125 0.49531250000000016
0 0.7 0.5203125 0.575 0.5203125 0.575 0.6703125 0.7 0.6703125
4 0.44375 0.5234375 0.3890625000000001 0.5234375 0.3890625000000001 0.615625 0.44375 0.615625
0 0.996875 0.12031250000000011 0.6390625 0.12031250000000009 0.6390625 0.6984375 0.996875 0.6984375000000002
0 1 0.7765625000000002 0.909375 0.7765625000000002 0.909375 0.9296875 1 0.9296875
0 0.7796875 0.6578125000000001 0.7421875 0.6578125000000001 0.7421875 0.7078125000000002 0.7796875 0.7078125000000002
0 0.09218750000000003 0.1453125 0.014062500000000016 0.1453125 0.014062500000000025 0.278125 0.09218750000000005 0.278125
0 0.7796875 0.3843750000000001 0.7609375 0.3843750000000001 0.7609375 0.4156250000000002 0.7796875 0.4156250000000002
0 0.1078125 0.1125 0.06406250000000002 0.1125 0.06406250000000002 0.1703125 0.1078125 0.1703125
0 0.578125 0.490625 0.5421875 0.490625 0.5421875 0.5625 0.578125 0.5625
0 0.80625 0.6062500000000001 0.7171875 0.60625 0.7171875000000001 0.7312500000000001 0.80625 0.7312500000000002
0 0.5453125 0.028125000000000067 0.5171875 0.028125000000000067 0.5171875 0.07656250000000006 0.5453125 0.07656250000000006
0 0.265625 0.03281250000000003 0.18125 0.03281250000000002 0.18125 0.17500000000000002 0.265625 0.17500000000000004
0 0.675 0.19687500000000008 0.63125 0.19687500000000008 0.63125 0.25468750000000007 0.675 0.25468750000000007
0 1 0.8671875 0.9734375 0.8671875 0.9734375 0.9359375 1 0.9359375
0 0.12500000000000003 0.140625 0.07031250000000003 0.140625 0.07031250000000003 0.2578125 0.12500000000000006 0.2578125
0 0.6046875 0.24375000000000008 0.5765625 0.24375000000000008 0.5765625 0.2796875000000001 0.6046875 0.2796875000000001
4 0.4296875 0.3906250000000001 0.3843750000000001 0.3906250000000001 0.3843750000000001 0.4640625 0.4296875 0.4640625
0 0.7609375 0.4593750000000002 0.7328125 0.4593750000000002 0.7328125 0.5031250000000002 0.7609375 0.5031250000000002
0 0.8046875 0.2968750000000001 0.7890625 0.2968750000000001 0.7890625 0.3203125000000001 0.8046875 0.3203125000000001
4 0.44375 0.21250000000000008 0.3859375 0.21250000000000008 0.3859375 0.3109375000000001 0.44375 0.3109375000000001
0 0.44843750000000016 0.7828125 0.0421875000000001 0.7828125 0.042187500000000114 1 0.44843750000000016 1
0 0.7125 0.4390625 0.6953125 0.4390625 0.6953125 0.465625 0.7125 0.465625
0 0.7140625 0.5953125 0.68125 0.5953125 0.68125 0.6375 0.7140625 0.6375
0 0.640625 0.6640625 0.609375 0.6640625 0.609375 0.703125 0.640625 0.703125
0 0.8265625 0.5921875000000002 0.7734375 0.5921875000000002 0.7734375 0.6671875000000002 0.8265625 0.6671875000000002
0 0.7625 0.6156250000000002 0.73125 0.6156250000000002 0.73125 0.6671875000000002 0.7625 0.6671875000000002
0 0.25 0.3015625 0.221875 0.3015625 0.221875 0.35625 0.25 0.35625
0 0.16875000000000004 0.290625 0.14531250000000004 0.290625 0.14531250000000004 0.3203125 0.16875000000000004 0.3203125
0 0.9390625 0.7781250000000002 0.890625 0.7781250000000002 0.890625 0.853125 0.9390625 0.853125
0 0.15625000000000014 0.978125 0.06562500000000011 0.978125 0.06562500000000013 1 0.15625000000000014 1
0 0.584375 0.4140625 0.5609375 0.4140625 0.5609375 0.45 0.584375 0.45
0 0.978125 0.4359375000000002 0.8828125 0.4359375000000002 0.8828125 0.6015625000000002 0.978125 0.6015625000000002
0 0.7593750000000001 0.8390625 0.7375000000000002 0.8390625 0.7375000000000002 0.865625 0.7593750000000001 0.865625
0 0.8859375 0.825 0.8453125 0.825 0.8453125 0.8734375 0.8859375 0.8734375
4 0.6140625 0.2000000000000001 0.5796875 0.2000000000000001 0.5796875 0.2500000000000001 0.6140625 0.2500000000000001
0 0.246875 0.19218750000000004 0.21875 0.19218750000000004 0.21875 0.2546875 0.246875 0.2546875
0 0.803125 0.8078125 0.7812500000000002 0.8078125 0.7812500000000002 0.8421875 0.803125 0.8421875
2 1 0.5359375000000002 0.94375 0.5359375000000002 0.94375 0.7453125000000002 1 0.7453125000000002
0 0.40625000000000017 0.9234375 0.3531250000000001 0.9234375 0.3531250000000001 1 0.40625000000000017 1
0 0.15000000000000013 0.9546875 0.12500000000000014 0.9546875 0.12500000000000014 0.9859375 0.15000000000000013 0.9859375
0 0.9015625 0.1140625000000001 0.8765625 0.1140625000000001 0.8765625 0.1515625000000001 0.9015625 0.1515625000000001
0 0.7859375000000002 0.81875 0.7656250000000002 0.81875 0.7656250000000002 0.85 0.7859375000000002 0.85
0 0.8828125 0.6562500000000002 0.8671875 0.6562500000000002 0.8671875 0.6781250000000002 0.8828125 0.6781250000000002
0 0.4625000000000002 0.93125 0.4125000000000002 0.93125 0.4125000000000002 1 0.4625000000000002 1
0 0.9640625 0.8578125 0.93125 0.8578125 0.93125 0.8890625 0.9640625 0.8890625
0 0.3765625000000001 0.9234375 0.3140625000000001 0.9234375 0.3140625000000001 1 0.3765625000000001 1
0 0.9828125 0.2828125000000001 0.909375 0.2828125000000001 0.909375 0.37968750000000007 0.9828125 0.37968750000000007
0 0.38593750000000004 0.03281250000000002 4.018372309702252e-18 0.0328125 3.9992372034655755e-17 0.6203125 0.3859375000000001 0.6203125
0 0.43281250000000016 0.9375 0.4125000000000002 0.9375 0.4125000000000002 0.971875 0.43281250000000016 0.971875
0 1 0.6781250000000001 0.50625 0.678125 0.5062500000000001 0.9953125 1 0.9953125
0 0.2453125 0.043750000000000025 0.084375 0.04375000000000001 0.08437500000000002 0.3625 0.2453125 0.3625
0 0.09687500000000004 0.2890625 0.06875000000000005 0.2890625 0.06875000000000005 0.3265625 0.09687500000000004 0.3265625
0 0.6328125000000001 0.6671875 0.3843750000000001 0.6671875 0.3843750000000001 1 0.6328125000000002 1
0 0.14531250000000004 0.215625 0.09687500000000002 0.215625 0.09687500000000003 0.3046875 0.14531250000000004 0.3046875
0 0.09375000000000004 0.325 0.06875000000000005 0.325 0.06875000000000005 0.3609375 0.09375000000000004 0.3609375
0 0.803125 0.3984375000000001 0.7140625 0.3984375000000001 0.7140625 0.5234375000000001 0.803125 0.5234375000000002
0 0.42187500000000017 0.99375 0.4031250000000002 0.99375 0.4031250000000002 1 0.42187500000000017 1
0 0.8921875 0.7703125000000002 0.7796875000000002 0.7703125000000002 0.7796875000000002 0.8859375 0.8921875 0.8859375
0 0.8765625 0.84375 0.85625 0.84375 0.85625 0.8703125 0.8765625 0.8703125
0 0.7640625 0.6109375000000001 0.7546875 0.6109375000000001 0.7546875 0.6234375000000002 0.7640625 0.6234375000000002
0 0.18437500000000004 0.2328125 0.06562500000000002 0.2328125 0.06562500000000003 0.428125 0.18437500000000004 0.428125
0 0.3437500000000001 0.4609375 0.014062500000000056 0.4609375 0.014062500000000084 0.9 0.3437500000000001 0.9
0 0.2531250000000001 0.9875 0.2250000000000001 0.9875 0.2250000000000001 1 0.2531250000000001 1
0 0.3906250000000001 0.9109375 0.3750000000000001 0.9109375 0.3750000000000001 0.9546875 0.3906250000000001 0.9546875
0 0.15156250000000004 0.2921875 0.14218750000000005 0.2921875 0.14218750000000005 0.3046875 0.15156250000000004 0.3046875
0 0.7093750000000002 0.8046875 0.7000000000000002 0.8046875 0.7000000000000002 0.81875 0.7093750000000002 0.81875
0 0.75 0.5140625000000002 0.740625 0.5140625000000002 0.740625 0.5281250000000002 0.75 0.5281250000000002
0 0.3296875000000001 0.9484375 0.2593750000000001 0.9484375 0.2593750000000001 1 0.3296875000000001 1
0 0.20625 0.042187500000000024 0.1859375 0.042187500000000024 0.1859375 0.08906250000000002 0.20625 0.08906250000000002
0 0.30937500000000007 0.9203125 0.2734375000000001 0.9203125 0.2734375000000001 0.9734375 0.30937500000000007 0.9734375
0 0.790625 0.43750000000000017 0.7796875 0.43750000000000017 0.7796875 0.46093750000000017 0.790625 0.46093750000000017
0 0.3156250000000001 0.9796875 0.2843750000000001 0.9796875 0.2843750000000001 1 0.3156250000000001 1
0 0.19687500000000013 0.9484375 0.18281250000000013 0.9484375 0.18281250000000013 0.9734375 0.19687500000000013 0.9734375
0 0.1 0.05625000000000001 0.084375 0.05625 0.084375 0.0921875 0.1 0.09218750000000002