4 0.811713611689818 0.015650045351927405 0.5051031353196526 -0.00041872969541106864 0.49807049081733457 0.13377211401516162 0.8046809671874999 0.1498408890625001
4 0.4683120499999999 5.828670879282072e-17 0.026730551266262566 -0.023142300597450045 0.020352102828762486 0.09856577284004996 0.46193360156249985 0.12170807343750008
4 1.0076868495601816 0.02592056822038008 0.9771116281250001 0.024318187500000123 0.96942477852675 0.1709918996935061 0.9999999999619316 0.17259428041388608
4 1.0058567614543206 0.4013392851339188 0.8357776678371538 0.39242581870215987 0.821916818706586 0.6569066102033916 0.9919959123237527 0.6658200766351505
4 0.978333940651661 0.7175196666787805 0.8925142140625001 0.7130220453125001 0.8774743364991864 0.9999999999475497 0.9632940630883473 1.00449762131383
4 0.38578214381948217 0.2014256127367013 0.23286699539844266 0.1934116702351169 0.22297222968750002 0.3822150671875 0.37588737810853956 0.39022900968908436
2 0.7798699875000001 0.47398661250000007 0.3421893874904879 0.4510487439315045 0.31745247030298784 0.9230572361190046 0.7551330703125001 0.9459951046875001
2 0.16501138437500013 0.8313596671875001 4.854858737246559e-11 0.8227117865736396 -0.007932168701451409 0.9740665756361393 0.1570792156250001 0.9827144562499998
2 0.737782268879222 0.2918467953192724 0.49436632031250005 0.2790899062500001 0.481732093620778 0.5201653171807278 0.7251480421875001 0.5329222062500001
4 0.9015801175982562 0.12206162814652695 0.7689496315833731 0.1151107593105843 0.760649476485117 0.27348716241405746 0.8932799625 0.28043803125000016
4 0.27383640625195743 0.5163108655876529 0.19425811562500006 0.51214034375 0.18387269843554274 0.7103058922248471 0.2634509890625001 0.7144764140625
1 0.7284488125 0.05196707343750009 0.6636939281395721 0.048573413784448134 0.6452127937500001 0.4012144687500001 0.7099676781104279 0.4046081284030521
4 0.8148343281906032 0.015813594060719804 0.721212809375 0.010907098437500078 0.714221053043337 0.14431776405822033 0.8078425718589403 0.14922425968144004
4 0.24252970937499999 0.06874652812500004 0.13876585931398083 0.06330849491431619 0.12286063431398084 0.3667982527268162 0.226624484375 0.3722362859375
1 0.8959089520205312 0.46911544689900453 0.6641956921875001 0.4569718703125001 0.6525427651669689 0.6793229781009957 0.8842560250000002 0.6914665546875002
2 0.6494628515857698 0.12605980893098537 0.5277548765625 0.11968136406250007 0.5200271452892301 0.2671352566940147 0.6417351203124999 0.2735137015625
4 0.1391371640625 0.0711511765625 0.026011160937500007 0.06522249375 0.010392148455445654 0.3632509953134405 0.12351815158044566 0.3691796781259405
4 0.11465328437500007 0.38905546562500004 0.010109254687500051 0.3835765453125001 -0.0024023096063569005 0.6223114190411546 0.10214172008114311 0.6277903393536546
4 0.22092122187500013 0.39149544375000006 0.11949790938737599 0.38618007320135306 0.1064956953125 0.6342770984375 0.20791900780012415 0.639592468986147
4 0.87027358908999 0.7791361682254596 0.7516863312500001 0.7729212734375002 0.7442448124725101 0.9149139114620406 0.8628320703125001 0.9211288062500002
4 0.22566201257048232 0.6592980705301186 7.216449660063518e-17 0.6474716265625 -0.006746431340777265 0.7762012157946349 0.218915581229705 0.7880276597622534
2 0.9817109293777936 0.02612387194065624 0.824894884151236 0.017905490613273116 0.8204381499999999 0.10294503750000009 0.9772541952265573 0.1111634188273832
1 0.50424118281858 0.0011007420714850779 0.460551140237774 -0.0011889560961365093 0.458629429294194 0.035479472144878475 0.502319471875 0.037769170312500065
4 0.7664235691684917 0.9395459140844323 0.6556381044973165 0.933739893740033 0.6521655593750002 1.0000000000000002 0.7629510240461755 1.0058060203443995
4 0.7148896 0.012140357812500085 0.6688590187500001 0.009727996875000089 0.6662013330263278 0.06043965313620633 0.7122319142763277 0.06285201407370633
2 0.4173142610187776 0.5551231062616303 0.3884476250859427 0.553610270235117 0.3838682296875001 0.6409903546875001 0.412734865620335 0.6425031907140134
1 0.4474406114146886 0.12955407033750843 0.29530564218750005 0.12158101562500005 0.29416079327281147 0.1434260374749917 0.4462957625 0.15139909218750008
2 0.731660264104823 0.8266343023174295 0.6731468140625001 0.8235677421875 0.6692625046058372 0.8976847781207201 0.7277759546481601 0.9007513382506497
4 0.1360164453759526 0.0709876253517528 0.0853047890667798 0.06832994054333716 0.07917167025332722 0.18535684019158435 0.12988332656249998 0.188014525
4 0.5303849437500001 0.1292070656250001 0.47733275002950065 0.12642671818709605 0.46539361093750004 0.3542390812500001 0.5184458046579995 0.3570194286879041
4 0.9638242781250002 0.09872475312500012 0.9435396156457546 0.09766167929148135 0.9421085546875002 0.12496795625000012 0.9623932171667458 0.12603103008351887
2 0.34281928597239314 0.5136675274592009 0.32331480312500005 0.512645340625 0.3209024421058372 0.5586759218707203 0.34040692495323027 0.5596981087049211
2 0.10826156875000006 0.4513062609375001 0.05520937502766047 0.44852591353470794 0.05181571562500005 0.5132807984375 0.10486790934733965 0.5160611458402922
4 0.1926932765625 0.12402655000000003 0.1412014405712772 0.12132797758759262 0.13793044369627722 0.18374232446259262 0.1894222796875 0.18644089687500004
2 0.2086218078125001 0.4769062953125001 0.16337140625000005 0.4745348218750001 0.1607137205400404 0.5252464780550378 0.20596412210254042 0.5276179514925378
2 0.4350925968752253 0.3651682265582021 0.4241700859375001 0.3645958015625001 0.4233932234372748 0.37941920937929813 0.434315734375 0.3799916343750001