4 0.5349732390625002 0.19743928593750007 0.30688298281736137 0.1934579559715029 0.2975295843750001 0.7293138296875 0.5256198406201389 0.7332951596534972
4 0.5612519031250002 0.7511072375000001 0.37534272165413507 0.7478621808661841 0.37097962029886844 0.9978241054684588 0.5568888017697335 1.001069162102275
4 0.7083262375000001 0.47238158750000014 0.5349151515625 0.4693546859375002 0.5307702053006432 0.7068185140732026 0.7041812912381433 0.7098454156357026
2 0.7555636031290777 0.004384715391396246 0.5696544218749999 0.0011396578125000695 0.5660003234107107 0.21048277028475892 0.7519095046647883 0.2137278278636551
0 0.2876019062683648 0.04466129113538661 0.13918701406250003 0.04207070000000002 0.13438760309773473 0.31702881718702414 0.2828024953035995 0.3196194083224107
0 0.9899029062551401 0.0084751231430407 0.7680616984375 0.00460287031250009 0.7618988171823602 0.3576740877944595 0.9837400250000001 0.36154634062500013
0 1.0039813288495547 0.2728235865166335 0.8290681772428853 0.26977046717210273 0.8250868483933305 0.4978607244054693 1 0.50091384375
1 0.7740388640625001 0.6469925250000002 0.5428240843783743 0.6429566560566946 0.5367157421875 0.99290335 0.7679305218716259 0.9969392189433055
4 0.4062140990239322 0.8593554421977361 0.04689383281250011 0.8530834828124998 0.04446685722606805 0.9921248031147639 0.4037871234375001 0.9983967625000002
4 0.153099570315818 0.22984210605991873 0.018745035937500026 0.22749693906249996 0.0128275796841821 0.5665077986275813 0.1471821140625001 0.5688529656250001
1 0.35640033437567575 0.40060370152378766 0.14549496093750003 0.396922334375 0.14020469999932428 0.7000011672262123 0.3511100734375 0.703682534375
4 0.5711629562500002 0.6309494093750001 0.43212163594385566 0.6285224340108913 0.4259587546875001 0.9815936515625001 0.5650000749936447 0.9840206269266089
2 0.2646201015670707 0.19740846848814797 0.22400128906250005 0.19669946406250005 0.2230195906204294 0.25294089713685214 0.26363840312500003 0.2536499015625001
4 0.653989301576618 0.004174466378693236 0.4055896390625911 -0.00016136563020298643 0.3937547265484732 0.677860353928604 0.6421543890625002 0.6821961859375002
4 0.5412610125 0.016271429687500068 0.3131707562588112 0.012290099495205464 0.3053171734375001 0.4622215625000002 0.5334074296786888 0.46620289269229476
2 0.9649067140625001 0.008038812500000119 0.8461748000017216 0.0059663389638640275 0.8430388203124999 0.1856264718750001 0.9617707343732782 0.1876989454111362
4 0.12438328750000012 0.621588103125 0.019711731256985658 0.6197610542872958 0.015621323437500046 0.8541003578125 0.1202928796805145 0.8559274066502043
4 0.4369720390625001 0.6192306703125001 0.27137226406250015 0.6163401156250001 0.26725458711296773 0.8522416812705178 0.43285436211296774 0.855132235958018
4 0.3978803113676408 0.5310349921950082 0.3244539957431167 0.5297533312302429 0.3228178328125001 0.623489053125 0.39624414843702416 0.6247707140897653
2 0.7457237140625 0.9262283874999999 0.6426144203125002 0.9244286078125 0.6415781835357306 0.9837945640751242 0.7446874772857306 0.9855943437626241
4 0.9495224218750001 0.5312875125 0.8854696796777333 0.5301694677470248 0.8837244390527331 0.6301542380595249 0.94777718125 0.6312722828125
4 0.9994875375000001 0.5337223953125001 0.754212400003197 0.5294411013793455 0.747067820285235 0.9387537531245241 0.9923429577820381 0.9430350470576787
2 0.6223868218800528 0.9193873187500881 0.5489605062282635 0.918105657784847 0.5478151921607108 0.9837206640347589 0.6212415078125002 0.985002325
4 0.9121213968750002 0.3462315906250001 0.7418348359413873 0.34325922790229846 0.7373899265625 0.5979079375000002 0.9076764874961128 0.6008803002227017
4 0.45848565625 0.9087127234375002 0.4022442218778261 0.9077310264005922 0.4009898312500001 0.9795950796874999 0.4572312656221739 0.9805767767244079
4 0.38612639612077737 0.5777119672016086 0.3486321070587533 0.5770575015493433 0.3478140250000001 0.6239253625000001 0.38530831406202415 0.6245798281522653
4 0.33423660937500005 0.5064830171875 0.29674232031250003 0.5058285515625001 0.29543338906297595 0.5808171296602348 0.33292767812547597 0.5814715952852347
4 0.87336916875 0.6862320546875 0.6843354640487089 0.6829324586026005 0.6807359046737089 0.8891510461026005 0.869769609375 0.8924506421875
4 0.49168993437499997 0.4389081640625001 0.37295802031654623 0.4368356903931966 0.3696311546875001 0.6274316578125001 0.4883630687459538 0.6295041314818036
4 0.5259356172200615 0.8942626856345537 0.4587583493537566 0.8930901031137198 0.45690403280929887 0.9993239220583995 0.5240813006756037 1.0004965045792333
4 0.41284491875155077 0.837592851473669 0.2769281218750001 0.8352204140625001 0.2744193374984495 0.9789485204013314 0.41033613437500016 0.9813209578125003
0 0.14335294531250012 0.9672843203125 0.05586627185148877 0.9657572343745896 0.05540269218750012 0.9923156890625 0.14288936564851146 0.9938427750004104
2 0.26010564844165823 0.9036872497617858 0.22417362187500012 0.9030600546875001 0.2234646187458421 0.943678867425714 0.2593966453125002 0.9443060624999999
0 0.6794534328306768 0.33591940364615064 0.6513327171875 0.33542855468750005 0.6505964437227348 0.3776096296870241 0.6787171593659116 0.3781004786456747
4 0.9083819428597589 0.8290523640742344 0.7068501421875001 0.8255346125 0.7052957868277414 0.9145835484257658 0.9068275875000001 0.9181013000000002
4 0.1756107015749236 0.64123513678826 0.1287428406250001 0.6404170546875 0.12691579059821073 0.7450886109097589 0.17378365154813422 0.7459066930105188
0 0.9261940203125002 0.7934203000000001 0.7965262718531403 0.7911569418773459 0.7948901093531402 0.8848926637523459 0.9245578578125002 0.8871560218750002
2 0.9471420781444724 0.5781281035719307 0.9096477890902411 0.5774736390357108 0.9088024390625001 0.6259037625000001 0.9462967281167314 0.62655822703622
0 0.23841695937500013 0.8032934390625 0.09781337653523478 0.800839195312024 0.09563182653475896 0.9258201578392893 0.23623540937452425 0.928274401589765
2 0.9791350468913022 0.35677774594105754 0.9541388546875001 0.3563414359375001 0.9534571202961981 0.39539798687144273 0.9784533125000001 0.39583429687500016
2 0.4131800578125001 0.9079219109375002 0.35225183905624957 0.9068584050455899 0.35110652499374967 0.9724734112955898 0.4120347437500002 0.9735369171875001
0 0.3208429828125001 0.9156865906250002 0.2755373828125002 0.9148957781250002 0.2746374927505738 0.9664504250098288 0.3199430927505738 0.9672412375098288
4 0.9953425906353669 0.7711862228435951 0.912542703125 0.7697409453125001 0.9097339562227347 0.9306539343745241 0.9925338437331016 0.932099211905619
0 0.4179636562500001 0.45481138593750015 0.3257901968818251 0.45320249179649574 0.32333595156250006 0.593806075 0.41550941093067506 0.5954149691410044
0 0.9401603046931436 0.3514092246766891 0.9214131609375 0.3510819921875001 0.9208677734318567 0.3823272331358111 0.9396149171875002 0.38265446562500005
4 0.3061941531250002 0.7700962578125001 0.2827602218751361 0.76968721717971 0.2818057937500001 0.8243663890625001 0.3052397249998641 0.8247754296952902
4 0.7392126156517274 0.13536930003129374 0.5720505796875 0.13245147656250006 0.5692691030977348 0.29180220312452415 0.7364311390619621 0.2947200265933178
1 0.8436474656316072 0.8669908699339839 0.6608628078125001 0.8638003515625 0.6587903343482107 0.9825322655972588 0.8415749921673177 0.9857227839687427
4 0.4255998940518538 0.6440359765677689 0.3334264343750001 0.6424270828124999 0.33187207938564645 0.7314760187447312 0.42404553906250014 0.7330849125000002
4 0.29108965156250016 0.7401405859375 0.2473463140456081 0.7393770431552447 0.24560107342060805 0.8393618134677447 0.2893444109375001 0.8401253562500001
4 0.32210528126437865 0.9328987413637538 0.31273170937500006 0.9327351250000001 0.3122681296602348 0.9592935796870241 0.3216417015496134 0.9594571960507778
1 0.43957053791675377 0.5598919828197746 0.18023504062500006 0.5553652640625 0.17775352614574635 0.6975311078052255 0.4370890234375001 0.7020578265625
4 0.5142089718770193 0.9393773998843244 0.5001486125000001 0.9391319749999999 0.49952141562298086 0.9750640016781753 0.5135817750000001 0.9753094265624999