0 0.19181202576250628 0.695264135843876 0.16553394841429353 0.4812463716859985 0.0546479328125 0.49486146249999996 0.08092601016071273 0.7088792266578775
2 0.33199948761230275 0.13179204622713228 0.32038381554830125 0.03718999000033876 0.2149257873109985 0.05013860783570647 0.226541459375 0.1447406640625
2 0.42024596093750005 0.23508871406249998 0.4085350780204296 0.13971123196084304 0.32168729062499996 0.15037480000000003 0.3333981735420703 0.24575228210165698
4 0.9710423140625002 0.23357725781250008 0.9353384053641387 -0.05720774695808071 0.45457386250000004 0.001822715624999993 0.4902777711983616 0.2926077203955808
0 0.5539619390987127 0.10611271748242865 0.5398707965740581 -0.008650431104000388 0.43363734185034525 0.004393396726070964 0.4477284843749999 0.11915654531250001
1 0.8550079875096317 0.5193798641409437 0.83406169375 0.34878599374999997 0.7154214109278685 0.36335318898405616 0.7363677046875001 0.533947059375
4 0.5965090890625 0.9911179703125003 0.5265294265079711 0.4211793589308976 -0.005413276686297219 0.48649371055490914 0.06456638586823171 1.0564323219365117
4 0.9314934142403418 0.9499870670734053 0.888743934375 0.6018204859375 0.660768490447158 0.6298123501140949 0.7035179703125 0.97797893125
4 1.0572077464935512 0.935338404835057 0.9878945578125 0.3708277796875 0.8669279968009367 0.3856806056468002 0.9362411854819879 0.950191230794357
4 0.9578080642185762 0.12579294970863913 0.9397206093925895 -0.02151755496185682 0.7644741795490133 1.7004031516165698e-11 0.782561634375 0.14731050468749998
4 0.239158253125 0.49109725312499997 0.1936476703125 0.12044329843749998 0.024604653014037574 0.14119917097128357 0.07011523582653757 0.5118531256587835
2 0.08575524847771175 0.7161574409524984 0.013966587489804389 0.13148572335446304 -0.048067546925407365 0.1391025574019646 0.023721114062500003 0.723774275
4 0.7509554390801326 0.9540506501436046 0.6869740328125001 0.4329639203125 0.4473671874823676 0.46238394204389566 0.5113485937500001 0.9834706718750003
4 0.5984212375 0.647700153125 0.5737617374952215 0.4468646421485829 0.45589688281249996 0.4613366265625 0.4805563828172784 0.6621721375389171
4 0.9826560000720216 0.4179109005865683 0.9612336546875 0.243439896875 0.8635298921154785 0.2554364103509316 0.8849522375000001 0.4299074140625
2 0.28561132031249997 0.07451843281250004 0.279327432341882 0.023340271740933737 0.10718270890438202 0.0444769858034337 0.11346659687499998 0.095655146875
2 0.2843273921875 0.30766272656250004 0.27671055777005843 0.245628591841841 0.22708325000000001 0.251722059375 0.2347000844174416 0.313756194095659
4 0.9135448375556294 0.5602065832655654 0.8951692250000001 0.4105492328125 0.8137494233818705 0.4205463276719346 0.8321250359374999 0.5702036781250002
2 0.3324333173765014 0.19943084528929358 0.31815175468749995 0.08311684218750001 0.20183775139670496 0.09739840489970793 0.21611931408570642 0.21371240800150146
0 0.7491240688094357 0.10576333329656454 0.7349104751566176 -0.009997094648517047 0.6534906735346818 1.7991844680764757e-10 0.6677042671875 0.11576042812500002
0 0.959126275 0.18781334062500002 0.9407506630839029 0.03815599055330574 0.8461486068339028 0.04977166242830575 0.86452421875 0.19942901250000003
2 0.8723490343750001 0.699074690625 0.8644465703125 0.634714275 0.8303277951598116 0.6389035331314517 0.8382302592223116 0.7032639487564517
2 0.8578053562499999 0.7473003359375001 0.8499981015625 0.683715346875 0.8182056077063959 0.6876189741358525 0.8260128623938959 0.7512039631983526
0 0.7527715374999999 0.03290071093749999 0.7479719636339235 -0.00618867807237744 0.6975692292589234 5.262258406801834e-11 0.7023688031249999 0.039089389062500014
2 0.22131763750000005 0.140659365625 0.21731879955474515 0.10809144517531954 0.1506321042422451 0.11627954205031954 0.1546309421875 0.1488474625
1 0.831256384443712 0.4797918739971137 0.8007890483172104 0.23165533495782023 0.5162074560609986 0.26659756096070647 0.5466747921875001 0.5147341
2 0.9347356843749999 0.13020011562499997 0.9280709546875 0.07592024687499999 0.8962784608364643 0.07982387417713221 0.9029431905239642 0.1341037429271322
0 0.3764177093749999 0.0704528640625 0.3736566062499999 0.047965489062500005 0.36047435170496467 0.04958406678528188 0.36323545482996467 0.07207144178528187
2 0.028015507823553915 0.3100105375900269 0.012686629643751713 0.18516684183119875 -0.015328878179802205 0.1886067136161718 0 0.31345040937499996
2 0.42673897657576304 0.05719013604551841 0.420645509375 0.0075628281249999875 0.380323321861737 0.0125137702044816 0.38641678906250004 0.06214107812500003
0 0.6223624218750001 0.11188230156249998 0.6158881136521968 0.059153287358528026 0.5693625120896967 0.06486591235852802 0.5758368203125 0.1175949265625
0 0.9525567546875001 0.1343089 0.9474153921176237 0.09243585880590173 0.929580578125 0.09462569843749997 0.9347219406948764 0.13649873963159825
0 0.8841857453124999 0.02621047968750001 0.8807581692872658 -0.0017048813159679544 0.8512919546875001 0.0019131156249999836 0.8547195307127342 0.029828476628467947
2 0.13974864375 0.1302097359375 0.13594022698859717 0.09919266869768184 0.087088346875 0.10519092499999998 0.09089676363640282 0.1362079922398181
0 0.9280709548135009 0.0759202479011956 0.9235008546244995 0.03869976667440209 0.8986872013734984 0.04174650002320648 0.9032573015625 0.07896698124999998
0 0.260797668112259 0.0775651653196029 0.2569892499767935 0.04654809824849847 0.23450187405203443 0.04930920167889557 0.23831029218749994 0.08032626875
2 0.16037105468749996 0.182775815625 0.14913622482866423 0.09127546701668651 -0.011234829858835721 0.11096655607918655 0 0.2024669046875
2 0.8380055578416448 0.4065484111748628 0.8284845156250003 0.3290057421875 0.7765309280958556 0.3353848403876372 0.7860519703125001 0.41292750937499995
0 0.16600320468750002 0.17736157187499998 0.16219478745954408 0.14634450435801297 0.134279428125 0.14977207968749998 0.1380878453529559 0.180789147204487
0 0.5840014015625 0.017415693749999996 0.5815824546291067 -0.002285049992830224 0.5629722140041068 7.169775884108276e-12 0.5653911609375 0.019700743749999992
2 0.8435552500000002 0.4389259109375 0.837461782785974 0.38929860290896307 0.8188515421875 0.391583653125 0.824945009401526 0.4412109611535369
0 0.2328548187514637 0.09358998907442015 0.22961766387496216 0.06722548128512662 0.20557943731099848 0.07017700471070648 0.20881659218749998 0.09654151250000001
4 0.8487535703125001 0.36587286875 0.8407558953125001 0.3007370265625 0.8027599874350656 0.3054023369711521 0.8107576624350656 0.37053817915865206
2 0.26139641562499993 0.06962047812500002 0.259111365625 0.051010237500000014 0.24980624531249998 0.052152762499999984 0.25209129531249996 0.07076300312499999
0 0.5167836812500001 0.04692115312499998 0.5126896328125001 0.013577804687499995 0.4940793920282647 0.015862854953132822 0.4981734404657646 0.04920620339063281
2 0.34938672812500005 0.06826203125 0.34653041608240415 0.044999231193837856 0.32171676250000003 0.0480459640625 0.324573074542596 0.07130876411866213
0 0.7463777031250001 0.03211154218750001 0.7431405483546025 0.005747033699853988 0.7299582953125001 0.0073656109375 0.7331954500828977 0.03373011942514602