2 0.8890625 0.2984375000000001 0.640625 0.2984375000000001 0.640625 0.6234375000000001 0.8890625 0.6234375000000002
2 0.7859375000000001 0.5875000000000001 0.65 0.5875 0.6500000000000001 0.8015625 0.7859375000000002 0.8015625
0 0.98125 0.7609375000000002 0.7968750000000002 0.7609375000000002 0.7968750000000002 1 0.98125 1
4 0.10156250000000007 0.4453125 5.4535052774530576e-17 0.4453125 7.500961644777538e-17 0.7796875 0.10156250000000008 0.7796875
4 0.51875 0.16093750000000004 0.3390625 0.16093750000000004 0.33906250000000004 0.39062500000000006 0.51875 0.3906250000000001
0 0.21718750000000003 0.09531250000000001 0.06875000000000002 0.0953125 0.06875000000000005 0.6046875 0.2171875000000001 0.6046875
1 0.4937500000000001 0.46875 0.22656250000000008 0.46875 0.22656250000000008 0.796875 0.4937500000000002 0.796875
0 0.771875 0.08750000000000008 0.5828125 0.08750000000000006 0.5828125 0.2843750000000001 0.771875 0.2843750000000001
2 0.409375 0.16718750000000004 0.3734375 0.16718750000000004 0.3734375 0.22031250000000008 0.409375 0.22031250000000008
4 0.6734375 0.004687500000000073 0.5203125 0.004687500000000064 0.5203125 0.2406250000000001 0.6734375 0.2406250000000001
4 0.9328125 0.0875000000000001 0.8546875 0.0875000000000001 0.8546875 0.18593750000000012 0.9328125 0.18593750000000014
4 0.2 0.16406250000000003 0.146875 0.1640625 0.14687500000000003 0.2484375 0.2 0.2484375
2 0.3546875 0.13750000000000004 0.3203125 0.13750000000000004 0.3203125 0.18593750000000003 0.3546875 0.18593750000000003
4 0.8671875 0.9421875 0.8390625 0.9421875 0.8390625 0.9796875 0.8671875 0.9796875
2 0.615625 0.3421875000000001 0.5921875 0.3421875000000001 0.5921875 0.3828125000000001 0.615625 0.3828125000000001
0 0.2578125 0.16562500000000005 0.190625 0.16562500000000005 0.19062500000000002 0.30625 0.2578125 0.30625
2 0.8953125 0.7875000000000002 0.8625 0.7875000000000002 0.8625 0.834375 0.8953125 0.834375
2 0.6953125 0.017187500000000085 0.659375 0.017187500000000085 0.659375 0.05468750000000009 0.6953125 0.05468750000000009
2 0.7343750000000002 0.95 0.6906250000000002 0.95 0.6906250000000002 1 0.7343750000000002 1
4 0.6609375000000001 0.6421875 0.6046875 0.6421875 0.6046875 0.7296875 0.6609375000000002 0.7296875
0 0.2953125 2.8511308292649316e-17 0.1703125 2.085726579797836e-17 0.17031250000000003 0.1921875 0.2953125 0.19218750000000004
4 1 0.05625000000000012 0.83125 0.05625000000000011 0.83125 0.3765625000000001 1 0.3765625000000001
2 0.6078125 0.5140625 0.4875 0.5140625 0.4875 0.6515625 0.6078125 0.6515625
2 0.271875 0.01562500000000003 0.2265625 0.015625000000000028 0.2265625 0.07031250000000003 0.271875 0.07031250000000003
2 0.5484375 0.15937500000000007 0.515625 0.15937500000000004 0.515625 0.20468750000000008 0.5484375 0.20468750000000008
2 0.840625 0.7921875000000002 0.8078125 0.7921875000000002 0.8078125 0.8296875 0.840625 0.8296875
2 0.4343750000000002 0.8765625 0.28593750000000007 0.8765625 0.28593750000000007 0.9953125 0.4343750000000002 0.9953125
2 0.8796875 0.8359375 0.853125 0.8359375 0.853125 0.8828125 0.8796875 0.8828125
1 0.4625 0.515625 0.3781250000000001 0.515625 0.3781250000000001 0.640625 0.4625 0.640625
2 0.09375000000000004 0.3296875 0.04531250000000005 0.3296875 0.04531250000000005 0.4484375 0.09375000000000004 0.4484375
4 0.3531250000000001 0.5109375 0.24375000000000008 0.5109375 0.24375000000000008 0.60625 0.3531250000000001 0.60625
0 0.3078125000000001 0.80625 0.1515625000000001 0.80625 0.1515625000000001 0.984375 0.3078125000000001 0.984375
2 0.20468750000000008 0.9125 0.17187500000000014 0.9125 0.17187500000000014 0.9609375 0.20468750000000008 0.9609375
0 0.88125 0.2062500000000001 0.7234375 0.2062500000000001 0.7234375 0.3968750000000001 0.88125 0.3968750000000001
0 0.6171875000000002 0.8328125 0.4625000000000002 0.8328125 0.4625000000000002 1 0.6171875000000002 1
0 0.9984375 0.4734375000000002 0.909375 0.4734375000000002 0.909375 0.6140625000000002 0.9984375 0.6140625000000002
2 0.12500000000000006 0.525 0.06718750000000007 0.525 0.06718750000000007 0.609375 0.12500000000000008 0.609375
2 0.7078125 0.471875 0.6578125 0.471875 0.6578125 0.5375 0.7078125 0.5375
0 0.0640625000000001 0.74375 9.10831056865844e-17 0.74375 1.0486038217699212e-16 0.96875 0.0640625000000001 0.96875
0 0.6703125 0.35625000000000007 0.5828125 0.35625000000000007 0.5828125 0.5109375 0.6703125 0.5109375
4 0.23593750000000008 0.809375 0.18906250000000008 0.809375 0.18906250000000008 0.8703125 0.23593750000000008 0.8703125
2 0.34062500000000007 0.6375 0.2687500000000001 0.6375 0.2687500000000001 0.753125 0.34062500000000007 0.753125
4 0.3125000000000001 0.775 0.2171875000000001 0.775 0.2171875000000001 0.8328125 0.3125000000000001 0.8328125
2 0.8734375 0.08125000000000011 0.8515625 0.08125000000000011 0.8515625 0.10781250000000009 0.8734375 0.10781250000000009
2 0.7265625 0.5765625000000001 0.69375 0.5765625 0.69375 0.6453125000000001 0.7265625 0.6453125000000002
0 1 0.5171875000000001 0.94375 0.5171875000000001 0.94375 0.9734375 1 0.9734375
2 0.3187500000000001 0.3796875 0.24218750000000008 0.3796875 0.24218750000000008 0.5 0.3187500000000001 0.5
4 1 0.020312500000000105 0.746875 0.020312500000000087 0.746875 0.14687500000000012 1 0.14687500000000014
0 0.8765625 0.08125000000000011 0.8328125 0.08125000000000011 0.8328125 0.19687500000000008 0.8765625 0.19687500000000008
0 0.6234375000000001 0.6203125 0.55 0.6203125 0.55 0.78125 0.6234375000000002 0.78125
2 0.4234375 0.5203125 0.3765625000000001 0.5203125 0.3765625000000001 0.5953125 0.4234375 0.5953125
4 0.5109375 5.1186409183112024e-17 0.325 3.980102097228898e-17 0.325 0.060937500000000054 0.5109375 0.06093750000000007
4 0.07500000000000005 0.3296875 4.0375074159389303e-17 0.3296875 5.338694640032993e-17 0.5421875 0.07500000000000007 0.5421875
0 0.3437500000000001 0.4671875 0.2984375000000001 0.4671875 0.2984375000000001 0.5359375 0.3437500000000001 0.5359375
4 0.3046875000000001 0.69375 0.2671875000000001 0.69375 0.2671875000000001 0.753125 0.3046875000000001 0.753125
0 0.7015625000000001 0.7234375 0.6625 0.7234375 0.6625000000000001 0.7734375 0.7015625000000002 0.7734375
4 0.6359375 0.3906250000000001 0.5921875 0.3906250000000001 0.5921875 0.4609375 0.6359375 0.4609375
2 0.2078125000000001 0.8109375 0.1859375000000001 0.8109375 0.1859375000000001 0.859375 0.2078125000000001 0.859375
0 0.9046875 0.15781250000000008 0.840625 0.15781250000000008 0.840625 0.2250000000000001 0.9046875 0.2250000000000001
4 0.6765625000000002 0.775 0.5562500000000001 0.775 0.5562500000000001 0.9515625 0.6765625000000002 0.9515625
0 0.9921875 0.4781250000000002 0.796875 0.4781250000000002 0.796875 0.7203125000000001 0.9921875 0.7203125000000001
0 0.790625 0.01562500000000009 0.7 0.015625000000000083 0.7 0.08593750000000008 0.790625 0.08593750000000008
4 0.56875 0.4640625 0.4609375 0.4640625 0.4609375 0.5453125 0.56875 0.5453125
0 0.553125 0.006250000000000063 0.4828125 0.0062500000000000585 0.4828125 0.10937500000000007 0.553125 0.10937500000000008
0 0.659375 0.55625 0.6421875 0.55625 0.6421875 0.6140625 0.659375 0.6140625
2 0.3687500000000001 0.403125 0.3531250000000001 0.403125 0.3531250000000001 0.4234375 0.3687500000000001 0.4234375
4 0.3062500000000001 0.5359375 0.2953125000000001 0.5359375 0.2953125000000001 0.559375 0.3062500000000001 0.559375
4 0.8671875 0.0218750000000001 0.7703125 0.021875000000000096 0.7703125 0.0812500000000001 0.8671875 0.08125000000000011
4 0.4046875 0.3921875000000001 0.3812500000000001 0.3921875000000001 0.3812500000000001 0.4265625 0.4046875 0.4265625