2 0.34611730156250003 4.9960036108132046e-17 0.27918547033202323 -0.0058557767856511345 0.263225240625 0.17657047343750004 0.3301570718554768 0.18242625022315123
0 0.8735687766159778 0.15625059313874648 0.75060099375 0.14549230625000006 0.724181909321522 0.44746382561125364 0.8471496921874999 0.4582221125
4 0.20437041724939692 0.3831645899175158 0.14677791093750003 0.3781258984375 0.13670052798933735 0.49331091092563095 0.19429303430123426 0.49834960240564685
4 0.1352392296875001 0.31280918593750007 0.02783698751781588 0.3034127076088646 0.006865137500000057 0.5431220578125001 0.11426737966968428 0.5525185361411356
4 0.146854115625 0.23383346406250002 0.10327059687500004 0.23002040000000004 0.09727863912064119 0.29850878594258673 0.14086215787064116 0.3023218500050867
4 0.40084905004126464 0.6293506432783438 0.3728310734375001 0.6268993875 0.36547730620873553 0.7109533160966561 0.39349528281250007 0.7134045718750001
4 0.42119997188422315 0.54015994520708 0.3745033453125 0.5360745203125001 0.368919931240777 0.5998932438554203 0.4156165578125002 0.6039786687500002
2 0.3941924156250001 0.418593484375 0.33193024701066276 0.41314625001186894 0.3237593953125001 0.5065395046875001 0.38602156392683745 0.5119867390506312
2 0.30190766099786276 0.3618970914975514 0.24431515468750006 0.3568584000000001 0.23791465462713735 0.43001644912744885 0.29550716093750007 0.4350551406250001
2 0.19298696718750002 0.280218215625 0.16808210000169557 0.2780393218556196 0.1642690359375 0.3216228390625 0.18917390312330445 0.3238017328318804
2 0.38014250165055957 0.23855886774347557 0.3241065500000001 0.23365635781250002 0.3164804233494406 0.3208233947565245 0.3725163750000001 0.3257259046875
4 0.5173549437854115 0.44505349490774504 0.4924500765625 0.44287460156250014 0.4878199280895886 0.49579744571725526 0.5127247953125 0.4979763390625001
4 0.5626121468913062 0.48351929356361945 0.5252548453125001 0.4802509531250002 0.5199437920518374 0.540956568738131 0.5573010936306436 0.5442249091767503
0 0.543779675097585 0.6449923895096015 0.49708304843750006 0.6409069640625 0.4880951124024152 0.7436395433028988 0.5347917390625001 0.7477249687500002
0 0.4980377265625001 0.7554886875 0.4451148828365799 0.7508585387872665 0.438305840625 0.82868625 0.4912286843509202 0.8333163987127336
0 0.7593631406250001 0.7265922390624999 0.6846485375 0.7200555578125 0.6721198984719795 0.8632585467413156 0.7468345015969795 0.8697952279913157
0 0.6626048796959373 0.810666629591062 0.5660985187500001 0.8022234171875 0.5550678703040628 0.9283043079089381 0.65157423125 0.9367475203124999
0 0.903734603125 0.8333312156250001 0.8601510843750002 0.8295181515625 0.8533420414972174 0.9073458625763091 0.8969255602472173 0.9111589266388093
0 1.0136572443125096 0.04302926653243616 0.8906894609375001 0.032270979687500125 0.8750286635788728 0.21127471558268826 0.9979964469538822 0.2220330024276243
0 0.6384705251249143 0.11842900794722411 0.5684255845225316 0.11230087018870638 0.5591652875 0.21814655781250006 0.6292102281023827 0.2242746955710178
0 0.503518828125 0.24464749218750007 0.43814355002034866 0.23892789664241318 0.43078978437499993 0.32298182500000006 0.4961650624796513 0.32870142054508694
0 0.8576970062499999 0.6065809203125001 0.7580775355159266 0.5978653468381172 0.7471830687381311 0.7223896845106628 0.8468025394722044 0.7311052579850457
4 0.16462324844343457 0.6761277093071687 0.10547418751186903 0.6709528373643374 0.09512444375000009 0.7892509578125001 0.15427350468156562 0.7944258297553314
4 0.37466281260627765 0.8748776659727417 0.32329652343750015 0.8703836984375 0.31458094989372254 0.9700031699647585 0.3659472390625001 0.9744971375000002
2 0.26653309531249997 0.1925445578125 0.20115781806328528 0.18682496243992025 0.19571058437500005 0.24908713124999998 0.26108586162421477 0.25480672662257975
2 0.24730378593750008 3.3306690738754695e-17 0.21461614674788926 -0.002859797749892562 0.1992703373728892 0.17254361318760747 0.23195797656250003 0.17540341093750006
2 0.40258216718750006 5.551115123125783e-17 0.3683379735593883 -0.0029959787854501154 0.34895285168438833 0.2185769743395499 0.38319704531250004 0.22157295312500008
2 0.32284140937500005 0.19433395937500006 0.26680545621444623 0.18943144884388202 0.25890696715194617 0.279711594156382 0.3149429203125 0.2846141046875001
2 0.2347253421875001 0.574036521875 0.19114182343750002 0.5702234578125001 0.18079207829942348 0.68852157814026 0.22437559704942353 0.6923346422027601
0 0.8504998829146126 0.7784827878953493 0.7866811609375001 0.7728993734375 0.7746972467393374 0.9098761453006311 0.83851596871645 0.9154595597584804
0 0.968659 0.5394338812500001 0.8783788546875 0.5315353921875002 0.8650331319577873 0.6840777047494236 0.9553132772702874 0.6919761938119235
0 0.40258216718750006 6.106226635438361e-17 0.3792338532771634 -0.002042712800224539 0.3519502423243098 0.3098103842502683 0.3752985562346464 0.3118530970504929
2 0.517685870425073 0.45919866277578675 0.49589411108503156 0.4572921311262064 0.492353409375 0.49776254218749993 0.5141451687150413 0.49966907383708026
0 0.3900131468954006 0.771133257579321 0.3152985437500001 0.7645965765625001 0.2970503093545995 0.973174842420679 0.3717649125000001 0.9797115234375001
0 0.85108412202346 0.8255879579621895 0.7825957359375 0.819596 0.7722459904646712 0.9378941202984732 0.8407343765506312 0.9438860782606628
4 0.6565543578125002 0.8618967375000001 0.6191970562500001 0.8586283968749999 0.615247811274848 0.9037684702053135 0.652605112837348 0.9070368108303135
4 0.8676043406411418 0.9415314904404978 0.8426994734374998 0.939352596875 0.8390225904893371 0.9813795609256308 0.8639274576929792 0.9835584544911287
4 0.9709169204299709 0.6211917845948042 0.9491251610850318 0.6192852530012065 0.9461291828125002 0.6535294468750001 0.9679209421574393 0.6554359784685978
2 0.6064256891629753 0.17993265666406205 0.5768511593750001 0.17734522031250005 0.5730380951768373 0.22092873905063115 0.6026126249648127 0.22351617540219312
4 0.6207931250000001 0.9120959640624997 0.5865489309857039 0.9090999859143769 0.5830082296756312 0.9495703954481627 0.6172524236899272 0.9525663735962855
4 0.8433789656250001 0.806092221875 0.8215872063358749 0.8041856896434492 0.818182684460875 0.8430995458934494 0.8399744437500003 0.8450060781250001
2 0.7949134000000001 0.9477196046875 0.7513298812500002 0.9439065406250002 0.7475168171875002 0.9874900593750002 0.7911003359375001 0.9913031234375002
4 0.9589887484374999 0.5244716265625 0.9340838798557854 0.5222927324514892 0.9312240813975317 0.5549803717512063 0.9561289499792462 0.5571592658622171
2 0.4545466407128244 0.3203548739961631 0.43275488125 0.31844834218750007 0.4301674451768373 0.3480228734256311 0.45195920463966177 0.3499294052342941
4 0.8510580109375002 0.23427305000000015 0.8090310468793612 0.2305961671376533 0.8042647171875 0.28507556562500014 0.846291681245639 0.28875244848734694
4 0.9695889796875001 0.18817830000000013 0.9291185702354372 0.18463759775583102 0.9242160592979373 0.240673550880831 0.9646864687500001 0.24421425312500009
4 0.8497533562668134 0.14161926699532304 0.8123960546874998 0.1383509265625001 0.8076297249831864 0.19283032362967717 0.8449870265625 0.19609866406250012
4 0.7896333914172735 0.3088909860068151 0.7647285226791424 0.3067120921211524 0.7611878203125 0.34718250156250013 0.7860926890506311 0.3493613954481628
4 0.847716290625 0.6668779921875001 0.8103589890625 0.6636096515625001 0.8062735633092313 0.7103062781957986 0.8436308648717311 0.7135746188207986
4 0.8227528578125 0.6474408218750001 0.8009610983706577 0.6455342898265104 0.7976927577456576 0.6828915913890103 0.8194845171875 0.6847981234375
4 0.917777457849807 0.38597781519858165 0.8975422531249999 0.38420746406250017 0.8937291890251933 0.42779098323891873 0.9139643937500004 0.4295613343750002
2 0.44276029531249994 0.7239885750000001 0.40851610160885066 0.7209925963452102 0.4048392187500001 0.7630195609375 0.4390834124536494 0.7660155395922897
2 0.8298123875000002 0.3516179046875001 0.7831157610073097 0.3475324788895741 0.7782132500000002 0.4035684312500001 0.8249098764926905 0.40765385704792606
2 0.57270716875 0.2067835703125001 0.5478023015832538 0.20460467632528295 0.5449425031249999 0.23729231562500006 0.5698473702917461 0.2394712096122172
4 0.8118598015625003 0.8974427625000002 0.7776156094731521 0.8944467832531193 0.7742110875000001 0.9333606390625002 0.8084552795893483 0.9363566183093811
2 0.43853868911761457 0.7722417556200373 0.40429449531249995 0.7692457765625 0.40048143112620627 0.8128292951649684 0.4347256249313209 0.8158252742225056
4 0.5948178609375001 0.8862963953125 0.5543474515889059 0.8827556934481816 0.5486278562500002 0.9481309703124999 0.5890982655985944 0.9516716721768184
4 1.0049025130834601 0.2163633317338017 0.9845321828125 0.2145811578125001 0.979629669703335 0.2706171091850039 0.9999999999742952 0.27239928310630557
4 0.9462068 0.6347146140625002 0.9181888234895845 0.6322633587796711 0.91342249375 0.6867427578125002 0.9414404702604153 0.6891940130953292
2 0.4665171515625001 0.721361625 0.4384991749338645 0.7189103695059351 0.4346861108713644 0.7624938882559351 0.4627040875 0.7649451437500001
4 0.727018420362852 0.07441648536197473 0.6958873359375 0.0716928687500001 0.6923466343246479 0.11216327870052548 0.72347771875 0.1148868953125001
4 1.005719593631779 0.14742220097889885 0.9625061622082128 0.1436415170252711 0.9567865685764337 0.2090167957338723 1 0.21279747968750007
4 0.7220086625000001 0.9742791046875 0.6737554809542126 0.9700574984116221 0.6711358515625001 1 0.7193890331082875 1.004221606275878
4 0.31329252190293594 0.5903210699931914 0.28838765468750005 0.5881421765625 0.2832127827845642 0.6472912362568085 0.3081176500000001 0.6494701296875
2 0.6487906375452209 0.8251427244831231 0.6176595531250001 0.8224191078125 0.6135741280797793 0.869115734891877 0.6447052125000001 0.8718393515624999
2 0.48034338597126186 0.043424404301599544 0.4616647343749999 0.04179023437500004 0.45866875621623804 0.07603442851090055 0.4773474078125 0.07766859843750004
2 0.6904048237491078 0.4570564609647622 0.6499344126878142 0.4535157592547307 0.6439424561262064 0.5220041451649685 0.6844128671875 0.5255448468750001
4 0.17044882968750008 2.4980018054066023e-17 0.04592449251065655 -0.010894468292421576 0.025851428361636897 0.21854169519650196 0.15037576553848045 0.22943616348892357
2 0.6278279562500001 0.1504357421875001 0.6060361968849035 0.1485292108243026 0.6026316765625 0.18744306718750006 0.6244234359275966 0.18934959855069758
2 0.5764087484760505 0.6305939104968659 0.55150388125 0.6284150171875 0.5474184562114496 0.6751116441906342 0.5723233234375 0.6772905375
4 0.2508137328414703 0.35429001529386833 0.21812609375000008 0.3514302171875 0.21322358278352976 0.40746616908113165 0.245911221875 0.4103259671875
2 0.6422645376606766 0.11091859816345821 0.5955679109374998 0.1068331734375001 0.5901206779643233 0.16909534246154193 0.6368173046875001 0.17318076718750008
4 0.20435277812500002 0.5447153015625 0.11407263281250005 0.5368168125 0.1015439951201516 0.6800198001198726 0.19182414043265159 0.6879182891823726
4 0.6368786921875002 0.4413942515625002 0.613530379561685 0.4393515389380741 0.6093087733116849 0.48760472018807405 0.6326570859375 0.4896474328125001
2 0.6830468234375 0.16467757812500006 0.6628116187507717 0.16290722655368167 0.6598156390625001 0.19715142031250005 0.6800508437492284 0.19892177188381846
0 1.0133457232756125 0.11672003232149483 0.904524166984211 0.1071993796697146 0.8911784437085988 0.2597416926607199 1.0000000000000002 0.26926234531250015
2 0.5962749250000001 0.6903653093750001 0.5713700577625408 0.6881864161960376 0.5678293562000408 0.7286568271335376 0.5927342234375002 0.7308357203125001
2 0.5657224313109455 0.2328364493033898 0.534591346875 0.23011283281250008 0.5300973796265545 0.28147912257161034 0.5612284640625 0.28420273906250004
2 0.3319845765856754 0.05397171848510514 0.307079709375 0.05179282500000004 0.29972594372682476 0.135846753389895 0.3246308109375001 0.13802564687500007
4 0.6662041468750002 0.7874544968750001 0.6490820500391085 0.7859565073654899 0.64690315625 0.810861375 0.6640252530858918 0.8123593645095102
0 0.33984342656250005 4.4408920985006264e-17 0.3242778842883853 -0.0013618083849883556 0.31245073897588527 0.13382309161501166 0.32801628125000004 0.13518490000000008
0 0.4927414911364516 0.4036883845564474 0.4118006703125001 0.3966069796875001 0.39940821197667964 0.5382534140167156 0.4803490328006312 0.5453348188856628
2 0.45184913281250016 0.942800865625 0.41449183120281746 0.9395325255393014 0.4098616827653174 0.9924553692893017 0.4472189843750002 0.9957237093750002
2 0.8074039359414564 0.8766628343297791 0.7824990687499999 0.874483940625 0.7792307281210437 0.9118412422327209 0.8041355953125002 0.9140201359375
0 0.4078076766395221 0.011982856932132737 0.38601591718749995 0.010076325000000049 0.38179431080183723 0.05832950623813109 0.4035860702538595 0.060236038170263774
0 0.4413328640625001 0.09490782343750008 0.42576732194283134 0.09354601484968454 0.41214923593749997 0.24920143750000007 0.42771477805716873 0.2505632460878156
2 0.8610662484375 0.8907684890625 0.8377179344123069 0.8887257761360814 0.8339048703498069 0.9323092948860815 0.857253184375 0.9343520078124999
0 0.19240738906250007 3.053113317719181e-17 0.17684184693500954 -0.0013618084984115375 0.14829495156250003 0.32493069374999994 0.16386049368999056 0.32629250224841155
0 0.6678559562746416 0.6072251340933462 0.6196027749999999 0.603003528125 0.6129299140378583 0.6792746846566539 0.6611830953125 0.6834962906250001
4 0.5374144546875 0.3950490140625001 0.47048262346433994 0.3891932371932182 0.46340121875000007 0.4701340578125001 0.5303330499731602 0.475989834681782
0 0.23750187660965366 0.05825330102353178 0.2297191048350317 0.057572396751206345 0.21773519062500007 0.19454916875000003 0.22551796239962205 0.19523007302232548
0 0.30521269073590385 0.12691596904486266 0.295873364074369 0.1260988842393375 0.29314974833846513 0.15722996988197485 0.302489075 0.15804705468750002
2 0.4590470328125001 6.106226635438361e-17 0.4294725026079762 -0.0025874362917575554 0.4245021791436455 0.054223617139918946 0.4540767093481694 0.05681105343167656
4 0.0991103796875001 0.5464870640624999 6.106226635438361e-17 0.5378160296875001 -0.022333658442361175 0.7930909221980472 0.07677672124513886 0.8017619565730472
0 0.32323795938068445 0.8531254218100279 0.2983330906250001 0.8509465281250002 0.28825570780681575 0.9661315406899721 0.3131605765625001 0.968310434375
0 0.15042092656487388 0.7846779624728677 0.12551605937500007 0.7824990687500002 0.1227924421851263 0.8136301531521328 0.1476973093750001 0.8158090468750002
0 0.28821054843750005 0.4108897421875001 0.28198433125254335 0.4103450187209295 0.27435820312500003 0.4975120546875001 0.2805844203099567 0.4980567781540707
0 0.33175737513840664 0.6123266249805062 0.3021828438975317 0.6097391889387064 0.2872029515625001 0.780960153125 0.31677748280337503 0.7835475891667999
0 0.19271460625000006 0.2833313234375 0.18337527978462081 0.2825142379524051 0.180379300011869 0.3167584311143373 0.18971862647724824 0.31757551659943223
0 0.19485539767849608 0.33057267350779684 0.17773330081536495 0.3290746843096342 0.17596295 0.34930988906250005 0.19308504686313113 0.3508078782606626
0 0.2836185015625 0.3916663671875 0.26649640468749997 0.390168378125 0.26404514985949756 0.4181863548119086 0.28116724673449756 0.41968434387440856
0 0.21517386406250014 0.8154386062500001 0.1980517672022745 0.8139406170186284 0.1852507687500001 0.9602567125 0.20237286561022577 0.9617547017313717
0 0.22497606250000013 0.45241149531250013 0.18917531564572793 0.4492793357005798 0.17147180468750012 0.6516313843750001 0.2072725515417723 0.6547635439869204
4 0.09861998593750006 0.19353874843750005 0.027018492210910926 0.18727442941991218 0.01585166250000002 0.31491187656249997 0.08745315622658914 0.32117619558008786
4 0.8207496594155137 0.7241205203160448 0.7180170812500002 0.7151325843750002 0.7127060280844867 0.7758381999964556 0.8154386062500002 0.7848261359375002
0 0.283208546875 0.27085842656250003 0.27386922191036966 0.27004134178322337 0.27291595625000004 0.28093722187500003 0.28225528121463045 0.28175430665427675
4 0.30220330781250015 0.6991436843750002 0.26173289830850793 0.6956029827243884 0.25356204830850787 0.7889962358493883 0.2940324578125001 0.7925369375000001
4 0.2775517515701849 0.7299247905371623 0.24642066718750005 0.7272011734375 0.22490409206370635 0.9731367404774683 0.25603517644639123 0.9758603575771307
0 0.246161709375 0.19233076093750004 0.23993549219046728 0.19178603746608439 0.23775659844046726 0.2166909046535844 0.243982815625 0.21723562812500008
0 0.31754940625 0.21896646562500005 0.3004273109465855 0.21746847645865267 0.29470771562500003 0.28284375312500004 0.3118298109284145 0.2843417422913474
0 0.6927022594752404 0.5921457504167483 0.6460056328125001 0.5880603250000002 0.6386518670518375 0.6721142531131312 0.6853484937145777 0.6761996785298793
0 0.15156893906250007 0.7894838046875 0.14534272187500008 0.7889390812499999 0.1431638281250001 0.8138439500000001 0.14939004531250008 0.8143886734375
0 0.37347105156250004 0.4403076281250001 0.3641317264850414 0.43949054307285584 0.35991012023504143 0.48774372432285584 0.3692494453125001 0.4885608093750001
0 0.2783850640625 0.43355715000000006 0.27215884688507475 0.43301242644734605 0.26984377188507475 0.45947384832234606 0.2760699890625001 0.46001857187500006
0 0.3215367532350552 0.1016801753045629 0.30441465781249993 0.10018218593750003 0.3016910405149447 0.13131327157043712 0.3188131359375 0.1328112609375