4 0.7093750000000001 0.515625 0.5109375 0.515625 0.5109375 0.9453125 0.7093750000000002 0.9453125
4 0.8015625 5.214316449494589e-17 0.05 6.123233995736766e-18 0.050000000000000024 0.3765625 0.8015625 0.3765625000000001
4 0.546875 0.27343750000000006 0.020312500000000032 0.2734375 0.02031250000000006 0.6765625 0.546875 0.6765625
4 0.8546875 9.548418012102017e-17 0.7046875 8.629932912741505e-17 0.7046875 0.2093750000000001 0.8546875 0.2093750000000001
4 0.7453125 0.060937500000000075 0.4890625 0.06093750000000007 0.4890625 0.3828125000000001 0.7453125 0.3828125000000001
0 0.9921875 0.1562500000000001 0.84375 0.15625000000000008 0.84375 0.3765625000000001 0.9921875 0.3765625000000001
4 0.84375 9.950255243072244e-17 0.78125 9.567553118338697e-17 0.78125 0.0687500000000001 0.84375 0.06875000000000012
0 0.4765625 0.003125000000000049 0.3296875 0.00312500000000004 0.3296875 0.05156250000000005 0.4765625 0.05156250000000007
0 0.6453125 7.185232391872362e-17 0.528125 6.467665907996959e-17 0.528125 0.11406250000000007 0.6453125 0.1140625000000001
0 0.909375 0.09218750000000012 0.834375 0.09218750000000012 0.834375 0.2015625000000001 0.909375 0.2015625000000001
4 0.9203125 0.7171875000000002 0.8703125 0.7171875000000002 0.8703125 0.7984375000000001 0.9203125 0.7984375000000001
0 0.9203125 0.8625 0.865625 0.8625 0.865625 0.946875 0.9203125 0.946875
0 0.020312500000000015 0.0453125 5.549180808636444e-18 0.0453125 1.3681600959224337e-17 0.178125 0.02031250000000002 0.178125
0 0.7 8.285501000481311e-17 0.653125 7.99847440693115e-17 0.653125 0.032812500000000085 0.7 0.03281250000000009
0 0.059375000000000025 0.153125 0.042187500000000024 0.153125 0.042187500000000024 0.184375 0.059375000000000025 0.184375
0 0.8875 0.6781250000000002 0.8609375 0.6781250000000002 0.8609375 0.7093750000000002 0.8875 0.7093750000000002
0 0.615625 7.137394626280668e-17 0.55 6.735557395310443e-17 0.55 0.05312500000000007 0.615625 0.05312500000000007
0 0.4203125 0.0031250000000000466 0.3390625 0.003125000000000042 0.3390625 0.02656250000000005 0.4203125 0.026562500000000055
0 0.1640625 0.07656250000000002 0.146875 0.07656250000000002 0.146875 0.1171875 0.1640625 0.1171875
0 0.07187500000000001 0.06875 0.04531250000000001 0.06875 0.04531250000000002 0.1421875 0.07187500000000002 0.1421875
0 0.034375 0.0171875 2.1048616860345133e-18 0.0171875 5.644856339819831e-18 0.075 0.03437500000000001 0.075
0 0.95625 0.9078125 0.9171875 0.9078125 0.9171875 0.978125 0.95625 0.978125
4 0.6234375000000001 0.596875 0.006250000000000072 0.596875 0.0062500000000000975 1 0.6234375000000002 1
4 0.5484375 0.0015625000000000656 0.51875 0.0015625000000000638 0.51875 0.04531250000000007 0.5484375 0.04531250000000007
4 0.9859375 1.1557604166953146e-16 0.9015625 1.1040956298562856e-16 0.9015625 0.10156250000000011 0.9859375 0.10156250000000014
4 0.775 9.261391418551857e-17 0.7375 9.031770143711729e-17 0.7375 0.05312500000000009 0.775 0.05312500000000009
4 0.6890625 0.10937500000000008 0.634375 0.10937500000000008 0.634375 0.1843750000000001 0.6890625 0.1843750000000001
4 0.934375 1.1251442467166307e-16 0.903125 1.1060091404799533e-16 0.903125 0.021875000000000113 0.934375 0.021875000000000117
4 0.4484375000000001 0.6953125 0.425 0.6953125 0.4250000000000001 0.7328125 0.44843750000000016 0.7328125
4 0.86875 0.5734375000000002 0.85 0.5734375000000002 0.85 0.6109375000000001 0.86875 0.6109375000000001
4 0.93125 0.4671875000000002 0.8546875 0.4671875000000002 0.8546875 0.5484375000000001 0.93125 0.5484375000000001