4 0.3792770953132162 0.005905278120938895 0.0884510549045927 -0.04537519883936593 -0.0165518263461234 0.5501257402271952 0.2742742140625 0.6014062171875
0 0.4868974969210996 0.00742901380105615 0.24685060769384415 -0.034897729014568626 0.17440675921024448 0.3759517556218753 0.4144536484375 0.4182784984375001
4 0.2761030847976149 0.7350034391370184 6.661338147750939e-17 0.6863190156249999 -0.039884816047614825 0.9125170468004816 0.23621826875000002 0.9612014703125
4 0.8200437359598182 0.4215709983109278 0.7077141015625001 0.4017642531250001 0.678682296852682 0.5664118001265723 0.79101193125 0.5862185453125001
4 0.8038684359374999 0.6122845546875 0.6730736563059079 0.5892219059329304 0.6443131765624999 0.752330690625 0.7751079561940919 0.7753933393795697
4 0.2894646725537359 0.48826260636967955 0.1248171257258511 0.4592308014149763 0.0892735140625001 0.6608086390625001 0.2539210608903849 0.6898404440172033
4 0.6716090578125001 0.47155495625 0.40848073593750006 0.42515833281250004 0.3756503764677821 0.6113485499832989 0.6387786983427822 0.6577451734207989
2 1.0369012206377484 0.3344671008626755 0.9676569249560775 0.3222574637792445 0.9247875327301305 0.5653818785921401 0.9940318284118014 0.577591515675571
4 0.2930172281250001 0.0002149609375000361 0.0868231045180647 -0.03614262623133261 0.007324798268064625 0.4147146737686674 0.213518921875 0.45107226093749997
4 0.2002868765625001 0.3281571843750001 0.027945518750000044 0.29776875312500006 -0.017365802389175622 0.5547420251297457 0.15497555542332445 0.5851304563797458
4 0.6793319516599312 0.03184077600994041 0.545459646875 0.008235476562500066 0.4876673622799119 0.3359918074981817 0.6215396670648431 0.35959710694562197
4 0.3293467015625001 0.8919459046875 0.2708737406418765 0.8816355436542891 0.2562221750000001 0.9647286984375002 0.3146951359206237 0.9750390594707111
4 0.8122907890625 0.6455017250000001 0.5676276125088993 0.6023610059760584 0.5369678562500001 0.7762411250000001 0.7816310328036009 0.8193818440239419
4 0.9664786799327448 0.3109434797307434 0.8433777096673596 0.28923745758854 0.8243849406249998 0.3969508046875001 0.947485910890385 0.4186568268297034
4 0.30650654218750006 0.6705538093750001 0.24495605621019712 0.6597007984304817 0.23220376870288498 0.7320226174547032 0.2937542546801878 0.7428756283992216
4 0.6580352797244178 0.4945471982281294 0.60571736875 0.4853221390625001 0.5948643577755822 0.5468726236468708 0.6471822687500001 0.5560976828125
4 0.9690586328252605 0.6382388358651333 0.8167211828125002 0.6113776328125 0.7895886546747398 0.7652538438223668 0.9419261046875003 0.792115046875
4 0.24878090781250006 0.8269686515625001 0.1364512736246261 0.8071619051887554 0.1131172984375 0.9394954468750001 0.22544693262537394 0.9593021932487448
4 0.6041185 0.0534839046875001 0.5471843014043024 0.04344486964718337 0.5347033389043025 0.11422792745968335 0.5916375375000001 0.12426696250000009
1 1.0094963831237953 0.21222618703593107 0.9800411846917785 0.20703244169233495 0.9705448015625 0.26088911562500006 0.9999999999945169 0.2660828609685962
4 0.5111759602475281 0.1576775376538503 0.3711486071696433 0.13298693738664707 0.3258372859375001 0.3899602109375 0.4658646390153849 0.41465081120470326
4 0.3752194566917003 0.7667597657028837 0.27212239375000014 0.7485809718750001 0.25502890112079973 0.8455229858596164 0.3581259640625 0.8637017796875002
4 0.764547840965403 0.3403883902569792 0.6075941046875001 0.31271321250000017 0.5839888059095972 0.44658551755552106 0.7409425421875001 0.47426069531250015
4 0.6674049095212863 0.1804651038578696 0.5596915609374999 0.16147233437500005 0.4861624107912137 0.5784768680171305 0.593875759375 0.5974696375
1 0.7576266843346414 0.03771322995589468 0.6976149609375001 0.027131543750000087 0.6886612265557435 0.07791069374880874 0.7486729499528849 0.08849237995470334
4 0.8286885796884796 0.10260129375017284 0.6732736062500001 0.0751974406250001 0.6518389093740204 0.19675964687482744 0.8072538828125001 0.22416350000000018
1 0.514900351508062 0.2535304940159121 0.43796224530517713 0.23996422968620887 0.41408562031249996 0.3753752953125 0.49102372651538484 0.3889415596422032
4 0.8157325844283083 0.6619746465726745 0.7387944796875001 0.6484083828125 0.7173597825452968 0.7699705905778849 0.794297887286105 0.7835368543380594
2 1.0105816853895644 0.3885306084217044 0.9730055118055635 0.38190491550255223 0.962423826415999 0.441916638330848 1 0.4485423312500001
1 0.9099641328124999 0.06457443125000012 0.86380126875 0.05643467343750014 0.8594600646388824 0.08105486728913192 0.9056229287013823 0.0891946251016319
1 0.8622625078124999 0.05616334843750007 0.8130221199336536 0.04748093899569924 0.8075956140624998 0.07825618125000008 0.8568360019413461 0.08693859069180092
4 1.0207587613094051 0.11108278261926541 0.8745763594825575 0.0853068825559545 0.8517850372356526 0.21456290149918922 0.9979674390625 0.24033880156250015
1 0.6176894906686392 0.6603729919400113 0.588453009375 0.6552178109375001 0.5800419247799118 0.7029194371856817 0.6092784060735511 0.7080746181881928
4 0.47425790797579104 0.8889387865739318 0.3942422781250001 0.8748298718750002 0.3747068575452969 0.985620745265385 0.4547224873960879 0.9997296599643164
1 0.38039717656250005 0.8993608765625 0.32961802656250005 0.8904071421875001 0.31713706342385073 0.9611902001629 0.36791621342385067 0.9701439345378999
1 0.8037895469290604 0.0458529871934097 0.76685925625 0.039341181250000114 0.7600761249459399 0.07781023468159054 0.7970064156250002 0.08432204062500012
2 0.5084476796874999 0.06517343125000005 0.4592072923449595 0.05649102254450278 0.44374175156250006 0.14420046406250003 0.4929821389050405 0.1528828727679973
1 0.9668983317114195 0.07461346726886078 0.91458041875 0.06538840781250009 0.9110531901635806 0.08539231554363944 0.9633711031250002 0.09461737500000014
1 0.25495098281250017 0.9359456796875001 0.2164819296875001 0.9291625468750002 0.21159807400526423 0.9568602654496015 0.25006712713026424 0.9636433982621014
1 0.6830488296875 0.07374786718750007 0.6399634890625 0.06615075937500005 0.6274825264960346 0.1369338174512913 0.6705678671210347 0.14453092526379133
1 0.780377653242698 0.26860922277000154 0.7419086 0.2618260906250002 0.7313269139448021 0.32183781316749877 0.7697959671875001 0.32862094531250013
2 0.69883453125 0.3351477781250001 0.6526716672593256 0.3270080199051571 0.6431752828125 0.3808646937500001 0.6893381468031745 0.38900445196984307
1 0.8281459281249999 0.1056788171875001 0.7865993514802901 0.0983530348412355 0.7714051358552901 0.1845237145287355 0.8129517125 0.1918494968750001
2 0.7977687672584615 0.3589389703250125 0.730063234375 0.3470006578125001 0.7194815483665385 0.40701237967498766 0.78718708125 0.4189506921875001
4 0.7776305916247512 0.04124045798878319 0.7422390619843664 0.034999976471579965 0.7351846046875001 0.07500779218750012 0.7705761343278849 0.08124827370470333
4 0.543835453125 0.044440981250000074 0.49305630312499993 0.03548724687500005 0.475962810175815 0.13242926080319445 0.526741960175815 0.14138299517819447
1 0.47480334556702386 0.25597993293152355 0.44556686562500003 0.25082475312499997 0.43715578254529686 0.29852637964038486 0.4663922624873207 0.30368155944690844
1 0.78162255 0.10858171875000011 0.7446922593898324 0.10206991241588084 0.7303120203125 0.18362430468750007 0.7672423109226675 0.19013611102161937
1 0.5310681376187059 0.008871072764284938 0.4864440359374999 0.001002640625000073 0.47613367644379395 0.05947560223571521 0.5207577781249999 0.06734403437500007
2 0.9533330359375004 0.8084058328125003 0.8179219701373865 0.7845292088056197 0.7932313701373864 0.9245565619306199 0.9286424359375003 0.9484331859375003
2 0.6443122078125 0.09547642968750006 0.6043043921875 0.08842197187500005 0.5945366813314668 0.14381740911385393 0.6345444969564668 0.15087186692635396
2 0.7246076453125001 0.8188467062500001 0.5076421874462368 0.7805898421780203 0.4878354421875001 0.8929194765625003 0.7048009000537634 0.9311763406344801
1 0.8443963625 0.4544238968750001 0.8074660703125 0.44791209062500015 0.801496914678963 0.4817648579211992 0.8384272068664631 0.4882766641711992
0 0.31013325974416406 0.06511053696886636 0.26550915812681836 0.057242104467411944 0.2538421718201543 0.1234088768735456 0.2984662734375 0.131277309375
0 0.40914917344388463 0.025451968713791562 0.3691413578125 0.01839751093750005 0.35910232186861546 0.07533170941120854 0.3991101375 0.08238616718750005
0 0.338102303268799 0.06845563043447522 0.2980944878143183 0.06140117321741193 0.2872414765625 0.12295165937500005 0.32724929201698066 0.13000611659206335
2 0.9534663362088975 0.4657228562978547 0.8472917499999999 0.4470014125 0.8312835591036023 0.5377883765146453 0.9374581453124999 0.5565098203125001
0 0.8154913124999998 0.8792968625 0.5539017527295959 0.8331715655552795 0.525141273414835 0.9962803501285403 0.7867308331852391 1.0424056470732608
1 0.8284097406249998 0.050194192187500083 0.7914794500000001 0.0436823859375001 0.7849676437500002 0.0806126765625001 0.8218979343749998 0.08712448281250008
1 0.9496048890625 0.6855799453125002 0.9080583108463299 0.6782541630170511 0.89856192647133 0.7321108380170511 0.9401085046875 0.7394366203125001
0 0.42028853593750004 0.07025444843750005 0.37720319699078186 0.0626573399683686 0.366078859375 0.12574658750000006 0.40916419832171813 0.1333436959691315
2 0.643126446875 0.030216581250000075 0.5692658656249999 0.017192967187500054 0.56058345625 0.06643335468750007 0.6344440375 0.0794569687500001
1 0.23889019843750012 0.6491115984375001 0.18041723776282 0.6388012375719743 0.14921482995032 0.8157588813219743 0.2076877906250001 0.8260692421875
0 0.37838144375 0.07397132656250004 0.33991239041475085 0.06718819527542744 0.3315013077653849 0.11488982057970328 0.3699703611006341 0.12167295186677587
0 0.37956720468750005 0.13923117500000007 0.33802062656250004 0.13190539218750005 0.3279815910573262 0.1888395907012308 0.3695281691823262 0.1961653735137308
2 0.14866842343750014 0.7918634734375 0.12404822960832067 0.7875222691990488 0.10966799054582069 0.8690766613865486 0.13428818437500015 0.8734178656249998