4 0.5640625 4.9655600684177836e-17 0.246875 3.023346785395028e-17 0.246875 0.13750000000000007 0.5640625 0.1375000000000001
4 1 0.0062500000000000975 0.5890625 0.006250000000000072 0.5890625 0.16875000000000012 1 0.16875000000000012
4 0.09375000000000001 7.749718025854345e-18 0.0328125 4.018372309702252e-18 0.03281250000000001 0.1078125 0.09375000000000003 0.1078125
4 0.18125000000000008 0.33125 4.0566425221756075e-17 0.33125 5.759666977239896e-17 0.609375 0.18125000000000008 0.609375
4 0.0812500000000001 0.6484375 7.941069088221118e-17 0.6484375 9.864147265007197e-17 0.9625 0.08125000000000011 0.9625
4 0.8078125 0.22031250000000008 0.6390625 0.22031250000000008 0.6390625 0.4218750000000001 0.8078125 0.42187500000000017
2 0.6640625000000001 0.4359375 0.18593750000000003 0.4359375 0.1859375000000001 0.9453125 0.6640625000000002 0.9453125
2 0.965625 0.8734375 0.7718750000000002 0.8734375 0.7718750000000002 1 0.965625 1
2 0.5359375 0.26093750000000004 0.271875 0.2609375 0.27187500000000003 0.5234375 0.5359375 0.5234375
4 0.2875 0.06875000000000003 0.140625 0.06875000000000002 0.14062500000000003 0.2390625 0.2875 0.2390625
4 0.8015625 0.5484375000000001 0.7046875 0.5484375 0.7046875000000001 0.753125 0.8015625 0.7531250000000002
1 0.4 0.023437500000000045 0.3046875 0.023437500000000038 0.30468750000000006 0.38125000000000003 0.4 0.3812500000000001
4 0.3484375 3.626102631850366e-17 0.24375 2.985076572921674e-17 0.24375 0.11718750000000004 0.3484375 0.11718750000000004
4 0.91875 0.10781250000000012 0.7890625 0.10781250000000009 0.7890625 0.4203125000000002 0.91875 0.4203125000000002
1 0.3437500000000001 0.4140625 0.09375000000000004 0.4140625 0.09375000000000007 0.65625 0.3437500000000001 0.65625
2 0.5265625 0.10937500000000004 0.3921875 0.10937500000000004 0.3921875 0.2671875000000001 0.5265625 0.2671875000000001
4 1 0.12343750000000012 0.890625 0.12343750000000009 0.890625 0.4312500000000002 1 0.4312500000000002
4 1 0.4437500000000002 0.875 0.4437500000000002 0.875 0.6906250000000002 1 0.6906250000000002
4 0.8921875 0.4312500000000002 0.76875 0.4312500000000002 0.76875 0.6875000000000002 0.8921875 0.6875000000000002
4 0.2140625000000001 0.725 0.0828125000000001 0.725 0.0828125000000001 0.8765625 0.2140625000000001 0.8765625
4 0.98125 0.6968750000000001 0.7390625 0.6968750000000001 0.7390625000000001 0.8453125 0.98125 0.8453125
2 0.2453125 1.9996186017327877e-17 0.08125 9.950255243072244e-18 0.08125 0.06250000000000001 0.2453125 0.06250000000000003
1 0.6078125 0.004687500000000072 0.5609375 0.004687500000000068 0.5609375 0.045312500000000075 0.6078125 0.045312500000000075
4 0.28593750000000007 0.8984375 0.1687500000000001 0.8984375 0.16875000000000012 0.98125 0.28593750000000007 0.98125
4 0.4015625 4.6115606030392513e-17 0.3515625 4.305398903252414e-17 0.3515625 0.04062500000000004 0.4015625 0.04062500000000004
2 0.603125 0.565625 0.5671875 0.565625 0.5671875 0.6546875 0.603125 0.6546875
1 0.7546875 0.14062500000000008 0.6015625 0.14062500000000008 0.6015625 0.1750000000000001 0.7546875 0.1750000000000001
2 0.2843750000000001 0.7921875 0.22031250000000008 0.7921875 0.22031250000000008 0.871875 0.2843750000000001 0.871875
4 0.9703125 0.12500000000000014 0.909375 0.12500000000000014 0.909375 0.2468750000000001 0.9703125 0.2468750000000001
4 0.575 0.12968750000000007 0.5015625 0.12968750000000004 0.5015625 0.3609375000000001 0.575 0.3609375000000001
4 0.115625 0.03750000000000001 0.09375 0.03750000000000001 0.09375 0.06718750000000002 0.115625 0.06718750000000002
2 0.6734375 0.5359375 0.65 0.5359375 0.65 0.5828125 0.6734375 0.5828125
2 0.9484375 0.5062500000000002 0.890625 0.5062500000000002 0.890625 0.5750000000000002 0.9484375 0.5750000000000002
4 0.9078125 0.17031250000000012 0.8515625 0.1703125000000001 0.8515625 0.2375000000000001 0.9078125 0.2375000000000001
2 0.8359375 0.5187500000000002 0.7859375 0.5187500000000002 0.7859375 0.5734375000000002 0.8359375 0.5734375000000002
2 0.59375 0.3765625000000001 0.58125 0.3765625000000001 0.58125 0.3921875000000001 0.59375 0.3921875000000001