4 1 1.0505173323935891e-16 0.715625 8.763878656398247e-17 0.715625 0.5710937500000001 1 0.5710937500000002
0 0.775 8.323771212954667e-17 0.584375 7.156529732517345e-17 0.584375 0.3937500000000001 0.775 0.3937500000000001
4 1 0.7390625000000002 0.7515625000000001 0.7390625000000002 0.7515625000000001 1 1 1
4 0.29765625000000007 0.4078125 0.20468750000000008 0.4078125 0.20468750000000008 0.5640625 0.29765625000000007 0.5640625
4 0.3265625000000001 0.5984375 0.2140625000000001 0.5984375 0.2140625000000001 0.75 0.3265625000000001 0.75
4 0.8796875 0.49218750000000017 0.7375 0.49218750000000017 0.7375 0.6789062500000002 0.8796875 0.6789062500000002
4 0.59921875 0.4625 0.3515625000000001 0.4625 0.3515625000000001 0.61796875 0.59921875 0.61796875
2 0.03906250000000005 0.3125 3.827021247335479e-17 0.3125 5.319559533796316e-17 0.55625 0.03906250000000007 0.55625
4 1 1.0916578108024453e-16 0.7828125 9.586688224575374e-17 0.7828125 0.4312500000000002 1 0.4312500000000002
4 1 0.3343750000000001 0.8375 0.3343750000000001 0.8375 0.5750000000000002 1 0.5750000000000002
4 0.4734375 0.02031250000000005 0.38125 0.020312500000000046 0.38125 0.3437500000000001 0.4734375 0.3437500000000001
4 0.7156250000000002 0.8953125 0.6703125000000002 0.8953125 0.6703125000000002 1 0.7156250000000002 1
4 0.4335937500000001 0.63125 0.20312500000000008 0.63125 0.20312500000000008 0.77734375 0.43359375000000017 0.77734375
4 0.16640625000000003 0.2921875 0.05312500000000005 0.2921875 0.05312500000000005 0.3875 0.16640625000000003 0.3875
4 0.7507812500000001 0.675 0.696875 0.675 0.6968750000000001 0.7421875000000001 0.7507812500000002 0.7421875000000002
4 0.3960937500000001 0.4890625 0.3500000000000001 0.4890625 0.3500000000000001 0.5453125 0.3960937500000001 0.5453125
4 0.1828125000000001 0.61875 0.046875000000000076 0.61875 0.04687500000000008 0.7578125 0.1828125000000001 0.7578125
4 0.8546875 0.8328125 0.7625000000000002 0.8328125 0.7625000000000002 0.99375 0.8546875 0.99375
4 0.4703125 0.05000000000000006 0.4203125 0.050000000000000044 0.4203125 0.11484375000000005 0.4703125 0.11484375000000005
1 0.03281250000000003 0.19375 0.0015625000000000235 0.19375 0.0015625000000000268 0.24453125 0.032812500000000036 0.24453125
4 0.64453125 0.15312500000000007 0.5359375 0.15312500000000004 0.5359375 0.40078125 0.64453125 0.40078125
4 0.7218750000000002 0.76875 0.6281250000000002 0.76875 0.6281250000000002 0.8546875 0.7218750000000002 0.8546875
4 0.403125 0.32812500000000006 0.2578125 0.328125 0.25781250000000006 0.44453125 0.403125 0.44453125
4 0.453125 0.16718750000000004 0.4015625 0.16718750000000004 0.4015625 0.5875 0.453125 0.5875
1 0.31640625 0.0031250000000000353 0.265625 0.003125000000000032 0.265625 0.07500000000000004 0.31640625 0.07500000000000004
4 0.34453125 0.08906250000000003 0.2 0.08906250000000002 0.2 0.19296875000000005 0.34453125 0.19296875000000005
1 0.5734375 0.2500000000000001 0.5125 0.2500000000000001 0.5125 0.37968750000000007 0.5734375 0.37968750000000007
4 0.25859375000000007 0.6484375 0.19531250000000008 0.6484375 0.19531250000000008 0.7640625 0.25859375000000007 0.7640625
2 0.03281250000000005 0.36875 0.0015625000000000452 0.36875 0.0015625000000000487 0.42578125 0.03281250000000006 0.42578125
1 0.1453125 0.0015625000000000157 0.1078125 0.001562500000000013 0.1078125 0.07109375000000002 0.1453125 0.07109375000000002
1 0.19765625 0.0031250000000000214 0.15625 0.0031250000000000193 0.15625 0.07031250000000003 0.19765625 0.07031250000000003
4 0.14375000000000002 0.09062500000000001 0.009375000000000012 0.090625 0.009375000000000019 0.20390625 0.14375000000000004 0.20390625
1 0.40703125 0.65625 0.3828125000000001 0.65625 0.3828125000000001 0.7015625 0.40703125 0.7015625
4 0.5937500000000002 0.8875 0.5281250000000002 0.8875 0.5281250000000002 1 0.5937500000000002 1
1 0.6570312500000002 0.9015625 0.6140625000000002 0.9015625 0.6140625000000002 0.96875 0.6570312500000002 0.96875
1 0.2453125 0.0046875000000000284 0.2171875 0.004687500000000027 0.2171875 0.07187500000000002 0.2453125 0.07187500000000002
2 0.55703125 0.06250000000000007 0.51875 0.06250000000000007 0.51875 0.14765625000000007 0.55703125 0.1476562500000001
1 0.09375 0.0031250000000000084 0.05 0.0031250000000000054 0.05 0.07421875000000001 0.09375 0.07421875000000003
1 0.04843750000000001 0.0015625000000000038 0.009375 0.0015625000000000014 0.009375000000000005 0.07265625 0.04843750000000001 0.07265625
1 0.7687500000000002 0.94375 0.7375000000000002 0.94375 0.7375000000000002 0.99921875 0.7687500000000002 0.99921875
1 0.3765625 0.06562500000000004 0.3421875 0.06562500000000004 0.3421875 0.13359375000000004 0.3765625 0.13359375000000004
1 0.26796875 0.2578125 0.2359375 0.2578125 0.2359375 0.3140625 0.26796875 0.3140625
2 0.35468750000000004 0.328125 0.3140625 0.328125 0.3140625 0.378125 0.3546875000000001 0.378125
1 0.22890625 0.09218750000000002 0.1984375 0.09218750000000002 0.1984375 0.17578125000000006 0.22890625 0.17578125000000006
2 0.27656250000000004 0.346875 0.2140625 0.346875 0.21406250000000004 0.39921875 0.2765625000000001 0.39921875
4 0.26953125 0.0031250000000000314 0.2421875 0.0031250000000000292 0.2421875 0.07031250000000003 0.26953125 0.07031250000000003
4 0.525 0.040625000000000064 0.4859375 0.04062500000000006 0.4859375 0.13515625000000003 0.525 0.13515625000000003
1 0.56328125 0.2562500000000001 0.5390625 0.2562500000000001 0.5390625 0.30156250000000007 0.56328125 0.30156250000000007
1 0.2703125 0.09687500000000002 0.24375 0.09687500000000002 0.24375 0.17734375000000005 0.2703125 0.17734375000000005
1 0.53125 0.006250000000000063 0.49375 0.006250000000000061 0.49375 0.061718750000000065 0.53125 0.061718750000000065
2 0.17421875000000012 0.79375 0.0343750000000001 0.79375 0.03437500000000011 0.9171875 0.17421875000000014 0.9171875
2 0.41171875 0.09062500000000004 0.378125 0.09062500000000004 0.378125 0.14218750000000005 0.41171875 0.14218750000000005
2 0.4867187500000002 0.809375 0.2765625000000001 0.809375 0.2765625000000001 0.8953125 0.4867187500000002 0.8953125
1 0.19531250000000006 0.4421875 0.16093750000000004 0.4421875 0.16093750000000004 0.471875 0.19531250000000006 0.471875
0 0.7515625 0.07031250000000008 0.7140625 0.07031250000000008 0.7140625 0.13281250000000008 0.7515625 0.13281250000000008
0 0.6484375 0.028125000000000077 0.615625 0.028125000000000077 0.615625 0.08203125000000008 0.6484375 0.08203125000000008
0 0.71796875 0.07187500000000009 0.6859375 0.07187500000000009 0.6859375 0.13046875000000008 0.71796875 0.13046875000000008
2 0.15703125000000004 0.4484375 0.059375000000000046 0.4484375 0.05937500000000005 0.52734375 0.15703125000000004 0.52734375
0 0.4382812500000002 0.8640625 0.18906250000000008 0.8640625 0.1890625000000001 0.996875 0.4382812500000002 0.996875
1 0.21953125 0.0015625000000000252 0.1921875 0.0015625000000000235 0.1921875 0.07421875000000003 0.21953125 0.07421875000000003
1 0.08750000000000009 0.66875 0.05156250000000009 0.66875 0.05156250000000009 0.71953125 0.08750000000000009 0.71953125
0 0.640625 0.07187500000000008 0.6046875 0.07187500000000006 0.6046875 0.1320312500000001 0.640625 0.1320312500000001
2 0.45 0.02500000000000005 0.3796875 0.025000000000000043 0.3796875 0.06562500000000004 0.45 0.06562500000000004
1 0.81484375 0.6546875000000002 0.7796875 0.6546875000000002 0.7796875000000001 0.83125 0.81484375 0.83125
0 0.6765625 0.07656250000000009 0.64375 0.07656250000000009 0.64375 0.12109375000000008 0.6765625 0.12109375000000008
0 0.675 0.14218750000000008 0.640625 0.14218750000000008 0.640625 0.1960937500000001 0.675 0.1960937500000001
2 0.86484375 0.8015625 0.8515625 0.8015625 0.8515625 0.8828125 0.86484375 0.8828125