2 0.3781250000000001 0.4921875 0.20468750000000008 0.4921875 0.20468750000000008 0.790625 0.3781250000000001 0.790625
2 0.48750000000000016 0.8359375 0.2718750000000001 0.8359375 0.2718750000000001 1 0.48750000000000016 1
2 0.5125000000000001 0.5953125 0.3125000000000001 0.5953125 0.3125000000000001 0.9015625 0.5125000000000002 0.9015625
4 1 0.11406250000000014 0.9234375 0.11406250000000014 0.9234375 0.3703125000000001 1 0.3703125000000001
1 0.89375 0.12500000000000008 0.6265625 0.12500000000000008 0.6265625 0.5359375000000001 0.89375 0.5359375000000002
1 0.5953125 4.812479218524365e-17 0.190625 2.3344829608746423e-17 0.190625 0.14062500000000006 0.5953125 0.14062500000000008
2 0.1140625 8.132420150587892e-18 0.01875 2.296212748401287e-18 0.01875000000000001 0.128125 0.1140625 0.128125
2 0.3453125 0.2015625 0.278125 0.2015625 0.278125 0.3515625 0.3453125 0.3515625
4 0.8265625 0.4671875000000002 0.7453125 0.4671875000000002 0.7453125 0.7078125000000002 0.8265625 0.7078125000000002
4 0.990625 0.6921875000000002 0.9140625 0.6921875000000002 0.9140625 0.8890625 0.990625 0.8890625
4 0.9734375 0.45625000000000016 0.84375 0.45625000000000016 0.84375 0.5671875000000002 0.9734375 0.5671875000000002