2 0.8297744640625002 0.05090012500000011 0.7632408279606053 0.041549432419728846 0.7369284138981054 0.2287719902322288 0.8034620500000003 0.2381226828125001
0 0.3355687734375 0.09820535781250006 0.21333255781250005 0.08102617812500004 0.17114571163866987 0.381201187598543 0.29338192726366985 0.39838036728604304
4 0.8715847375000001 0.46070720468750015 0.8143348642778416 0.45266125940526436 0.7982429736528417 0.5671610062802642 0.855492846875 0.5752069515625
4 1.0042840219198452 0.41466479476245743 0.8975207453109346 0.3996601950926851 0.8640322187035897 0.6379434487677279 0.9707954953125002 0.6529480484375002
4 0.9472934499999999 0.32618465781250017 0.9039692219169042 0.3200958340768353 0.8944010703125 0.3881767640625001 0.9377252983955957 0.39426558779816484
4 0.5953634438217806 0.6522537494892549 0.5675121546875 0.64833950625 0.5557694249282195 0.7318933739482453 0.5836207140625 0.7358076171875001
4 0.6141651812716619 0.5633805373458675 0.5677463656249999 0.5568567984375001 0.558830589040838 0.6202958470291328 0.6052494046874999 0.6268195859375
2 0.6832999781451763 0.453179774856439 0.621408225 0.44448145625000013 0.6083607468548239 0.5373190876435612 0.6702525000000001 0.5460174062500001
2 0.7813315140625001 0.4180436859375001 0.7240816406305725 0.40999774058535027 0.7138611156250001 0.48272055156250004 0.7711109890569277 0.49076649691464996
2 0.8733411546875001 0.35839344062500017 0.8485844530591503 0.3549141129685448 0.8424956296216501 0.3982383410935448 0.8672523312499999 0.4017176687500001
2 0.7312995953302928 0.28005014518589866 0.675597015625 0.2722216578125001 0.6634193687322072 0.3588701141891016 0.7191219484375 0.3666986015625001
4 0.5202068375000001 0.446037084375 0.4954501357983666 0.44255775723998525 0.4880565654858667 0.4951657494274852 0.5128132671875001 0.4986450765625
4 0.4798350032479373 0.4750760163127559 0.4426999515625001 0.46985702500000015 0.43421909040965845 0.5302014859072358 0.4713541420950957 0.5354204772199915
0 0.4711450203124999 0.6379517 0.424726203125 0.6314279609375 0.4103739777352827 0.7335493548523238 0.45679279492278263 0.7400730939148238
0 0.497047521875 0.756775515625 0.44443953109900464 0.7493819448243875 0.4335666326615047 0.8267466385743877 0.48617462343750006 0.8341402093750002
0 0.2705822634476395 0.672878665758182 0.19631215722790382 0.6624406827303403 0.17630602343750007 0.8047917171875 0.2505761296572358 0.8152297002153416
0 0.3676101062500002 0.7796085187500001 0.27167788576107366 0.766126124692839 0.25406379044857375 0.891456927817839 0.3499960109375001 0.9049393218750001
0 0.0749541094083839 0.7400562560124622 0.03162988125000012 0.7339674328124999 0.020756982597158392 0.8113321265322359 0.06408121075554216 0.817420949732198
0 0.21840862187500001 2.2204460492503132e-17 0.09617240779224592 -0.0171791795433845 0.07729613904224589 0.1171324517066155 0.199532353125 0.13431163125000004
0 0.5205414860059883 0.10684516670018107 0.4509132625 0.09705955781250006 0.43612612009715834 0.20227554059473576 0.5057543436031466 0.21206114948241678
0 0.6189995172147895 0.25953383105582484 0.5540131749999999 0.25040059687500005 0.5422704452852103 0.33395446581917526 0.6072567875 0.34308770000000005
0 0.22652206093750005 0.53730225 0.12749525453408367 0.5233849401541147 0.11009861703408363 0.6471684495291147 0.2091254234375 0.6610857593749999
4 0.8459581187500003 0.7553203234375001 0.7871609514548293 0.747056921078618 0.7706341467673293 0.8646512554536182 0.8294313140625004 0.8729146578125002
4 0.5888563734375002 0.9006404218750002 0.5377956763498501 0.8934643093255831 0.5238783669748501 0.9924911171380831 0.5749390640625002 0.9996672296875001
2 0.8616319312500001 0.26207648125000016 0.7966455888014086 0.2529432468383061 0.7879472703125 0.31483500156250016 0.8529336127610915 0.3239682359741941
2 0.8945182609374998 0.05053213906250011 0.8620250891069412 0.04596552155878213 0.8341904687499999 0.24401913593750005 0.8666836405805585 0.24858575344121805
2 0.7428834625000001 0.029221257812500123 0.7088429967172808 0.02443718237223127 0.6764417592172808 0.2549839683097313 0.710482225 0.2597680437500002
2 0.7970805047615152 0.2498486588483564 0.7413779265625 0.24202017187500013 0.728765363988485 0.33176321615164384 0.7844679421875002 0.3395917031250001
2 0.7851453203190553 0.6379016077658574 0.7418210921875 0.631812784375 0.7252942859309448 0.7494071172341428 0.7686185140625 0.7554959406250001
0 0.15927745751457514 0.7014157517402244 0.09583840910733936 0.6924999749623827 0.07670210781250006 0.828661834375 0.14014115621973583 0.8375776111528417
0 0.12422505000000009 0.4456104187500001 0.034482006100650574 0.432997857312677 0.01317112641315058 0.584632655750177 0.1029141703125001 0.5972452171875001
0 0.7314000313648947 0.03234093355748291 0.7081906234375 0.029079064062500083 0.6638291983226055 0.3447270117550173 0.68703860625 0.34798888125000016
2 0.5136078344438557 0.45931035576006723 0.4919457203125 0.45626594375000007 0.48629181228465823 0.4964955843447358 0.507953926416014 0.4995399963548029
0 0.620446290625 0.799363771875 0.5461761859375001 0.7889257890625 0.5170368171167549 0.9962631656150573 0.5913069218042548 1.0067011484275574
0 0.15275371738832227 0.7478345657585759 0.08467278750000004 0.7382664156250001 0.06814598259715839 0.8558607499697359 0.1362269124854806 0.8654289001033117
4 0.3031841204134477 0.82262327115672 0.2660490671875001 0.8174042796875 0.25974278583655236 0.8622758022807802 0.29687783906250004 0.8674947937500003
4 0.0672510625000001 0.851001409375 0.04249436109938356 0.8475220816606391 0.03662299531250009 0.8892990171874999 0.061379696713116626 0.8927783449018607
4 0.03555254375000007 0.5151968015625 0.013890428907775221 0.5121523905154169 0.009106354657235782 0.5461928549028416 0.030768469499460625 0.5492372659499247
2 0.49770006406249995 0.16832709218750005 0.4683014812468821 0.1641953906471851 0.46221265780938214 0.2075196187721851 0.491611240625 0.21165132031250003
4 0.32364183906250005 0.8791455062499999 0.2896013735627655 0.874361430358691 0.2839474657502655 0.914591070983691 0.3179879312500001 0.919375146875
4 0.11822816099309312 0.7240480496044348 0.09656604687500008 0.7210036374999998 0.09112959665965834 0.7596859843447357 0.11279171077775138 0.7627303964491706
2 0.15525444218750006 0.8759923234375002 0.11193021406250006 0.8699035000000002 0.10584139062500006 0.9132277281250001 0.14916561875000006 0.9193165515625001
4 0.07202688750000005 0.4240737453125 0.047270185819103694 0.420594418029934 0.0427035686316037 0.4530875899049341 0.06746027031250006 0.45656691718750003
2 0.6063618672928736 0.33822836018772917 0.5846997531250001 0.33518394843750016 0.5805680513471584 0.3645825327822358 0.6022301655150318 0.3676269445324648
4 0.259492075 0.16798411093750004 0.21771514065729297 0.1621127450827236 0.2101041109375 0.2162680296875 0.25188104528020705 0.2221393955422764
4 0.15282081563211342 0.09618964213688591 0.11259117500000002 0.09053573437500002 0.10476268731492262 0.146238313816894 0.144992327947036 0.15189222157877988
4 0.2769639765988503 0.07734614661635422 0.23982892343749995 0.07212715468750001 0.23221789356492256 0.126282440379394 0.2693529467262729 0.1315014323082482
4 0.28553677033398944 0.2521150889095952 0.26078006875000004 0.24863576093750006 0.2551261607221583 0.2888654015322357 0.27988286230614773 0.2923447295043309
4 0.16079132812500005 0.5896007656250002 0.12365627509824244 0.5843817743009693 0.11713253593750003 0.630800590625 0.15426758896425766 0.6360195819490311
4 0.1740144234375 0.5741027390625001 0.1523523093161206 0.5710583269814492 0.1471333171286206 0.6081933801064492 0.16879543125000004 0.6112377921875
4 0.13869438281250002 0.2977476703125 0.11857956258676025 0.2949207165701687 0.1124907390625 0.3382449453125 0.13260555928823975 0.34107189905483126
2 0.5394266558683424 0.7359079706980518 0.5053861890625001 0.7311238937500001 0.4995148222263935 0.7729008279547902 0.5335552890322358 0.7776849049028419
2 0.2584382078125001 0.28775302343750003 0.21201939226936872 0.28122928379247425 0.20419090468750004 0.33693186250000007 0.2506097202306314 0.3434556021450259
2 0.5198723578125001 0.20142246093750008 0.49511565613160363 0.19794313365493418 0.49054903894410373 0.2304363055299342 0.5153057406250001 0.2339156328125001
4 0.1407684412288595 0.821887214147367 0.10672797563412381 0.8171031389320251 0.10129152656250007 0.8557854859375 0.13533199215723574 0.8605695611528418
2 0.5326854562500003 0.7838740796875003 0.498644992247114 0.7790900042633255 0.49255616875 0.8224142328125001 0.5265966327528864 0.8271983082366748
4 0.3609441735459746 0.8607201726656635 0.3207145328125002 0.8550662656250001 0.31158129832902565 0.9200526085843366 0.35181093906250005 0.9257065156250001
4 0.09209161562500004 0.11290039843750002 0.054956562643561135 0.10768140679100954 0.047128075143561134 0.16338398647850955 0.08426312812500003 0.16860297812500002
4 0.06277654687500009 0.5348014421875 0.034925257823940604 0.5308871983560962 0.02731422812500005 0.5850424828124999 0.05516551717605954 0.5889567266439036
2 0.5106804438930069 0.7271343864824538 0.48282915337060606 0.7232201435649227 0.47674033125000015 0.766544371875 0.504591621772401 0.7704586147925311
4 0.4054813843750001 0.03860528906250006 0.37453550625 0.03425612968750006 0.3688815991795993 0.0744857704167953 0.39982747730459933 0.07883492979179531
4 0.12951105624999998 0.048733712500000005 0.07380847656250002 0.04090522500000001 0.0646752412434161 0.10589156727441273 0.12037782093091606 0.11372005477441274
4 0.22495792968750009 0.9189234765625001 0.1769918199093366 0.9121822796308392 0.17090299687500007 0.9555065078125 0.21886910665316356 0.962247704744161
4 0.6863610594382241 0.6334855183001376 0.6616043578125 0.6300061906250001 0.6533409544721585 0.6888033577822359 0.6780976560978825 0.6922826854573734
2 0.3128275359375 0.7876878859375 0.28188165759715844 0.7833387265322359 0.2753579187197358 0.8297575424028418 0.30630379706007743 0.8341067018081061
2 0.6404275046875 0.06215767968750008 0.6218599782592844 0.05954818341951755 0.6170759016967844 0.09358864904451757 0.6356434281250001 0.0961981453125001
2 0.3643650753692007 0.42097924245898294 0.3241354343750001 0.41532533437500013 0.31456728241303517 0.48340626400635883 0.3547969234072358 0.4890601720903417
4 1.0360980213482294 0.07200773170810999 0.9376250290489914 0.05816825594066859 0.9015270077007618 0.31501903829505873 0.9999999999999998 0.3288585140625001
2 0.475745228125 0.13368442968750008 0.45408311420530073 0.1306400177339208 0.4486466640625001 0.16932236562500005 0.4703087779821994 0.17236677757857932
2 0.4209290656250001 0.6135378953125 0.39617236418968754 0.6100585678450148 0.3896486250000001 0.6564773843750001 0.41440532643531264 0.6599567118424854
4 0.8080704251183409 0.41864588353296106 0.7755772531249999 0.41407926562500014 0.7677487654399224 0.469781845066894 0.8002419374332636 0.474348462974855
2 0.49532477969506605 0.0954119108836646 0.44890596406249983 0.08888817187500002 0.44020764530493384 0.1507799266163355 0.48662646093750006 0.15730366562500006
4 0.8677540922511409 0.6226879682971715 0.7780110484374999 0.61007540625 0.758004915561359 0.7524264410778285 0.8477479593749997 0.765039003125
4 0.4030223329296144 0.41536717572918824 0.379812925 0.41210530624999997 0.37307172790965826 0.4600714171572358 0.3962811358392727 0.4633332866364241
2 0.41719060781249995 0.13492224843750006 0.3970757873183088 0.13209529504280051 0.39229171231830884 0.16613576066780053 0.4124065328125 0.16896271406250007
0 0.19420467500000005 0.026268695312500034 0.06732657974066428 0.008437141809216486 0.04601569843749997 0.16007194062500002 0.17289379369683572 0.17790349412828357
2 0.3881264187500001 0.667308440625 0.36336971701486853 0.6638291137283372 0.3577158107648686 0.7040587543533372 0.3824725125000001 0.7075380812500001
2 0.527006630437882 0.22924866260545937 0.4960607523431462 0.22489950301511769 0.4888846390625 0.2759602015625001 0.5198305171572357 0.2803093611528418
2 0.7888004328659581 0.10667796836962515 0.7640437312499999 0.10319864062500009 0.7523009999465418 0.186752509755375 0.7770577015625 0.19023183750000008
4 0.2904126953125001 0.745091296875 0.27339246259021077 0.7426992587331174 0.2699131343750001 0.7674559609375 0.2869333670972894 0.7698479990793826
0 0.7842505687500001 0.049235726562500116 0.7687776297020237 0.04706114677165875 0.749641328125 0.18322300625000013 0.7651142671729764 0.1853975860408415
0 0.6091971546875 0.4190974687500001 0.5287378750177927 0.40778965456089855 0.5089492 0.5485933953125001 0.5894084796697073 0.5599012095016016
2 0.48444329391895913 0.9475024878602945 0.4473082412083924 0.9422834967373952 0.4399146703125001 0.9948914890625001 0.4770497230230668 1.0001104801853993
2 0.1405008078225882 0.8013374780532194 0.11574410625000009 0.7978581499999999 0.11052511405241194 0.8349932031967807 0.13528181562500005 0.8384725312500001
0 0.7212715249999999 0.048273876562500095 0.6996094110168402 0.04522946506046407 0.6928682140624999 0.09319557500000009 0.7145303280456596 0.0962399865020361
0 0.663762353125 0.12066212500000009 0.6482894140961399 0.11848754507313983 0.6265436156552643 0.27321692947215837 0.6420165546841246 0.27539150939901863
2 0.08349348133676038 0.8027927540701688 0.060284073437500106 0.799530884375 0.05419524991323985 0.8428551131173311 0.07740465781250012 0.8461169828124999
0 0.9314358547046527 0.05729842487795367 0.9159629171875002 0.05512384531250012 0.8665999577953475 0.40635955012204655 0.8820728953125 0.4085341296875001
0 0.3602918828125001 0.5734587843750001 0.3123257734757461 0.5667175872278655 0.30167033281250005 0.6425349859375001 0.34963644214925405 0.6492761830846348
4 0.5536869468750001 0.3986731734375001 0.48715331093750003 0.38932247968750006 0.4758454951611061 0.46978176091622303 0.5423791310986061 0.4791324546662231
0 0.8628781673152766 0.12971176002832321 0.8551416969052644 0.1286244700971584 0.8360053967774878 0.2647863303813353 0.8437418671874999 0.26587362031250017
0 0.783004331345216 0.18160044776000328 0.7737205687500001 0.18029570000000006 0.7693714092797841 0.21124157723999692 0.7786551718750001 0.2125463250000001
2 0.6821040859375002 0.023834985937500074 0.6527055031250001 0.019703284375000074 0.6444421 0.07850045000000008 0.6738406828125001 0.08263215156250008
4 0.9822789265792927 0.6498283733180121 0.8801575312499998 0.6354761468750001 0.8444944234207069 0.8892323391819879 0.9466158187499998 0.903584565625
0 0.6175524078125001 0.8873169750000001 0.5927957063688096 0.8838376473394772 0.5767038156250001 0.99833739375 0.6014605170686906 1.0018167214105227
0 0.801337478125 0.8594991921874999 0.7765807764582048 0.8560198648045991 0.7722316170832046 0.8869657429295994 0.7969883187499999 0.8904450703125001
0 0.7325959234375 0.4616857234375001 0.7264067485057607 0.46081589170179915 0.7142291031249999 0.5474643484375001 0.7204182780567392 0.548334180173201
0 0.6680611672153622 0.6514257591767505 0.638662584375 0.6472940578124999 0.6147422077846378 0.8174963814482495 0.6441407906250001 0.8216280828125001
0 0.8574333000000001 0.3593134484375002 0.848149535853374 0.3580087005985884 0.8433654608533742 0.39204916622358843 0.8526492250000002 0.39335391406250025
0 0.8524568547159734 0.40594972167240106 0.8354366218749998 0.4035576843750001 0.8326096687215264 0.42367250489009917 0.8496299015625001 0.4260645421875001
0 0.752225652752901 0.44551023610480006 0.7352054199706652 0.4431181983894583 0.7312911765625001 0.4709694875000001 0.7483114093447358 0.47336152521534186
0 0.723588045495989 0.8738179111944092 0.7065678125000001 0.8714258734375002 0.6884978974155236 0.9999999998563707 0.7055181304115125 1.0023920376132796
0 0.8142679343750002 0.5204996437500002 0.7786801766091769 0.515498110605378 0.7504106406250002 0.7166463125000002 0.7859983983908234 0.7216478456446225
4 1.0178315515603404 0.299807462408712 0.9600314498002236 0.2916841888148284 0.9421998982398833 0.41856228578111654 1.0000000000000002 0.4266855593750002
4 0.23917638125000001 0.6605755781250001 0.1370549861008195 0.646223351962922 0.1285741251633195 0.706567812900422 0.23069552031250007 0.7209200390625001
0 0.7720645033403415 0.32680352346776437 0.7627807393081059 0.32549877637742286 0.7612585343749999 0.33632983437500014 0.7705422984072355 0.33763458146534164
4 0.6881592344530664 0.7441881260070302 0.64792959375 0.7385342187500001 0.6348821155469337 0.83137185055547 0.6751117562500001 0.8370257578125002
4 0.6959709671942742 0.7784209608892997 0.6650250906250001 0.7740718015625 0.6332729530129534 0.9999999999842529 0.6642188295822274 1.0043491593110525
0 0.8227321265624999 0.2581873265625001 0.8165429516626048 0.2573174946002177 0.8130636234375002 0.2820741968750001 0.8192527983373953 0.28294402883728254
0 0.7580134187500001 0.26960382812500006 0.7409931859542396 0.26721179050589183 0.7318599515625 0.3321981328125001 0.7488801843582605 0.3345901704316083
0 0.3379272188045792 0.5529592230491495 0.29150840312500004 0.546435484375 0.27976567338292097 0.6299893535133505 0.32618448906250014 0.6365130921875
0 0.7805702843750002 0.8613141203125 0.774381109475105 0.8604442883502177 0.7709017812500002 0.8852009906250002 0.7770909561498954 0.8860708225872825
0 0.6459976438520197 0.4716051070865916 0.6367138812500001 0.4703003593750001 0.6299726842729803 0.5182664694759086 0.6392564468749999 0.5195712171875001
0 0.7370705234375001 0.4859824218750002 0.730881346948812 0.4851125900998011 0.7271845625000001 0.5114165859375002 0.7333737389886882 0.5122864177126992
0 0.7805119421875001 0.15442662031250012 0.7634917094101531 0.1520345825623728 0.75914255 0.1829804593750001 0.776162782777347 0.18537249712512743