2 0.3242187500000001 0.6203125 0.12031250000000009 0.6203125 0.12031250000000009 0.88046875 0.3242187500000001 0.88046875
0 1 0.3203125000000001 0.709375 0.3203125000000001 0.7093750000000001 1 1 1
4 0.15937500000000007 0.1828125 2.2388074296912548e-17 0.1828125 4.4584797531458325e-17 0.5453125 0.1593750000000001 0.5453125
4 0.509375 0.24531250000000004 0.259375 0.2453125 0.259375 0.6859375 0.509375 0.6859375
4 0.5062500000000002 0.8625 0.4234375000000002 0.8625 0.4234375000000002 1 0.5062500000000002 1
0 0.64375 0.24375000000000008 0.5390625 0.24375000000000008 0.5390625 0.48359375 0.64375 0.48359375
4 0.28203125000000007 0.2609375 0.007812500000000033 0.2609375 0.007812500000000052 0.5875 0.28203125000000007 0.5875
4 0.825 0.0546875000000001 0.75625 0.05468750000000009 0.75625 0.1398437500000001 0.825 0.1398437500000001
2 0.06640625000000011 0.821875 1.0065065880492308e-16 0.821875 1.079698369404522e-16 0.94140625 0.06640625000000011 0.94140625
4 0.49140625 0.10000000000000005 0.4171875 0.10000000000000005 0.4171875 0.17421875000000003 0.49140625 0.17421875000000003
4 0.578125 0.034375000000000065 0.5203125 0.034375000000000065 0.5203125 0.12265625000000006 0.578125 0.12265625000000009
0 0.81953125 0.4640625000000001 0.678125 0.4640625 0.6781250000000001 0.81328125 0.81953125 0.81328125
4 0.38593750000000004 0.32656250000000003 0.3078125 0.3265625 0.30781250000000004 0.43671875 0.3859375000000001 0.43671875
0 0.69296875 0.001562500000000077 0.56875 0.0015625000000000695 0.56875 0.16015625000000008 0.69296875 0.16015625000000008
4 0.2500000000000001 0.8296875 0.009375000000000102 0.8296875 0.009375000000000112 0.9984375 0.2500000000000001 0.9984375
2 0.21640625000000008 0.759375 0.11875000000000009 0.759375 0.11875000000000009 0.85390625 0.21640625000000008 0.85390625
4 0.5609375 0.28593750000000007 0.521875 0.28593750000000007 0.521875 0.35625000000000007 0.5609375 0.35625000000000007
4 0.10937500000000004 0.228125 0.004687500000000028 0.228125 0.004687500000000035 0.34609375 0.10937500000000004 0.34609375
4 0.3359375 0.10937500000000004 0.278125 0.10937500000000004 0.278125 0.22109375 0.3359375 0.22109375
0 0.09921875000000008 0.528125 0.004687500000000065 0.528125 0.004687500000000079 0.74921875 0.09921875000000009 0.74921875
4 0.4203125000000002 0.8984375 0.2453125000000001 0.8984375 0.2453125000000001 0.99921875 0.4203125000000002 0.99921875
0 0.9890625 0.44843750000000016 0.8140625 0.44843750000000016 0.8140625 0.6570312500000002 0.9890625 0.6570312500000002
4 0.6984375 0.6625 0.5765625 0.6625 0.5765625000000001 0.9015625 0.6984375000000002 0.9015625
4 0.69453125 0.4125 0.58125 0.4125 0.58125 0.66640625 0.69453125 0.66640625
0 0.99296875 0.2531250000000001 0.8265625 0.2531250000000001 0.8265625 0.41406250000000017 0.99296875 0.41406250000000017
4 0.3453125 0.11562500000000005 0.3125 0.11562500000000005 0.3125 0.3046875 0.3453125 0.3046875
4 0.5828125 0.19062500000000007 0.51875 0.19062500000000004 0.51875 0.2929687500000001 0.5828125 0.2929687500000001
4 0.4890625 0.014062500000000058 0.446875 0.014062500000000056 0.446875 0.11171875000000005 0.4890625 0.11171875000000005
2 0.3117187500000001 0.6609375 0.2718750000000001 0.6609375 0.2718750000000001 0.74453125 0.3117187500000001 0.74453125
4 0.99921875 0.015625000000000114 0.8734375 0.015625000000000104 0.8734375 0.20703125000000008 0.99921875 0.20703125000000008
0 0.78828125 0.4328125000000001 0.7125 0.4328125 0.7125 0.5640625000000001 0.78828125 0.5640625000000001
0 0.91953125 0.006250000000000107 0.8171875 0.0062500000000001 0.8171875 0.15078125000000012 0.91953125 0.15078125000000014
1 0.8046875 0.007812500000000088 0.640625 0.007812500000000078 0.640625 0.2851562500000001 0.8046875 0.2851562500000001
4 0.6859375 0.2140625000000001 0.6375 0.2140625000000001 0.6375 0.2796875000000001 0.6859375 0.2796875000000001
1 0.490625 0.2500000000000001 0.3890625 0.2500000000000001 0.3890625 0.3304687500000001 0.490625 0.3304687500000001
4 0.1765625 0.004687500000000011 0.003125 0.0046875 0.003125000000000014 0.23125 0.17656250000000004 0.23125
0 0.18828125 0.00156250000000002 0.14375 0.0015625000000000174 0.14375 0.043750000000000025 0.18828125 0.043750000000000025
0 0.7984375000000001 0.8046875 0.7281250000000001 0.8046875 0.7281250000000001 0.978125 0.7984375000000001 0.978125
2 0.1546875000000001 0.746875 0.1140625000000001 0.746875 0.1140625000000001 0.8140625 0.1546875000000001 0.8140625
0 0.2953125 0.05156250000000003 0.246875 0.051562500000000025 0.246875 0.10468750000000004 0.2953125 0.10468750000000004
4 0.40625 0.20468750000000005 0.3359375 0.2046875 0.3359375 0.29140625000000003 0.40625 0.2914062500000001
4 0.1187500000000001 0.7625 9.337931843498569e-17 0.7625 1.0227714283504067e-16 0.9078125 0.11875000000000013 0.9078125
0 0.6828125 0.0015625000000000816 0.6453125 0.001562500000000079 0.6453125 0.0671875000000001 0.6828125 0.0671875000000001
4 0.3796875 0.018750000000000044 0.35 0.018750000000000044 0.35 0.14375000000000004 0.3796875 0.14375000000000004
4 0.7671875 0.0031250000000000904 0.703125 0.003125000000000086 0.703125 0.08828125000000009 0.7671875 0.08828125000000009
0 0.49375 0.4125 0.4640625 0.4125 0.4640625 0.46484375 0.49375 0.46484375
1 0.69296875 0.26250000000000007 0.646875 0.26250000000000007 0.646875 0.31328125000000007 0.69296875 0.31328125000000007
0 0.61875 0.22031250000000008 0.5828125 0.22031250000000008 0.5828125 0.2750000000000001 0.61875 0.2750000000000001
2 0.4296875 0.21250000000000008 0.3953125 0.21250000000000008 0.3953125 0.2468750000000001 0.4296875 0.2468750000000001
0 0.6390625 0.028125000000000077 0.6015625 0.028125000000000077 0.6015625 0.10078125000000009 0.6390625 0.10078125000000009
4 0.5265625 0.07812500000000007 0.509375 0.07812500000000007 0.509375 0.17265625000000004 0.5265625 0.17265625000000004
0 0.49296875 0.19062500000000004 0.4640625 0.19062500000000004 0.4640625 0.23593750000000008 0.49296875 0.23593750000000008
0 0.325 0.325 0.2984375 0.325 0.2984375 0.3546875 0.325 0.3546875
0 0.79765625 0.3343750000000001 0.75625 0.3343750000000001 0.75625 0.42578125000000017 0.79765625 0.42578125000000017
0 0.371875 0.23906250000000004 0.3421875 0.2390625 0.3421875 0.27265625000000004 0.371875 0.2726562500000001
4 0.41171875 0.0015625000000000378 0.2046875 0.001562500000000025 0.2046875 0.027343750000000038 0.41171875 0.027343750000000056
0 0.909375 0.48750000000000016 0.825 0.48750000000000016 0.825 0.5828125000000002 0.909375 0.5828125000000002
4 1 0.001562500000000118 0.9296875 0.0015625000000001137 0.9296875 0.026562500000000117 1 0.02656250000000012