0 0.4214037890625 0.9999999999999998 0.3508078779928857 0.19308504536492727 -0.025878242701867248 0.22604081068439794 0.04471766836774706 1.0329557653194705
2 0.8888605453125 0.9647520921875001 0.8454188546811954 0.46821129680293677 0.5247686859375 0.4962645515625 0.5682103765688048 0.9928053469470631
4 0.9743228546444573 0.29224446705456486 0.9451801528115963 -0.04085813605758143 0.4112820559796389 0.005851895325353707 0.4404247578125 0.33895449843750003
4 1.025057277545108 0.9387202049414112 0.9999999998938469 0.6523142300366656 0.8392293270362389 0.6663798422827542 0.8642866046875 0.9527858171874998
4 0.32463786881203205 0.23458633820902958 0.3061172734375 0.022894964062500002 0.17069705775046795 0.034742697728470426 0.189217653125 0.24643407187500005
4 0.043720053146653295 0.14309679399749828 0.038409 0.08239117812499999 0.007277915603346704 0.08511479506500173 0.012588968750000004 0.14582041093750003
4 0.22012647042539113 0.9762046887903514 0.2144068749772285 0.9108294106772202 0.16771024830183734 0.9149148359493686 0.17342984374999998 0.9802901140624998
4 0.9951585234759401 0.5303972624966369 0.9645178328125 0.18017256406250004 0.60184069996156 0.21190270156586305 0.632481390625 0.5621273999999999
4 0.31994068594643904 0.9517873907271737 0.3104080265625 0.8428285953124999 0.243476195303561 0.8486843717728261 0.25300885468750006 0.9576431671875
4 0.7577466093750002 0.416279821875 0.740315460913535 0.21704088253857723 0.6142345687499999 0.22807153125 0.6316657172114651 0.42731047058642274
4 0.5754703 0.771016128125 0.5705677889887342 0.7149801757193532 0.5425498125 0.7174314312500001 0.5474523235112658 0.7734673836556468
4 0.5061010875 1.0000000000000002 0.49341957029115147 0.8550495935059848 0.3797911125 0.8649907953125 0.3924726297088486 1.0099412018065155
4 0.5136752376276291 0.7638747483338081 0.5110878015544665 0.7343002170956773 0.49396570611433743 0.7357982062618691 0.4965531421875 0.7653727375
4 0.6549187765625 0.24490221562499997 0.6323127544082064 -0.013485785358812518 0.38949029681890923 0.007758428129907302 0.4120963189732028 0.26614642911371983
0 0.6116577140810593 0.9874357298996339 0.564675321875 0.450424525 0.401237129149282 0.4647235139261702 0.4482195213553414 1.0017347188258041
4 0.047994578155354975 0.676002109721959 0.0398237265625 0.58260885625 0.007136087469645014 0.5854686543405411 0.015306939062499992 0.6788619078125
0 0.20041693756864437 0.9481281476596093 0.17399785305798177 0.6461566289214781 0.019898985801837354 0.6596385328243688 0.0463180703125 0.9616100515625
0 0.16899726406249999 0.660710340625 0.14257817960845398 0.3587388225340002 -0.013077242230882724 0.37235690731663307 0.013341842223163258 0.6743284254076329
4 0.6079236781249999 0.8371894390625002 0.6030211671861812 0.7811534874849262 0.5718900828125 0.7838771046874998 0.5767925937513187 0.8399130562650738
4 1.0190653208368068 0.7102480331821925 0.999999999912287 0.4923304427474383 0.8704789525129801 0.5036620673777458 0.8895442734374999 0.7215796578125
2 0.24810775552593722 0.7761296124266461 0.23830273436313104 0.6640577092393374 0.12934393906249997 0.6735903687499999 0.13914896022530615 0.7856622719373088
0 0.6126166266594795 0.49642119642098087 0.6010412546488169 0.36411408705784987 0.5123176639268375 0.371876395324369 0.5238930359375 0.5041835046875001