2 0.7600704171875001 0.2546810828125001 0.47920586095234086 0.2399615950293205 0.44522837656250003 0.8882906140625 0.7260929327976593 0.9030101018456798
4 0.36348088281250013 5.2735593669694933e-17 0.02644341417828172 -0.01766338472207896 -0.0038123889467183646 0.5596517480904211 0.33322507968750004 0.5773151328125001
4 0.5124132860343207 0.7408234515675742 0.30020450947610045 0.7297020608609114 0.2891240062500001 0.9411306578125002 0.5013327828082204 0.9522520485191631
0 0.9215708546874997 0.2780090828125001 0.8271691562499999 0.27306170000000013 0.8174379404601119 0.45874437976074567 0.9118396388976115 0.4636917625732456
0 1.0254827478301918 0.026853211027722507 0.9459044546875 0.022682689062500105 0.9202271240448081 0.5126353045972778 0.9998054171874999 0.5168058265625002
4 0.711209728125 0.08235649687500009 0.3375038310512772 0.06277140155208541 0.3248287171832203 0.30462699226916296 0.6985346142569432 0.32421208759207765
0 0.2399505656263226 0.6553529702872669 7.771561172376095e-17 0.64277769375 -0.017254510938822402 0.9720133687752333 0.22269605468750014 0.9845886453125001
0 1.021380729623472 0.04541396343501673 0.7483179655097356 0.03110335035016413 0.7256663093237636 0.46332269785264757 0.9987290734375002 0.47763331093750017
4 0.8375480219332531 0.5974870004509688 0.71505986719178 0.5910676686683372 0.694207260883527 0.9889591244673686 0.816695415625 0.9953784562500001
0 0.9182026578194016 0.6408300389308093 0.8378441874999998 0.6366186296875 0.829748468743098 0.791094136069191 0.9101069390624998 0.7953055453125001
0 1.008218380477336 0.29115563049866233 0.9671516727093472 0.2890034155868393 0.9589332921875002 0.4458194609375002 0.9999999999554889 0.44797167584932324
4 0.5374055641580677 0.861046205988961 0.4164777687500002 0.8547086500000001 0.4104673124044325 0.9693950111985391 0.5313951078125001 0.9757325671875
4 0.9567674188165146 0.8603366877933321 0.7227136214129429 0.8480704484132847 0.7147513312500001 1 0.9488051286535718 1.0122662393800472
4 0.4053021375 0.45592098750000004 0.2687707546875001 0.4487656812500001 0.2549507918164867 0.7124662938124432 0.3914821746289866 0.7196216000624431
4 0.35684260945071705 0.42521773437896815 0.015124064142496873 0.40730902492230536 0.002694275000000085 0.6444835390624999 0.3444128203082203 0.6623922485191628
4 0.4141372312500001 0.8545859874999999 0.3267571469167988 0.8500065913899316 0.31943829062500007 0.989658690625 0.4068183749582014 0.9942380867350684
4 0.28318636562590394 0.27819262185775373 0.2153107640625 0.2746354125 0.20651995937409615 0.4423739672047463 0.27439556093750006 0.44593117656250003
0 0.97739245 0.91461550625 0.9266807927141814 0.911957821362323 0.9220666984375001 1.0000000000000002 0.9727783557233186 1.0026576848876771
4 0.3163218843851238 0.27288828105682883 0.10255275000000001 0.2616851156250001 0.08971408592737629 0.5066614236306712 0.3034832203125001 0.5178645890625
4 0.21938524757849867 0.8686314547243688 0.12264301008277849 0.863561409330206 0.11659166562500012 0.9790279500000001 0.2133339031207203 0.9840979953941629
4 0.05295840937500009 0.8497392062499998 1.0547118733938987e-16 0.8469637734374998 -0.006174007755141375 0.964770851565506 0.04678440161985862 0.9675462843780058
4 0.8313419187682284 0.38749941840217805 0.748642909375 0.38316534687500003 0.7410378405433372 0.5282787015582202 0.8237368499365656 0.5326127730853981
0 0.8048003953125002 0.6849554953125001 0.7798346578412751 0.6836470963259387 0.7777085093749999 0.7242164218750002 0.8026742468462249 0.7255248208615617
0 0.30053053281250014 0.9026123406250003 0.2420170828639506 0.8995457802682651 0.23760123593750007 0.9838051484375001 0.2961146858860496 0.9868717087942352
0 1.0043749645265299 0.09067973716021811 0.9901017328125 0.08993170781250012 0.985726768240456 0.17341089652074695 0.9999999999544859 0.17415892586846496
0 0.20355068437500012 0.7528002453124999 0.1434768766173503 0.7496519098908954 0.1386930421875001 0.8409328921874998 0.1987668499451499 0.8440812276091043
0 0.9065099203125001 0.6848096109375001 0.8760829265864937 0.6832149995421706 0.873915890625 0.7245645031250001 0.9043428843510064 0.7261591145203298
0 0.9251049265625 0.6584028578125001 0.9056004437879708 0.6573806711504699 0.9036378453125 0.6948292796875 0.9231423280870292 0.6958514663495301
4 0.49467583999849013 0.929998153174053 0.4455245415652699 0.9274222421548902 0.44192644375000006 0.9960780218749999 0.4910777421832204 0.9986539328941626
0 0.8148178250341822 0.49381156028527196 0.8007745968749997 0.49307558593750017 0.7990982108558369 0.5250629390582203 0.8131414390150191 0.525798913405992
0 0.8666489516441628 0.7288775921917798 0.8338814203124999 0.7271603187500001 0.8304468733558371 0.7926953828082205 0.8632144046875 0.7944126562500002
4 0.6743701204098098 0.7852980668932206 0.5425198141484426 0.7783880858601171 0.532584160926133 0.9679716627168966 0.6644344671875001 0.9748816437500002
0 0.9650046265625001 0.9718581265625001 0.9431596043140882 0.9707132781054304 0.9416247531250003 1.0000000000000002 0.9634697753734122 1.00114484845707
0 0.5454460469048753 0.8270454166174475 0.4689884734375001 0.8230384453124999 0.4638775405951249 0.9205608615075527 0.5403351140625001 0.9245678328125001
0 0.7614738609375002 0.2876121640625001 0.6943784390646683 0.2840958421461278 0.6801087140625001 0.5563784265625001 0.747204135935332 0.5598947484788723
2 0.7056513562500002 0.9347963343750001 0.6338748578125002 0.9310346875000002 0.6302605389494447 0.9999999999940752 0.7020370373869447 1.003761646869075
0 0.696653790625 0.36010033593750007 0.6170754985206814 0.35592981403780344 0.6088162296917797 0.5135260389808372 0.6883945217960983 0.5176965608805337
0 0.5888631468750001 0.8942535484375 0.5467334640625001 0.8920456250000001 0.5410758141903671 0.9999999999248139 0.5832054970028671 1.0022079233623138