4 0.7491818283137378 0.5151116746291445 0.6718200968749999 0.026668923437500026 0.42489801078699907 0.06577753967477504 0.502259742225737 0.5542202908664196
4 1.0041578296737599 0.9263818082276613 0.927896028125 0.4448837406249999 0.5930079499390348 0.49792480117758114 0.6692697514877946 0.9794228687802427
4 0.6692697515625 0.9794228687500001 0.5157684326940788 0.010253683627317666 -0.06912825630971815 0.1028922183043055 0.08437306255870312 1.072061403426988
4 0.9932327734375 0.9273211781250001 0.9207596186539547 0.4697436884560946 0.6838687437499997 0.5072635171875002 0.756341898533545 0.9648410068564056
4 0.6836700015625 0.261297609375 0.652260893725267 0.06298830921884169 0.5426892187499999 0.08034275781250003 0.5740983265872329 0.27865205796865833
4 1.0432639085123436 0.9075321978828444 0.9999999999696646 0.6343746419959693 0.8725157602073208 0.6545661628631247 0.9157796687499999 0.9277237187499999
4 0.21767636094833667 0.48539154381842 0.1686683765625 0.17596730468749996 -0.04121539532333666 0.20920962805658 0.007792589062499999 0.5186338671875
4 0.736759035257841 0.5265711107976717 0.7165936546492628 0.3992519106960805 0.6471468171874999 0.410251209375 0.6673121977960782 0.5375704094765912
4 0.374444506291113 0.5562715018220771 0.31504829511219345 0.18125858467281408 0.10362125913358047 0.2147453375382371 0.1630174703125 0.5897582546875
4 0.2852517984375 0.21287149218749998 0.2568980515391931 0.0338529795403459 0.11723274687499999 0.055973790625000006 0.14558649377330693 0.2349923032721541
4 0.525238503125 0.6193968015625 0.4690198671875 0.26444630312500006 0.3054339857560279 0.2903557613542306 0.36165262169352796 0.6453062597917306
1 0.6287141406250001 0.08411949375 0.6142295101212566 -0.0073328654957197535 0.5679316179337566 1.2928025316938374e-10 0.5824162484375 0.091452359375
4 0.11008181724002815 0.3054767378316495 0.07610620781249999 0.0909631765625 -0.033975609427528156 0.10839842310585043 -1.1102230246251566e-17 0.32291198437499996
1 0.5472517828125001 0.278949190625 0.5020324456536582 -0.006554471076393486 0.3940040328125 0.010555548437500006 0.43922336997134187 0.2960592101388935
4 0.9644812187499998 0.7657674171875 0.9443158373028631 0.6384482156562232 0.8725541060528632 0.6498141578437233 0.8927194875 0.7771333593749999
4 0.3858920313239364 0.45874879890431597 0.369393084375 0.35457854375 0.3130639843010636 0.36350019640818393 0.32956293125 0.4676704515625
4 0.7078085749999998 0.37374972656249994 0.6882542654160586 0.25028868305579666 0.633468428125 0.2589659078125 0.6530227377089413 0.3824269513192033
4 0.1521379390625 0.6009732640625 0.11278489375 0.352507915625 -0.015305937392755598 0.3727955103088302 0.024047107919744383 0.6212608587463302
1 0.9539179111188393 0.9288021105199297 0.9247086639641825 0.7443821775042474 0.839829196875 0.7578257640625 0.8690384440296567 0.9422456970781823
1 0.9026477359375 0.6450477953124999 0.8686721257759509 0.43053423425210147 0.7058578757759507 0.4563214780021016 0.7398334859374999 0.6708350390625
1 1.019187665886097 0.76343067365283 0.9999999997982402 0.6422845252886393 0.9246655854746431 0.6542163250733093 0.9438532515624999 0.7753624734375
4 0.5048167814146532 0.3805888401020797 0.4661970233607337 0.13675328076531676 0.38517571382108057 0.14958579535073707 0.4237954718750001 0.3934213546875
4 0.19504988600867718 0.3924746426368949 0.1670627828125 0.215771025 0.08141168430382284 0.2293368261131051 0.10939878750000001 0.40604044375
1 0.5930201859374999 0.0984737328125 0.576784701593476 -0.004033076098391264 0.5513208611756658 2.097539253398395e-10 0.5675563455196898 0.10250680912064518
4 0.40765843594970974 0.19664813913958876 0.379793546875 0.02071615312499999 0.26019066248779027 0.039659388985411236 0.28805555156249996 0.21559137499999997
4 0.34414724062499996 0.474852384375 0.3227597155292933 0.339816868145732 0.2556277734375 0.3504495234375 0.2770152985332066 0.4854850396667681
4 1.0146206234391881 0.5529601253829453 0.9566909843228235 0.1872067856080696 0.8270568891582586 0.20773880960730903 0.8849865282746233 0.5734921493821847
4 0.166911850029802 0.15488882518816252 0.15016847318722137 0.049175306232302964 -0.016743376842580635 0.07561154666914044 0 0.181325065625
1 0.8985428642138678 0.4693075353306968 0.854912313972448 0.193835083806434 0.8201888966335803 0.19933473285073713 0.8638194468749999 0.474807184375
1 0.6819660172379435 0.5202206940684877 0.655812129496524 0.3550915487942247 0.5971681341335804 0.3643798453507371 0.623322021875 0.529508990625
4 0.38227601875000006 0.28609506406250007 0.36663257172889246 0.18732622876501312 0.2987289984375 0.19808109843750002 0.31437244545860754 0.2968499337349869
1 0.5719058078125 0.025092048437499993 0.5675638385111343 -0.0023220736162378854 0.5529028390625 1.1102230246251566e-17 0.5572448083638657 0.027414122053737888
1 0.8632085360963055 0.21625074319015775 0.8541646686673859 0.15915001041589488 0.6859489981960805 0.18579275472573709 0.694992865625 0.24289348749999995
4 0.3067471792370621 0.3186233545113667 0.29697002496176295 0.25689283257108053 0.26687639531250007 0.2616591953125 0.2766535495877992 0.3233897172527862
1 0.9645127078125 0.236591203125 0.9530245519532425 0.16405784056311243 0.8395947187499999 0.18202336093749996 0.8510828746092575 0.2545567234993875
4 0.4110996938710255 0.08852867732662471 0.401811396875 0.02988468125000001 0.3709461358164744 0.03477325861087529 0.38023443281249997 0.09341725468749999
4 0.13591001596984592 0.12895048588288177 0.12417743124999998 0.054873860937499984 0.047785910592654045 0.0669730891171182 0.05951849531249999 0.1410497140625
4 0.36003544062500004 0.06576791406250003 0.3525803611229015 0.018698390348159632 0.26384273565784344 0.03275304823431757 0.271297815159942 0.07982257194865797
4 0.33056952656249994 0.2792557875000001 0.315292723410287 0.1828018482656841 0.26822320156249996 0.19025692812500003 0.28350000471471287 0.286710867359316
1 0.9320103640625002 0.8104597140625 0.9189334202148995 0.7278951415712738 0.868005740625 0.7359612937500001 0.8810826844726007 0.8185258662412261
4 0.8660170203124998 0.3138884812500001 0.8491514296617583 0.20740333264997476 0.7920506984374998 0.2164472000000001 0.8089162890882413 0.32293234860002534
1 0.8626741546874998 0.20288857812500005 0.83019133580828 -0.0021998597250565853 0.8163019686780292 1.139908167857584e-11 0.8487847875572487 0.20508843786145575
1 0.357885675 0.4117703250000001 0.3380869375000001 0.28676601874999996 0.275584784375 0.29666538749999993 0.29538352187499994 0.4216696937500001