2 0.13128763906250004 1.6653345369377347e-17 0.034471652314472405 -0.0033808889716150856 0.028933013251972384 0.15522497196588494 0.12574900000000003 0.1586058609375
2 0.7874488500214823 0.10354030719732185 0.6500326109374999 0.09874162656250006 0.6439797296660175 0.2720734740526783 0.7813959687499998 0.27687215468750004
2 0.36840366295439597 0.2389983594454316 0.2918878015625 0.23632636562500003 0.2877980151687009 0.35344247810906565 0.36431387656059694 0.3561144719294972
0 0.17975466250000005 2.4980018054066023e-17 0.02984603881948411 -0.005234924177076799 0.021358254444484092 0.23782343363542316 0.17126687812500002 0.2430583578125
0 0.9747007578125002 0.29300322031250015 0.8325998750109687 0.288040948123399 0.8241476531249999 0.5300809140625 0.9662485359265315 0.5350431862516013
4 0.5239636187500002 0.12717170156250004 0.3693703500280662 0.12177318513379073 0.3616270234375 0.3435130250000001 0.516220292159434 0.3489115414287094
4 0.626465632830094 0.05726888699617182 0.5077879718749999 0.05312457187500006 0.5015169687324058 0.23270261144132828 0.6201946296874999 0.23684692656250003
4 0.8761695834905197 0.025338978148677083 0.7465610850549229 0.020812949969179817 0.7412171000000001 0.1738446703125001 0.8708255984355968 0.17837069849199735
0 0.27981561718750003 3.608224830031759e-17 0.02684481400639323 -0.008833934330810828 0.01610847025639322 0.2986147516066891 0.2690792734375 0.30744868593749997
4 0.7319073171875 0.03749920625000009 0.6600761015628069 0.03499080467871019 0.6566952125000001 0.1318067906250001 0.728526428124693 0.13431519219629
0 0.4664292015625001 0.4315992281249999 0.18222743438689576 0.42167468403435304 0.1637416078125001 0.9510395125000001 0.44794337498810444 0.9609640565906469
0 0.29065336876108594 0.7193900543700453 0.1204446187500001 0.713446234375 0.1119378671764143 0.9570477487549548 0.2821466171875001 0.96299156875
0 0.09217316094144708 0.717149329574474 8.881784197001253e-17 0.713930571875 -0.00834316095147598 0.9528474425877222 0.08382999998997101 0.9560662002871962
0 0.1637466500000001 0.3240952703125 0.006030285927707972 0.318587693335316 -0.0070024953465000345 0.6917977065285421 0.15071386872579212 0.6973052835057262
4 0.8630228328125004 0.04364131250000012 0.5413439093387215 0.032408036976388624 0.5084075093387214 0.9755831307263886 0.8300864328125002 0.98681640625
0 0.3673427718750001 0.44846393437500004 0.23929582187507834 0.4439924359352604 0.23133437343750013 0.6719784687500001 0.35938132343742185 0.6764499671897397
0 0.41362407656250005 0.5110547578125 0.34023131252771616 0.5084918257688162 0.33401483906440316 0.6865083171330029 0.4074076030991871 0.6890712491766866
2 0.9920115937604912 0.6031713059495809 0.7827641390625001 0.5958642234375001 0.7686514060324487 0.9999999999924032 0.9778988607304399 1.0073070825044839
0 0.5278748859375 0.4181104343750001 0.448235928125 0.41532938125000013 0.44376443100407476 0.5433763312959758 0.5234033888165748 0.5461573844209758
2 0.8489242531353416 0.26828612626635334 0.773969940625 0.2656686640625001 0.7671536328021583 0.46086218623364694 0.8421079453124998 0.4634796484375001
2 1.0038171311588175 0.12985748304783828 0.9117183357475452 0.12664132337630307 0.9079012045887278 0.23594969657846487 1.0000000000000002 0.2391658562500001
0 0.09599035937500003 0.11535345 0.028843787513613384 0.11300864023516408 0.024317759375000008 0.24261713906250004 0.09146433123638667 0.24496194882733596
4 0.6223857328375041 0.3979590399089804 0.4990234265625001 0.3936511328125 0.494770049947406 0.5154518905685997 0.6181323562224099 0.5197597976650801
2 0.6729104636626604 0.607662573478101 0.4777169414239474 0.6008462655983362 0.4638116734375002 0.9990410484375001 0.6590051956762133 1.0058573563172648
4 0.7070166812500001 0.4368738234375 0.5617927015710288 0.4318024903807654 0.5546492109374999 0.6363653 0.6998731906164711 0.6414366330567346
0 0.988214296875 0.6671402500000001 0.9444909468750001 0.6656133968750001 0.9416553625856388 0.7468139015654908 0.9853787125856386 0.7483407546904908
4 0.7674510953771496 0.2732582825236799 0.569134478125 0.2663329140625001 0.5641722061853504 0.40843379872632024 0.7624888234375 0.4153591671875
2 0.9321473594180743 0.07888769407901249 0.8962317515624999 0.0776334937500001 0.8941050640080025 0.13853387343559703 0.9300206718635768 0.13978807376460942
2 0.9491261031254595 0.04039429529934556 0.8335715390624999 0.0363590406250001 0.8272460046870407 0.21749862813815465 0.9428005687500003 0.22153388281250014
0 0.8903969922088413 0.24471914782636617 0.8529198359375 0.24341041718750014 0.8512293921661588 0.29181841154863414 0.8887065484375001 0.2931271421875002
4 0.8604599016398657 0.11703407661976546 0.757397721875 0.11343506562500008 0.7497634561707314 0.33205180937223194 0.852825635935597 0.33565082036699734
4 0.5552788312500001 0.30493537500000006 0.33666208750000004 0.2973011109375 0.332954016401689 0.4034863859646226 0.551570760151689 0.4111206500271226
0 0.30923830626720766 0.4558155963822402 0.24677637968750005 0.453634378125 0.24323189998279243 0.5551350098677601 0.3056938265625001 0.5573162281250001
4 0.6745613031341844 0.15744592629949278 0.6058531828124999 0.15504658593750006 0.5995821796783155 0.33462462526300735 0.6682903 0.3370239656250001
0 0.931175696882087 0.33056960292205834 0.90150628125 0.3295335234375001 0.9000339578054131 0.3716953236404418 0.9297033734375001 0.3727314031250001
0 0.8999794289300699 0.37325687190311374 0.865625367994473 0.37205720153611654 0.86338961875 0.4360806765625001 0.8977436796855969 0.43728034692949735
2 0.394459206275842 0.25397931019748216 0.34292811562500003 0.2521798046875 0.340419714036658 0.3240110210525179 0.39195080468750004 0.3258105265625001
0 0.4191266781250002 0.48779512656250007 0.36759558903382417 0.4859956211336714 0.36519624840882414 0.5547037414461714 0.41672733750000013 0.5565032468750001
0 0.401062301589004 0.42306275549102657 0.3526543078125 0.42137231093750005 0.35014590622349606 0.49320352732147343 0.3985539000000001 0.49489397187499995
4 0.38499571562500007 0.34589252968750006 0.37094178121793336 0.34540175560576925 0.3685969718429334 0.4125483274807693 0.3826509062500001 0.4130391015625001
0 0.16970028906250012 0.86994806875 0.1306615844032868 0.8685848070024758 0.12826224375000012 0.9372929265624999 0.16730094840921345 0.9386561883100241
0 0.46090676562500005 0.5001982859375 0.42967580156250007 0.49910767656250005 0.4278762960955234 0.5506387672148437 0.45910726015802333 0.5517293765898438
4 0.5266554453631753 0.005316412611347643 0.4298394578689003 0.0019355249474059088 0.4262404484375001 0.10499770468750007 0.5230564359317751 0.1083785923514418
0 0.8704339343750002 0.4582150031250002 0.8485722593752929 0.457451576554116 0.8471544671875002 0.4980518296875001 0.8690161421872075 0.4988152562583842
0 0.06081834221496825 0.13757700233841338 0.03739512031250002 0.1367590453125 0.035977328070502766 0.17735929843559695 0.05940054997297099 0.17817725546151034
2 0.508591003125 0.4330715500000001 0.47579848999156027 0.4319264109153799 0.47378086406059694 0.48970369380449724 0.5065733771940366 0.4908488328891174
2 0.26340319531265866 0.11181892187045861 0.24154152187500005 0.11105549531250003 0.24023279062484146 0.14853265000454147 0.2620944640625001 0.14929607656250005
2 0.411145621875 4.718447854656915e-17 0.38303775472268076 -0.000981550841293552 0.38272036245129765 0.008107351560799319 0.41082822960361687 0.009088902402092917
0 0.07783178126135082 0.1428614824874565 0.057531654687500024 0.1421525859375 0.05627745311364925 0.17806819407504354 0.07657757968750004 0.17877709062500005
2 0.220026865625 0.05558335156250003 0.19035745002792032 0.05454727263796723 0.18850341406249999 0.10763991093750003 0.21817282965957968 0.10867598986203282
0 0.9444959890625002 0.03866915625000012 0.9007726406254759 0.037142303111375716 0.899027665625 0.0871118437500001 0.9427510140620242 0.0886386968886245
0 0.6439698453125 0.04849943281250009 0.6033695921875 0.047081640625000074 0.6013519648595669 0.10485892346533428 0.6419522179845668 0.10627671565283428
0 0.35996636562500006 0.07766812343750004 0.3396662388014477 0.0769592281158839 0.3387392218730969 0.1035055469294972 0.3590393486966493 0.10421444225111336
2 0.20608199218749998 0.051969481250000026 0.19202805782492194 0.05147870745678288 0.1912101015625 0.07490192968750002 0.20526403592507808 0.07539270348071717
4 1.002164210914586 0.04380987904197318 0.9771794390861874 0.04293739150918809 0.9731441844216014 0.15849195621721504 0.9981289562500001 0.1593644437500001
2 0.6115341703125001 0.708707125 0.5849878516055906 0.7077801065785436 0.5834064671875 0.7530650046875 0.6099527858944095 0.7539920231089564