4 0.5449333423273146 0.19207245335725356 0.36933807031249993 0.17361664687500003 0.3144606279625689 0.6957406421704277 0.4900558999773835 0.7141964486526813
4 0.4603723968750001 0.7424987203125 0.3003165297955285 0.7256761708471783 0.27385776250000005 0.9774145265625 0.43391362957947166 0.994237076027822
4 0.6807470703987053 0.5142839616798133 0.5300148453125001 0.4984413671875001 0.506495942101295 0.7222087945701869 0.6572281671875002 0.7380513890625001
2 0.8547926438122966 0.03924939003228718 0.6916288953125 0.022100189062500088 0.6676200140002033 0.250529436530213 0.8307837625 0.2676786375000001
0 0.378159275 4.9960036108132046e-17 0.2569519186993806 -0.012739406479432946 0.23015080773858276 0.24225613124223103 0.35135816403920217 0.254995537721664
0 1.0421380351961014 0.06679571704962504 0.883500883627369 0.05012228117142096 0.8413628484312676 0.451038920371796 1 0.46771235625
0 1.0135935204594237 0.39687018589734213 0.8644152359374997 0.38119091562500007 0.8420396106339251 0.594080759343093 0.9912178951558491 0.6097600296154351
1 0.6837197796875002 0.6952736765625 0.4863693406187176 0.6745313089794367 0.45239758906250016 0.9977509250000001 0.6497480281312827 1.0184932925830634
4 0.2950947989177114 0.8052537859879724 9.992007221626409e-17 0.7742380734375001 -0.017802503637507627 0.9436175846318079 0.27729229528020366 0.9746332971822804
4 0.19136753753076013 0.13291569658233776 0.09191534687500003 0.12246285000000004 0.05712696715673997 0.4534521690426622 0.1565791578125001 0.463905015625
1 0.35071893750773553 0.3507658593014023 0.1689079031420723 0.331656749837569 0.13885597031250008 0.6175817953125 0.32066700467816334 0.6366909047763333
4 0.48955184532545826 0.6293037092517111 0.38543783437500007 0.6183608859375 0.34934284998704185 0.9617817282482891 0.45345686093750004 0.9727245515625003
2 0.3456976203406622 0.14442312160705487 0.3099569890625 0.14066662968750004 0.30440391403433786 0.19350060651794518 0.3401445453125 0.1972570984375
4 0.6908122671875 0.02986989062500009 0.5105551734024644 0.01092410658334229 0.4408150890274644 0.6744566847083422 0.6210721828125 0.69340246875
4 0.6084534234375001 0.021213628125000085 0.4250884484391172 0.0019411921721138536 0.3795205703141172 0.4354905812346138 0.5628855453125 0.4547630171875001
2 1.0236822319476218 0.07742478903878047 0.9645531234375001 0.07121006875000013 0.9408708914898785 0.2965314343987198 1.0000000000000002 0.3027461546875002
4 0.07471967502240327 0.5102899700993483 6.661338147750939e-17 0.502436615625 -0.023845556272403125 0.7293119236506518 0.050874118750000086 0.7371652781250001
4 0.37938070634343235 0.5863021225485527 0.2364181843750001 0.5712761562500002 0.2130626061565679 0.7934896430764475 0.3560251281250002 0.8085156093750001
4 0.38075724531250005 0.4984648281250001 0.31704568595000804 0.491768473318494 0.3078994453125 0.5787891390625 0.371611004674992 0.5854854938690061
2 0.621688398485643 0.9715531182919526 0.5237901500000002 0.9612635984375002 0.5197187904108221 0.9999999999774891 0.6176170388964649 1.0102895198319415
4 0.9154901656250003 0.6426494968750002 0.8611022500011357 0.636933096864196 0.85113938125 0.7317234656250001 0.9055272968738646 0.7374398656358043
4 0.9773211328715519 0.6522904072506618 0.7147051953125001 0.6246883593750001 0.6752583514959406 0.9999999999930044 0.9378742890549923 1.0276020478686658
2 0.5032575807393022 0.9323967251105489 0.43488420000000005 0.9252103921874999 0.42884114738569795 0.9827061889519515 0.49721452812500005 0.9898925218750005
4 0.9080982781250002 0.44391313593750004 0.7620278732965061 0.42856051852896765 0.7367123873590061 0.6694212904039676 0.8827827921875002 0.6847739078125
4 0.34540426406907965 0.8796702186874006 0.29567816875000014 0.8744437953125 0.28865516249342066 0.9412632344375996 0.33838125781250017 0.9464896578125002
4 0.36358927500000005 0.5422224953125002 0.33095652512609136 0.5387926550503216 0.3263834046875001 0.5823029890625001 0.35901615456140873 0.5857328293246787
4 0.32824522814191676 0.45995235296404885 0.2987203593750001 0.4568491640625001 0.2910440499830834 0.5298843657859513 0.3205689187500001 0.5329875546875
4 0.7897237665462652 0.7629749844718289 0.6187903150008374 0.7450091546218978 0.5988645765625 0.9345898906250001 0.7697980281079277 0.9525557204749312
4 0.4838772262709609 0.4291767345085834 0.3844250358254641 0.41872388748822453 0.36531592500000004 0.6005349218750001 0.46476811544549684 0.6109877688953589
4 0.40805185942146655 0.8815414261204013 0.3521100031250001 0.8756617 0.34084052796256914 0.9828835921704279 0.39678238425903556 0.9887633182908292
4 0.31349475000000016 0.7946188453125 0.19073345265045144 0.781716114012623 0.17685076717042794 0.9138010532874311 0.29961206451997663 0.9267037845873082
0 0.024475900000000106 0.853794821875 9.992007221626409e-17 0.8512223015625 -0.008492936134157058 0.9320272050324412 0.01598296386584295 0.9345997253449412
2 0.15958001893808843 0.8240038482104591 0.12850120937500012 0.8207373343750002 0.1244180669994118 0.859585847102041 0.15549687656250014 0.8628523609375
0 0.7115597765625 0.38554954687500004 0.6866967297473469 0.3829363353680941 0.6824502609374999 0.4233387875 0.707313307752653 0.42595199900690595
4 0.8020154254801509 0.915093131300466 0.6062189265625002 0.8945140906250002 0.5990325948323494 0.9628874718245346 0.7948290937500001 0.9834665125000004
4 0.13843592656250006 0.5468378453124999 0.1011413547099754 0.5429180279111612 0.09052518281250005 0.6439241578124999 0.12781975466502468 0.6478439752138387
0 0.8254831656445389 0.8861375576265992 0.7042758093750001 0.8733981500000002 0.6956195451500692 0.955756995295428 0.8168269014196081 0.9684964029220271
2 0.9074825125000002 0.688941059375 0.8748497625701566 0.6855112196450074 0.8701133171875002 0.7305754937500002 0.9027460671173438 0.7340053334799929
0 0.15514676413776032 0.7167026406329101 0.026169704617401444 0.7031466060784068 0.014410252979641292 0.8150303201329967 0.14338731250000017 0.8285863546874997
2 0.9966775767137758 0.4830742219982084 0.9749224095545032 0.4807876623546413 0.97116591875 0.5165282937500002 0.9929210859092727 0.5188148533935673
2 0.3027105593750001 0.8673273953124999 0.24676870321970457 0.8614476694114463 0.24039900000000003 0.9220513484374999 0.29634085615529554 0.9279310743385535
0 0.2147892562500001 0.8518020671874998 0.172832862541902 0.8473922730388302 0.16776976562500012 0.8955644281249999 0.2097261593330982 0.8999742222736694
4 0.9425186767387708 0.893725163947898 0.8197573802144829 0.8808224327036628 0.8072313140625003 1.0000000000000004 0.9299926105867881 1.0129027312442354
0 0.4164044828125001 0.4283694890625001 0.3371535188728584 0.42003987695608114 0.32310750625 0.5536787578125001 0.4023584701896417 0.562008369918919
0 0.9619169016880393 0.4699940878680725 0.94482355625 0.4681975046875001 0.9417203670619607 0.4977223746319277 0.9588137124999999 0.4995189578125001
4 0.23619431098779894 0.7079389073339383 0.21754702500000014 0.7059789984375 0.21199394983756908 0.7588129749829279 0.2306412358253679 0.7607728838793661
4 0.8081185752293749 0.19930995002410834 0.6542784687500001 0.18314070312500005 0.639089176333125 0.3276571656008917 0.7929292828124999 0.3438264125
1 0.7260403609375001 0.9353877515625 0.5519990273138131 0.9170952702272409 0.5432853890625 1 0.717326722686187 1.0182924813352592
4 0.3811026657093963 0.6147630281338704 0.29718987968750005 0.6059434390625 0.2886969421031038 0.6867483437411297 0.3726097281250001 0.6955679328125
4 0.22408474549422203 0.6736728998335317 0.1898980548670033 0.6700797342296412 0.1797718609352814 0.7664240437711094 0.21395855156250013 0.7700172093750001
4 0.21438328761213227 0.8706126786206341 0.20661358593750007 0.86979605 0.20383704832536792 0.896213038566866 0.21160675000000015 0.8970296671875
1 0.41355801250000007 0.5301922484375 0.1649275385744779 0.5040601327612068 0.1526781093750001 0.6206056671875 0.4013085833005222 0.6467377828637932
4 0.39693632662741946 0.9275063368823341 0.3860587421875001 0.9263630562500001 0.38246557485464117 0.9605497466954969 0.39334315929456054 0.9616930273278308