0 0.8644804765625 0.27593362500000007 0.2949612966283352 0.21607474684907452 0.21542166875000007 0.9728437515624998 0.7849408486841649 1.0327026297134254
0 0.9494201375000001 0.5739447734375002 0.549280468759637 0.5318883989857527 0.5000799562500001 1 0.9002196249903631 1.0420563744517475
0 1.0323384935453805 0.12546779860125162 0.9107042265624999 0.11268352187500011 0.8783657330149328 0.4203637326695513 0.9999999999978135 0.4331480093958028
2 0.15225761409976163 0.026683143395481834 0.048920573437499996 0.015821982812500003 -0.02800584222476151 0.7477279409795181 0.07533119843750011 0.7585891015625
0 0.8978739991809835 0.4365540938281433 0.52182040625 0.39702926875000005 0.4607365858560725 0.9782030015539418 0.836790178787056 1.0177278266320848
0 1.0272753995187012 0.096655726035539 0.9097592390625 0.0843042781250001 0.8824838393196753 0.34381233547185414 0.9999999997758765 0.356163783382393
2 0.15855269375000025 0.011633715625000044 0.05055383130464778 0.00028257760506123565 -0.029884089007852388 0.7655982557300611 0.07811477343750009 0.77694939375
2 0.12227561406250005 0.23720241718750001 0.09896650625000002 0.23475253125 0.0949650259353005 0.27282407353580407 0.11827413374780052 0.2752739594733041
0 0.5283346671875 0.21546557031250005 0.421112775 0.20419609531250002 0.3941640306314219 0.46059627041171025 0.5013859228189219 0.4718657454117102
4 0.51322 0.31442778281250006 0.4704866359375 0.30993632500000007 0.4654235381720323 0.35810847959390807 0.5081569022345322 0.36259993740640806
4 0.8322213000000002 0.56791110625 0.7848261157208547 0.5629296709630041 0.7779664343750001 0.6281951703125002 0.8253616186541455 0.6331766055994961
2 0.3298226313310791 0.6093732798602473 0.2777656250000001 0.6039018671875 0.26853772021434896 0.691699503114684 0.3205947265454279 0.6971709157874312
4 0.9299515312500002 0.5499030468750001 0.9081963642130703 0.5476164860674207 0.9035415797045723 0.591903790462569 0.9252967467415022 0.5941903512701485
4 0.5159824594582693 0.19845623358274672 0.47091818593749996 0.19371978750000007 0.4652834482921412 0.2473307341954969 0.5103477218129104 0.25206718027824354
2 0.1592904548189448 0.5427453174993867 0.1414201390625001 0.540867071875 0.13815362486855534 0.5719458825006133 0.15602394062500005 0.5738241281249999
4 0.8181424421875001 0.4925893437500001 0.7792939296044715 0.4885062007899642 0.7725159124169714 0.5529947304774643 0.8113644250000001 0.5570778734375001
4 0.3982800187500001 0.6307084015625001 0.3578775672103528 0.6264619325950704 0.349139640625 0.7095977468750001 0.3895420921646473 0.7138442158424297
2 0.26966670000000004 0.32967807343750005 0.24014183130467748 0.3265748838547789 0.23581369843750002 0.36775430625 0.2653385671328226 0.37085749583272115
4 0.9537834594225068 0.7566517526730048 0.9242585906249999 0.7535485640625001 0.9192771562024934 0.8009437488894957 0.948802025 0.8040469375000002
4 0.29379757656250016 0.87738835 0.25261815454069153 0.8730602185842897 0.24371690297819154 0.9577499748342898 0.2848963250000002 0.9620781062500001
4 0.6725010185537871 0.08450514233110265 0.6491919107583592 0.08205525623117163 0.6457620703125 0.11468800625000006 0.6690711781079278 0.1171378923499311
4 0.6128026687945128 0.11436604645148989 0.5933784140625 0.11232447500000006 0.5898669108929873 0.14573419573601026 0.6092911656250001 0.1477757671875001
4 0.8491278578125001 0.4220040281250001 0.7116041265625002 0.40754970156250014 0.6827771363037398 0.6818201937884936 0.8203008675537398 0.6962745203509936
0 0.4301609297354285 0.013472077668990352 0.3400323828125 0.0039991859375000435 0.32549639370207134 0.14229988795600973 0.415624940625 0.15177277968750005
0 0.8526276312500002 0.3139655078125001 0.7749306077042126 0.3057992213427853 0.7602312920792127 0.4456538635302854 0.8379283156250003 0.45382015000000014
4 0.8794651141102479 0.9106645682957109 0.8476093343750002 0.9073163906250004 0.8403413389000691 0.976466742170428 0.8721971186353169 0.9798149198411383
4 0.6044730578125002 0.1936170093750001 0.58427183125 0.1914937750000001 0.5800253625 0.2318962281250001 0.6002265890625001 0.2340194625000001
4 0.47575741093749996 0.282210384375 0.4516713328594203 0.2796788354910831 0.44783317812499995 0.31619643750000004 0.4719192562030797 0.31872798638391703
2 0.4089051251517485 0.06622673751594946 0.3677257031143174 0.06189860624887726 0.360866023275069 0.1271641062329279 0.4020454453125001 0.13149223750000008
4 0.37368307510107546 0.7600961193508333 0.32240303906250006 0.7547063703124999 0.31325679833642484 0.8417270368991666 0.3645368343750002 0.8471167859375
4 0.9745586718750001 0.7682619562500002 0.9481416843776153 0.7654854187251194 0.9422619578125001 0.8214272750000001 0.968678945309885 0.8242038125248807
2 0.11013365479113565 0.5171543427639731 0.08216272656250007 0.5142144796875 0.07546637171256906 0.5779260390454277 0.10343729994120468 0.5808659021219008
4 0.7227644609899564 0.9067635198134122 0.6901317109375001 0.9033336796875 0.6840886593225439 0.9608294770615877 0.7167214093750002 0.9642593171874999
4 0.7611183031250002 0.8856569640625003 0.7222697922752495 0.8815738210401218 0.7145118203125002 0.9553859937500002 0.7533603311622509 0.9594691367723787
2 0.24210174058248168 0.3079275985972566 0.21956960309955384 0.3055593749973255 0.216221425 0.33741515468750005 0.23875356248292784 0.3397833782874311
4 0.3136674593750001 0.8527679453125001 0.2755959186394782 0.8487664651140463 0.26857291238947817 0.9155859057390462 0.3066444531250002 0.9195873859375
2 0.15929000468750001 0.01956674375000002 0.1282111953712776 0.016300229128268447 0.12298477187499994 0.06602632500000001 0.15406358119122238 0.06929283962173158
4 0.8545692203842368 0.6990907149424709 0.828929203125 0.6963958406249999 0.8228861514907632 0.7538916381825291 0.84852616875 0.7565865125
2 0.19381787343750007 0.6327851640625 0.15263845003666993 0.6284570324636098 0.1447988156250001 0.703046175 0.18597823902583022 0.7073743065988901
4 0.9458785844972294 0.9364981847745681 0.9171306859375001 0.9334766593750002 0.9116592748777709 0.9855336667879323 0.9404071734375001 0.9885551921875002
4 0.5905021203125002 0.8048802125 0.5353372328954146 0.7990821492111223 0.5208829062500001 0.9366058812500002 0.5760477936670857 0.9424039445388779
4 0.8109279578124999 0.38185360312500005 0.7798491485144362 0.3785870883305 0.775357690625 0.4213204515625001 0.8064364999230638 0.42458696635700005
4 0.49057827187500014 0.39531669531250013 0.4571685515647821 0.39180519216578763 0.45259543124999996 0.43531552500000015 0.486005151560218 0.43882702814671265
4 0.85599268125 0.9097686234375001 0.8155902281250003 0.9055221546875 0.8079955823133054 0.9777803860492579 0.8483980354383052 0.982026854799258
4 0.4163345500000002 0.5037752609375 0.3728242171893522 0.4992021406073783 0.36718947968750004 0.5528130859375 0.410699812498148 0.5573862062676218
4 0.4196198328125 0.5921025312500001 0.3714476781780431 0.5870394338703295 0.36507797500000005 0.6476431125 0.41325012963445695 0.6527062098796705
4 0.8382361984375001 0.33130618750000007 0.8079343594126124 0.32812133557964274 0.8034429015625 0.3708546984375 0.8337447405873876 0.3740395503578574
4 0.11377374218750011 0.7814828546875001 0.08657978444677045 0.7786246540046508 0.08119003437500007 0.829904690625 0.10838399211572973 0.8327628913078493
4 0.91923258199637 0.5173543063284468 0.8928155929509423 0.5145777686660157 0.8884874609375004 0.5557571906250002 0.9149044499829282 0.5585337282874312
4 0.3327300984375001 0.8956202828125003 0.2931046158451071 0.8914554760308218 0.2856732939295033 0.962159768604641 0.3252987765218963 0.9663245753863196
4 0.7983284156250001 0.35224941718750014 0.7664726359703664 0.3489012403122981 0.7617361906250002 0.39396551406250013 0.7935919702796339 0.3973136909377023
4 0.46863631874999995 0.24532647500000007 0.445327212502003 0.24287658904344256 0.4414890578124999 0.2793941890625 0.4647981640604969 0.2818440750190575
4 0.7613046406668306 0.5101820511645089 0.7271179499999999 0.506588884375 0.7210748968331694 0.5640846816479913 0.7552615875 0.5676778484375001
4 0.24259216729313948 0.8264443505574084 0.2146212390625001 0.8235044874999999 0.2100481186443607 0.8670148213175913 0.23801904687500008 0.8699546843749999
4 0.29662997031250005 0.6860110312500001 0.26244327968750003 0.682417865625 0.2551752857242421 0.7515682157668111 0.28936197634924204 0.7551613813918112
0 0.7543609507203384 0.5612987610132107 0.5733268866749104 0.5422713139757798 0.5414783703125001 0.8452897031250002 0.7225124343579281 0.864317150162431
4 0.13798348593750012 0.7903118281250001 0.11078952812556789 0.7874536281195981 0.10580809375000011 0.8348488125000001 0.1330020515619323 0.8377070125054022
4 0.8173774266810664 0.8287257676219164 0.7583276890625001 0.8225193906250002 0.7482831576939338 0.9180867308155838 0.8073328953125001 0.9242931078125001
4 0.3865295016131937 0.27911658076768225 0.36555130468749997 0.2769116828125001 0.36220312641714114 0.30876746232049684 0.3831813233428349 0.310972360275679
0 0.7413225953124999 0.3415445437500001 0.6395394953181314 0.33084670932142124 0.618552140625 0.530528059375 0.7203352406193685 0.5412258938035789
4 0.8182081328124999 0.9105106265625 0.7785826501979225 0.9063458199918948 0.7710696658045033 0.9778270826671414 0.8106951484190809 0.9819918892377466
4 0.49433476406250004 0.35957606406250003 0.4585941329629494 0.35581957200607084 0.454102675 0.3985529359375001 0.48984330609955073 0.4023094279939293
4 0.36079396879912057 0.44923340265764866 0.3320460703125 0.4462118765625 0.328207915462569 0.48272947810792777 0.35695581394918957 0.48575100420307643
4 0.7950295062500001 0.6975461593750001 0.7608428156490199 0.6939529935214664 0.7547997640624999 0.7514487906250001 0.7889864546634802 0.7550419564785338
4 0.5608280015647477 0.8928855249786162 0.5227564593920722 0.8888840451500691 0.5144268484375001 0.968135009375 0.5524983906101755 0.9721364892035471
4 0.6542319970422572 0.4078040734086546 0.6021749908045033 0.40233266235464127 0.5952336484375 0.4683751328125 0.6472906546752539 0.4738465438665133
4 0.213860465625 0.666313859375 0.1796737750000001 0.66272069375 0.17420236384924195 0.7147776985793111 0.20838905447424189 0.7183708642043112
4 0.622318240717257 0.8160797553722345 0.5912394312500001 0.8128132406250002 0.5846247389171413 0.875747829507997 0.6157035483843982 0.8790143442552315
0 0.3160281938736166 0.26227995351136774 0.21036024218750002 0.2511738046875 0.190434504525069 0.44075454217042775 0.2961024562111856 0.4518606909942955
4 0.0446771265625001 0.8559180562500002 0.0034977046364697006 0.8515899243823339 -0.0031169875510302925 0.9145245134448338 0.038062434375000107 0.9188526453125
4 0.2230578703666437 0.3844813416723574 0.19508694218750006 0.38154147812500006 0.19067714682085635 0.42349787082764256 0.21864807500000003 0.426437734375
4 0.6896553609375001 0.47437148750000013 0.6445910876190395 0.4696350410549151 0.636996440625 0.5418932734375 0.6820607139434606 0.5466297198825851
2 0.06346427827035896 0.7070664236170032 0.023838795312500084 0.7029016171874999 0.012732645150069022 0.8085695687329277 0.05235812810792789 0.812734375162431
2 0.10842577272892939 0.5782479985272515 0.07113120087100158 0.5743281811773205 0.06525147500000007 0.6302700375 0.10254604685792787 0.634189854849931
4 0.7376407281575639 0.3317309246901756 0.6910225140624999 0.3268311531250001 0.684244496842436 0.3913196815598246 0.7308627109375 0.3962194531250001
2 0.1674985203406478 0.21053340285719213 0.148074265625 0.20849183125000006 0.142521190462569 0.2613258077954278 0.1619454451782168 0.2633673794026199
4 0.9040010593750003 0.3932070875000001 0.8814689218750003 0.3908388640625001 0.8767324751624311 0.43590313751707227 0.8992646126624312 0.4382713609545722
4 0.6751846125000001 0.5074148984375 0.6223506359375001 0.5018618234375001 0.6149193151316175 0.5725661141748688 0.6677532916941176 0.5781191891748689
4 0.8569116375000002 0.5123752171875001 0.8351564704433766 0.5100886565672926 0.8304200234545721 0.555152931087569 0.8521751905111957 0.5574394917077765
4 0.41269960468750017 0.7924768421875001 0.35131895613729547 0.7860254760723133 0.34111109832479547 0.8831467557598133 0.40249174687500017 0.8895981218750002
4 0.6581795183443278 0.026440051684087612 0.623215857586331 0.02276522185122875 0.619622690625 0.056951912500000076 0.6545863513829968 0.06062674233285894
4 0.7012613218750002 0.9469233296875 0.6600819001645576 0.9425951968718417 0.6540484105789262 0.9999999999623126 0.6952278322893688 1.004328132777971
4 0.4777825593750002 0.15830580781250006 0.4404879873558958 0.1543859904335613 0.43591486704339577 0.1978963248085613 0.47320943906250007 0.20181614218750007
4 0.4527894812500001 0.8893857531249999 0.38130822037097134 0.8818727697561831 0.3711003625000001 0.9789940484375 0.44258162337902884 0.9865070318063168
4 0.9804290140765213 0.6526170592415974 0.9610047578124998 0.6505754875 0.9571666031109786 0.6870930876334028 0.976590859375 0.6891346593750002
4 0.7668534719537817 0.950675128937944 0.7318898120699542 0.9470002999548004 0.72631931875 1 0.7612829786338275 1.0036748289831436
4 0.7020591812511748 0.8197475468638252 0.6422324734375001 0.8134595062500001 0.6338211984363257 0.893487439073675 0.6936479062500002 0.8997754796875002
4 0.7237115704599468 0.6884792345346373 0.6957406408045033 0.6855393717296413 0.688472646875 0.7546897234375001 0.7164435765304435 0.7576295862424961
4 0.11006841412163584 0.6224116338123611 0.08831324687500007 0.6201250734375001 0.08447509204214124 0.6566426748204968 0.10623025928877702 0.6589292351953577
4 0.4691361297852554 0.8235462662574206 0.4365033798670034 0.8201164264171414 0.4307053171875002 0.8752813140625 0.4633380671057522 0.8787111539027791
4 0.9017754968750001 0.8030320156250003 0.8784663890081499 0.8005821302046101 0.8736482811956499 0.8464233739546101 0.8969573890625002 0.8488732593750001
4 0.24007189843750004 0.40198065468750005 0.2167627906250001 0.39953076875 0.21308796179142941 0.4344944297772515 0.2363970696039294 0.43694431571475156
2 0.994918081357054 0.21580115523145071 0.9335374328124999 0.20934978906250007 0.923656226400069 0.3033631874829279 0.9850368749446229 0.30981455365187854
2 1.0106161747752462 0.25672875991446203 0.9550943078125002 0.2508931750000001 0.9444781330128624 0.3518993043801082 0.9999999999756085 0.3577348892945701
4 0.9866400830567743 0.623418839863385 0.9664388564295031 0.6212956061046414 0.9626007030602288 0.6578132084287566 0.9828019296875 0.6599364421875001
2 0.9135532672084509 0.28737580917566535 0.8863593093749997 0.2845176093750001 0.881296212479049 0.33268976426183483 0.9084901703125 0.3355479640625001
4 0.6575078968750001 0.4364283062500002 0.5215381062500001 0.42213730468750005 0.4975292236205318 0.6505665529800122 0.6334990142455319 0.6648575545425123
4 0.9053686626153956 0.7688453254645828 0.867297121875 0.7648438453125002 0.8606007670721043 0.8285554057854176 0.8986723078125 0.8325568859375002
4 0.8358008390625002 0.9673484296875001 0.8023911187499999 0.9638369265625002 0.7985902265487919 0.9999999999985594 0.8319999468612922 1.0035115031235593
0 0.06911074375000012 0.7280842781250001 6.75242639580631e-11 0.7208204462325505 -0.02115068118247576 0.9220557352950507 0.0479600625000001 0.9293195671875003
4 0.12254685937500012 0.9222334421875 0.0906910795586869 0.9188852656114612 0.08660793748292792 0.9577337767249308 0.11846371729924114 0.9610819533009696
4 0.5052221813038925 0.9436009588622479 0.4756973125000002 0.9404977703125003 0.47030756390006917 0.991777806232928 0.4998324327039615 0.9948809947826757
4 0.38580671562500013 0.8839166874999999 0.3384115310932957 0.8789352530534433 0.3302452451557957 0.9566322764909435 0.3776404296875001 0.9616137109375
0 0.2237623359375001 0.18345372812500005 0.11964832500000282 0.17251090468747335 0.09106632343749996 0.4444504859375 0.19518033437499724 0.4553933093750267
0 0.11237798444202336 0.2267354946748156 0.09683857968750002 0.22510223749999994 0.07544291087047669 0.4286684381376843 0.09098231562500003 0.4303016953124999
2 0.7279158098187007 0.37941310160913483 0.6509957562500002 0.371328478125 0.6431561214312993 0.4459176202658653 0.720076175 0.4540022437500001
2 0.7320548095067171 0.17560425812179603 0.6947602374999999 0.17168444062500005 0.6848790310875689 0.2656978390454279 0.722173603094286 0.26961765654222386
4 0.1292751593853299 0.02112537646421783 0.056239957812500005 0.013449067187500007 0.046113762489670126 0.10979337666078222 0.11914896406250002 0.11746968593750003
4 0.44169181562500004 0.008399596875000043 0.13867342599144014 -0.02344891898971647 0.08003949163861193 0.5344157061923095 0.3830578812721718 0.5662642220570261
2 0.8077966156249999 0.2322693500000001 0.7689481032554494 0.22818620657135633 0.7595568734545722 0.3175377842125692 0.7984053858241227 0.3216209276412129
4 0.022413214062500086 0.7388872359375 8.881784197001253e-17 0.7365315125 -0.008492936705730158 0.817336417428403 0.01392027735676984 0.819692140865903
4 0.6708165969452404 0.2948563977692066 0.6420686984375 0.29183487187500007 0.6367606123375691 0.34233793748292796 0.6655085108453095 0.34535946337713447
2 0.35157734687500003 0.08848126562500004 0.329045209375 0.08611304218750002 0.3240637740094527 0.1335082266226147 0.34659591150945274 0.1358764500601147
4 1.049198527959913 0.05811116544338387 0.09818696531144698 -0.04184417800526209 -0.006014846923884254 0.9495698361503455 0.9449967157245818 1.0495251795989915
2 0.23906848292879374 0.2620466957685398 0.21032058437500006 0.25902517031250005 0.20558413894620636 0.3040894448564603 0.23433203750000003 0.3071109703125
0 0.24778574531250008 0.5677576140625 6.661338147750939e-17 0.5417142828125 -0.04066810527142598 0.9286454583366576 0.207117640041074 0.9546887895866576
0 0.13690968906250006 0.20260506718750007 0.10971572955395255 0.1997468668956199 0.08570684830395255 0.4281761153331198 0.11290080781250007 0.43103431562499994
4 0.5283858312499999 0.02065371875000005 0.324042659075952 -0.000823614061421185 0.27561658200868555 0.45991973292475113 0.47995975418273346 0.48139706573617236
4 0.8464911859375002 0.2976094750000001 0.8169663172117719 0.2945062857065681 0.8128831734374999 0.33335479687500014 0.8424080421632283 0.33645798616843214
2 0.17569295945643376 0.3119455007877103 0.15005294218750004 0.3092506265625 0.14539815929356634 0.35353793046228976 0.17103817656250006 0.35623280468749996
4 0.26189738125 3.3306690738754695e-17 0.10417242360580341 -0.016577561845170907 0.08713455008917895 0.1455269685951477 0.24485950773337556 0.16210453044031864
4 1.0080169842945739 0.3004465596252712 0.7523937781250001 0.2735794781250001 0.7045393411179066 0.7288840342625812 0.9601625472874803 0.7557511157628524
2 0.06420113906677705 0.19182087652180693 0.03079141875000003 0.18830937343750004 0.02409506405822301 0.2520209328531931 0.05750478437500002 0.25553243593749997
4 0.7834747093750002 0.03018246562500011 0.5496066689717025 0.005601943203141002 0.5209430033045032 0.27831849516714124 0.7548110437078008 0.3028990175890004
0 1.0093912235681795 0.11362930208841127 0.9893811985272809 0.11152616497753538 0.9799899749591013 0.20087774257662425 1 0.20298087968750017
4 0.4658508468750001 0.7352189953125001 0.43088718756245353 0.7315441665932952 0.4263140671875001 0.7750545000000001 0.4612777265000466 0.778729328719205
4 0.6838408750753844 0.4250560524077664 0.6341147796875 0.41982962968750004 0.6269284483621156 0.4882030116547337 0.67665454375 0.49342943437500014
0 0.07622669375000016 0.21193809375 0.02805453912687933 0.2068749962504659 -0.020534864101953383 0.6691722847383675 0.027637290521167434 0.6742353822379017
2 0.5101590406250002 0.6126163328125 0.45499415327448645 0.6068182688902316 0.44846112358698653 0.6689758876402316 0.5036260109375001 0.6747739515625002
0 0.9888515688380257 0.12403935072499181 0.9468951765625002 0.11962955625000016 0.9394638560875691 0.19033384842042797 0.9814202483630947 0.19474364289541962
4 0.014984239062500104 0.8245172875 6.076809055954869e-11 0.8229423806718312 -0.003593165564231904 0.8571290712968314 0.01139107343750011 0.8587039781250001
0 1.0106161721591211 0.058769315608387426 0.941486659375 0.05150351093750013 0.9308704872158791 0.15250964064161285 1.0000000000000002 0.15977544531250015
4 0.5439909260538399 0.4402082579232632 0.4826102776334119 0.43375689213583213 0.4724024203125 0.530878171875 0.533783068732928 0.537329537662431
4 0.54153165625 0.4038143250000001 0.49335950088574965 0.39875122805387075 0.4862548327954279 0.46634763766243104 0.5344269881596783 0.4714107346085604
0 0.0904130203731179 0.45066624629825985 0.06321906250000006 0.4478080468750001 0.05872760618938224 0.49054140995174017 0.08592156406250007 0.49339960937499994
0 0.058811389062500066 0.24310091250000002 0.041718043768908586 0.24130432950759725 0.020567362500000037 0.44253961875 0.037660707793591514 0.4443362017424028
2 0.4960102500600921 0.6127003416157634 0.4058817031250001 0.6032274500000001 0.3941222515024081 0.7151111630717367 0.4842507984375001 0.7245840546875001
4 0.028997406250000052 0.4819177656250001 4.4408920985006264e-17 0.4788700171875001 -0.01861912197184649 0.656019232389398 0.010378284278153516 0.659066980826898
4 0.9208892986413971 0.6510725011850482 0.8260989298670032 0.6411096326671413 0.809603032788106 0.7980576205445932 0.9043934015625 0.8080204890625001
2 0.4896405469955716 0.6733040191653387 0.45778476718750005 0.6699558421875 0.45378328733756906 0.7080273843579278 0.48563906714564065 0.7113755613357664
4 0.28302232187500004 0.4866213671875001 0.1656998171922736 0.47429027495458265 0.14773398750000005 0.6452237249999999 0.2650564921827264 0.6575548172329174
4 0.8349279046875004 0.6168998890625 0.7471302687627979 0.6076719858157376 0.7333292453125 0.7389799546875001 0.8211268812372025 0.7482078579342627
2 0.11507051254389451 0.18616971676987207 0.06845229845457224 0.18126994515006897 0.04044193747317778 0.4477707346301969 0.08706015156250005 0.45267050624999994
4 0.2698718061341889 0.07360924077705319 0.17119658583876102 0.06323805623962213 0.1601720984375 0.16812903750000002 0.2588473187329279 0.17850022203743107
4 0.6336764171875002 0.7528581734375001 0.5816194110541102 0.7473867613905293 0.5711665641791102 0.8468389520155292 0.6232235703125002 0.8523103640624999
4 0.047229339062500056 0.4429852453125 0.02547417174929716 0.44069868557098346 0.021064377999297168 0.4826550793209833 0.04281954531250006 0.4849416390624999
4 0.40329698125000013 6.106226635438361e-17 0.1764216734057608 -0.023845554385520964 0.15547061871826073 0.175490426864479 0.38234592656250005 0.19933598125000002
4 0.1597754453125 1.9428902930940238e-17 0.05721537470507343 -0.010779495631460485 0.05329774814257342 0.02649423874353951 0.15585781875 0.03727373437500002
4 0.15846444218750008 0.49081197968750007 0.08309832976452833 0.48289068207962493 0.06758238593750003 0.6305150265625 0.1429484983604718 0.6384363241703752
2 0.9558175437499997 0.1692716421875001 0.9146381203124998 0.16494351093750007 0.9059001951018208 0.24807932670458221 0.9470796185393209 0.2524074579545822
0 0.9715108890625002 0.10964791875000016 0.9427629905325758 0.10662639306685795 0.9388431733450758 0.14392096494185797 0.9675910718750002 0.14694249062500017
2 0.10794472968750002 0.11943428593750002 0.08308168270992336 0.11682107441345188 0.07638532802242334 0.18053263378845189 0.10124837500000002 0.18314584531250003
4 0.9300491656942056 0.13042782277905296 0.884207921875 0.12560971406250013 0.8781648702432945 0.1831055115959473 0.9240061140625 0.18792362031250015
0 1.004491457803172 0.11311431660481222 0.9878272640624998 0.11136283906250011 0.9833358061573685 0.15409620155276418 0.9999999998980409 0.1558476790950763
4 0.0810236875 0.031765009375 0.06004549065594007 0.0295601122056249 0.053594125000000006 0.0909407609375 0.07457232184405993 0.09314565810687511
4 0.2477574203125 2.7755575615628914e-17 0.19103859370939907 -0.005961388676207524 0.18150487495939907 0.0847458894487925 0.2382237015625 0.09070727812500004
0 0.09243817032897628 0.32676167015573937 0.08622240781250005 0.3261083671875001 0.07740281858756906 0.4100211531079279 0.08361858110404527 0.41067445607616715
0 0.12551397503183936 0.027014487197069205 0.1192982140625 0.02636118437500002 0.11333682496816067 0.08308001124043082 0.11955258593750002 0.08373331406250002
0 0.9369139891244386 0.6181924181606948 0.8778642515625 0.6119860406250002 0.8655331593130615 0.7293085459018054 0.9245828968750001 0.7355149234375001
0 0.20656152194316402 0.018250754038963153 0.19801484843749997 0.01735246250000002 0.18944024827506895 0.09893433748292782 0.197986921780733 0.09983262902189097
4 0.9247199656250003 0.04659904687500012 0.7794265311546716 0.0313280920132553 0.7645638906250001 0.17273667500000012 0.9098573250953288 0.18800762986174493
2 0.10646072187500003 0.04386518906250002 0.09558313754392585 0.04272190895707356 0.0909283546875 0.08700921250000002 0.10180593901857418 0.08815249260542647
0 0.017793171887003134 0.48388236707329846 0.007692557829572266 0.4828207498375689 0.001241192187500073 0.5442013984374999 0.011341806244930941 0.5452630156732294
4 0.1085046391078424 0.03936669331859608 0.0758718890625 0.035936853125000015 0.07023715151715759 0.08954780043140395 0.1028699015625 0.09297764062500002
1 0.9222048400766777 0.17516544541909448 0.8693708635312498 0.16961237025666348 0.8629194968750001 0.23099301875000008 0.915753473420428 0.23654609391243114
0 0.025516403142695154 0.7093623670191429 8.881784197001253e-17 0.706680484375 -0.0030215266926693516 0.7354283840509793 0.022494876450025715 0.7381102666951221
0 0.08953070269452611 0.04051466574398076 0.07943008864909831 0.03945304839404974 0.07428532812500002 0.08840217343750002 0.08438594217042783 0.08946379078743104
0 0.6923901192937837 0.7024693922446541 0.6380022021233559 0.6967529920822231 0.6335924078125001 0.7387093843750001 0.6879803249829279 0.744425784537431
0 0.9269553609915647 0.21965573229811025 0.9137468671875 0.2182674640625001 0.9107253421334353 0.24701536301438995 0.9239338359374999 0.24840363125000012
2 0.9957863234375001 0.5363981750000001 0.860593503125 0.5221888375000001 0.8103735280302093 0.9999999999900371 0.9455663483427094 1.0142093374900372
0 0.9891035954257296 0.16648572079769292 0.950255084375 0.1624025781250001 0.9459269530117705 0.20358200107730734 0.9847754640625002 0.20766514375000006
0 0.9200022875000002 0.21106940156250015 0.9083477344373257 0.20984445878200972 0.9058161859375 0.23393053593750013 0.9174707390001744 0.23515547871799058
0 0.7129654203125002 1.0000000000000002 9.992007221626409e-17 0.925064315625 -0.001959908643196695 0.9437116009767715 0.7110055116693033 1.0186472853517716
4 0.6980173390625001 1.0000000000000002 1.1102230246251565e-16 0.9266354218750001 -0.00244988597253335 0.9499445300476212 0.6955674530899666 1.0233091081726213