2 0.1140625 8.036744619404505e-18 0.0171875 2.1048616860345133e-18 0.017187500000000012 0.171875 0.1140625 0.171875
2 0.7734375 0.09375000000000008 0.6359375 0.09375000000000008 0.6359375 0.2671875000000001 0.7734375 0.2671875000000001
2 0.359375 0.24375 0.2828125 0.24375 0.2828125 0.3609375 0.359375 0.3609375
0 0.16250000000000003 1.0715659492539341e-17 0.0125 1.5308084989341916e-18 0.012500000000000016 0.2546875 0.16250000000000003 0.2546875
0 0.9671875 0.2765625000000001 0.825 0.2765625000000001 0.825 0.5187500000000002 0.9671875 0.5187500000000002
4 0.5109375 0.12656250000000005 0.35625 0.12656250000000005 0.35625 0.34843750000000007 0.5109375 0.34843750000000007
4 0.6109375 0.05312500000000007 0.4921875 0.05312500000000007 0.4921875 0.2328125000000001 0.6109375 0.2328125000000001
4 0.859375 0.012500000000000098 0.7296875 0.01250000000000009 0.7296875 0.16562500000000008 0.859375 0.16562500000000008
0 0.2625 1.6647542425909332e-17 0.009375 1.1481063742006436e-18 0.009375000000000019 0.315625 0.2625 0.315625
4 0.715625 0.029687500000000082 0.64375 0.02968750000000008 0.64375 0.12656250000000008 0.715625 0.12656250000000008
0 0.4640625000000001 0.4328125 0.17968750000000006 0.4328125 0.17968750000000008 0.9625 0.46406250000000016 0.9625
0 0.2984375000000001 0.7265625 0.1281250000000001 0.7265625 0.1281250000000001 0.9703125 0.2984375000000001 0.9703125
0 0.10000000000000012 0.73125 8.955229718765019e-17 0.73125 1.041906534587084e-16 0.9703125 0.10000000000000013 0.9703125
0 0.15781250000000008 0.3359375 4.11404784088564e-17 0.3359375 6.400693036168589e-17 0.709375 0.15781250000000008 0.709375
4 0.846875 0.03125000000000008 0.525 0.03125000000000007 0.5250000000000001 0.975 0.846875 0.975
0 0.3656250000000001 0.453125 0.2375000000000001 0.453125 0.2375000000000001 0.68125 0.3656250000000001 0.68125
0 0.4140625 0.5140625 0.34062500000000007 0.5140625 0.34062500000000007 0.6921875 0.4140625 0.6921875
2 0.9953125 0.5859375000000002 0.7859375 0.5859375000000002 0.7859375000000001 1 0.9953125 1
0 0.525 0.4171875 0.4453125 0.4171875 0.4453125 0.5453125 0.525 0.5453125
2 0.840625 0.2562500000000001 0.765625 0.2562500000000001 0.765625 0.4515625000000002 0.840625 0.4515625000000002
2 1 0.11250000000000011 0.8984375 0.11250000000000009 0.8984375 0.2218750000000001 1 0.2218750000000001
0 0.08281250000000002 0.1296875 0.015625000000000017 0.1296875 0.015625000000000024 0.259375 0.08281250000000002 0.259375
4 0.61875 0.3937500000000001 0.4953125 0.3937500000000001 0.4953125 0.515625 0.61875 0.515625
2 1 0.06406250000000012 0.9875 0.0640625000000001 0.9875 0.14218750000000013 1 0.14218750000000013
2 0.6765625000000001 0.6015625 0.48125 0.6015625 0.48125000000000007 1 0.6765625000000002 1
4 0.7046875 0.4296875 0.559375 0.4296875 0.559375 0.634375 0.7046875 0.634375
0 0.99375 0.6500000000000001 0.95 0.6500000000000001 0.95 0.7312500000000002 0.99375 0.7312500000000002
4 0.759375 0.2640625000000001 0.5609375 0.2640625000000001 0.5609375 0.4062500000000001 0.759375 0.40625000000000017
2 0.9171875 0.0640625000000001 0.88125 0.0640625000000001 0.88125 0.1250000000000001 0.9171875 0.12500000000000014
2 0.9328125 0.025000000000000105 0.8171875 0.0250000000000001 0.8171875 0.2062500000000001 0.9328125 0.2062500000000001
0 0.88125 0.2312500000000001 0.84375 0.2312500000000001 0.84375 0.2796875000000001 0.88125 0.2796875000000001
4 0.846875 0.10468750000000009 0.74375 0.10468750000000009 0.74375 0.3234375000000001 0.846875 0.3234375000000001
4 0.5484375 0.30312500000000003 0.3296875 0.303125 0.3296875 0.409375 0.5484375 0.409375
0 0.3078125000000001 0.4625 0.2453125000000001 0.4625 0.2453125000000001 0.5640625 0.3078125000000001 0.5640625
4 0.6625 0.1515625000000001 0.59375 0.1515625000000001 0.59375 0.3312500000000001 0.6625 0.3312500000000001
0 0.925 0.3156250000000001 0.8953125 0.3156250000000001 0.8953125 0.3578125000000001 0.925 0.3578125000000001
0 0.8953125 0.3593750000000001 0.8609375 0.3593750000000001 0.8609375 0.4234375000000002 0.8953125 0.4234375000000002
2 0.3859375 0.25781250000000006 0.334375 0.2578125 0.334375 0.3296875 0.3859375 0.3296875000000001
0 0.41875 0.490625 0.3671875000000001 0.490625 0.3671875000000001 0.559375 0.41875 0.559375
0 0.3984375000000001 0.4265625 0.3500000000000001 0.4265625 0.3500000000000001 0.4984375 0.3984375000000001 0.4984375
4 0.37968750000000007 0.3500000000000001 0.365625 0.3500000000000001 0.36562500000000003 0.4171875 0.37968750000000007 0.4171875
0 0.1828125000000001 0.88125 0.1437500000000001 0.88125 0.1437500000000001 0.95 0.18281250000000013 0.95
0 0.4609375 0.5015625 0.4296875 0.5015625 0.4296875 0.553125 0.4609375 0.553125
4 0.509375 0.004687500000000056 0.4125 0.00468750000000005 0.4125 0.10781250000000005 0.509375 0.10781250000000005
0 0.86875 0.44531250000000017 0.846875 0.44531250000000017 0.846875 0.4859375000000002 0.86875 0.4859375000000002
0 0.04843750000000002 0.153125 0.025000000000000022 0.153125 0.025000000000000022 0.19375 0.04843750000000002 0.19375
2 0.50625 0.4328125 0.4734375 0.4328125 0.4734375 0.490625 0.50625 0.490625
2 0.25 0.12031250000000004 0.228125 0.12031250000000004 0.228125 0.15781250000000005 0.25 0.15781250000000005
2 0.39375 4.649830815512606e-17 0.365625 4.4776148593825096e-17 0.365625 0.012500000000000048 0.39375 0.01250000000000005
0 0.06562500000000002 0.1578125 0.04531250000000002 0.1578125 0.04531250000000002 0.19375 0.06562500000000002 0.19375
2 0.2046875 0.06562500000000002 0.175 0.06562500000000002 0.175 0.11875000000000002 0.2046875 0.11875000000000005
0 0.928125 0.02343750000000011 0.884375 0.02343750000000011 0.884375 0.07343750000000011 0.928125 0.07343750000000011
0 0.628125 0.043750000000000074 0.5875 0.04375000000000007 0.5875 0.10156250000000008 0.628125 0.10156250000000008
0 0.3453125 0.08281250000000004 0.325 0.08281250000000004 0.325 0.10937500000000004 0.3453125 0.10937500000000004
2 0.190625 0.06250000000000003 0.1765625 0.06250000000000003 0.1765625 0.08593750000000003 0.190625 0.08593750000000003
4 0.9859375 0.02656250000000012 0.9609375 0.02656250000000012 0.9609375 0.14218750000000013 0.9859375 0.14218750000000013
2 0.6187500000000001 0.7046875 0.5921875 0.7046875 0.5921875000000001 0.75 0.6187500000000001 0.75