4 0.993999396875 0.372408709375 0.9733123030941012 -0.0223245562483807 0.5473343921566014 1.6193324459123914e-12 0.5680214859375 0.39473326562500005
4 0.31723467812500006 0.6848184859375002 0.2819079078125001 0.010743548437500004 -0.02080166937746291 0.026607885041445938 0.014525100935037125 0.700682822541446
4 1.0254827459276796 0.973146788692875 0.9871303031249999 0.24133858281249995 0.74683507025275 0.2539319222974033 0.7851875130554297 0.9857401281777782
4 0.5042988703125001 1.0000000000000002 0.49929379837595034 0.9044975582005627 0.3448182921875 0.912593278125 0.3498233641240497 1.0080957199244376
4 0.5112208312619461 0.8185993767904438 0.4688614156249999 0.010333596875000003 0.16849237498805386 0.02607527164705607 0.21085179062499998 0.8343410515624999
4 0.3458537493626943 0.8726405827640127 0.33436437187072027 0.6534101921058373 0.16428527812500002 0.662323659375 0.17577465561697408 0.8815540500331756
4 0.15923397653301471 0.849563379607158 0.14234745312072022 0.527349318668337 0.0011349953124999979 0.5347499499999999 0.01802151872479451 0.8569640109388208
4 0.3351124550088764 0.9811639655262703 0.33090104530822023 0.9008054952308369 0.2427407809243438 0.9054257797045666 0.24695219062499998 0.98578425
4 0.2367446953125 0.9999999999999998 0.2280157359375 0.8334415265624999 0.022048393839073414 0.8442358171479534 0.030777353214073398 1.0107942905854532
4 0.0773858921875 0.7208580921874999 0.06700047670313587 0.5226925436607424 0.0006852328082202319 0.5261679780433371 0.011070648292584362 0.7243335265700946
4 0.05092166528141341 0.8129943921236196 0.04675114374572024 0.7334161014808374 0.011643073437499995 0.7352560375000001 0.01581359497319317 0.8148343281427823
4 0.343186111030282 0.8665218109326375 0.33827961562500003 0.7729002906250001 0.27664544836011695 0.7761304000859427 0.28155194376539894 0.8697519203935802
0 0.25772442035232324 0.922633929685413 0.24746166718749998 0.72680891875 0.08518436711011693 0.7353135110234427 0.09544712027494018 0.9311385219588557
0 0.20701645468750002 1 0.2041749421875 0.9457807140625001 0.1480020312089713 0.9487246117171256 0.1508435437089713 1.0029438976546257
4 0.5206249490096684 0.9980406202825141 0.51833524999778 0.9543505780826408 0.450459647624745 0.9579077891050947 0.4527493466366333 1.0015978313049678
0 0.15616551562500006 1.0000000000000002 0.15174601250000003 0.9156708671875 0.04642180282229035 0.9211906758026766 0.050841305947290374 1.0055198086151766
4 0.70713201097795 0.9741844023343293 0.672786540625 0.31883376874999997 0.41454718433455007 0.33236751954067073 0.4488926546874999 0.9877181531250001
4 0.20596520000418153 0.6515337641422876 0.19234967336429842 0.3917340486032302 0.003546276485116906 0.4016288157109426 0.017161803125000007 0.6614285312500001
4 0.4194160250188693 0.9626640050475469 0.41659479062500004 0.9088316312499998 0.38382725935613077 0.910548904327453 0.38664849375 0.9643812781250001
0 0.03141063125 0.2914257296874999 0.017754217187500015 0.030845834375 -0.013656414034108805 0.03249199585423597 2.8391178297226816e-11 0.29307189116673593
0 0.10374993125000001 1 0.10184547024013776 0.9636607283067464 0.04567255813990691 0.9666046266272283 0.04757701914976916 1.002943898320482
2 0.5616230515885376 0.9145304989343279 0.5418335187500001 0.5369237046875 0.4287075171614624 0.5428523870031722 0.44849705 0.92045918125
0 0.08340955624999999 0.9999999999999998 0.0781262609375 0.8991887390624997 0.02039299060529829 0.9022144121240689 0.025676285917798285 1.003025673061569
4 0.9554257609653151 0.8156599583432452 0.9491699780711522 0.696292520847525 0.8953376046058372 0.6991137562542796 0.9015933875 0.81848119375
0 1.0081366058654906 0.9646679957324806 0.9999999999392338 0.8094123097780137 0.8467763968750001 0.8174424187499998 0.8549130028012568 0.9726981047044667
4 0.4135495015625 1 0.4109191453045263 0.9498098295353528 0.3563065913360334 0.9526719531696235 0.35893694759400707 1.0028621236342707
0 0.0933342421875 0.8311120187500001 0.09157608122360308 0.7975643073088167 0.06973106093749999 0.7987091562499999 0.07148922190139692 0.8322568676911833
4 0.615643275 0.9899316328125002 0.606402707779375 0.8136111056179363 0.479233478125 0.8202757625 0.488474045345625 0.9965962896945639
4 0.3718383562908315 0.9057009617166102 0.36979398277166864 0.8666919945333902 0.35028949991833713 0.86771418125428 0.3523338734375 0.9067231484375
0 0.2891602796875 1 0.288179031181836 0.9812766752618536 0.26087275468750004 0.9827077375000002 0.2618540031931641 1.0014310622381466
4 0.8922422656789599 0.9535306744671175 0.8844736468472971 0.8052966025963972 0.7479422655433372 0.8124519093792797 0.755710884375 0.9606859812499999
0 0.0432568812993769 0.9354383415671672 0.041580495280214035 0.903450988446447 0.022076012418337138 0.9044731750042798 0.023752398437500006 0.936460528125
0 0.1658732546875 0.7224792421874999 0.16513727964666844 0.7084360140646397 0.15577512808416843 0.7089266640646399 0.156511103125 0.7229698921875
4 1.0045385079206681 0.7990042703566009 1 0.712404365625 0.930646795204332 0.716039012455899 0.9351853031250001 0.8026389171874999
4 0.5022609187554282 0.8566204079160779 0.490158228125 0.6256873281249999 0.37079079061957165 0.6319431108339222 0.38289348124999995 0.862876190625
0 0.8808247109374999 0.7804535265625 0.8778399263710117 0.7235004358656483 0.8169859374999999 0.7266896578125 0.819970722066488 0.7836427485093517
0 0.09324152187500001 0.142673390625 0.09205578593750001 0.1200481890625 0.07801255776063211 0.12078416307280115 0.07919829369813211 0.14340936463530113
4 0.8082657937500001 0.9782720703125001 0.7999247501311907 0.8191154874931247 0.6438888845061908 0.8272929812431247 0.652229928125 0.9864495640625002