4 1.036619218251992 0.30814620179264923 0.7495722948622392 0.26268243586618584 0.7001976671875001 0.5744215687500001 0.987244590577253 0.6198853346764636
4 0.9053889954089902 0.05797474626578347 0.6754428031249999 0.021554846875000068 0.6319344669460805 0.296255667149263 0.8618806592300705 0.3326755665400464
4 0.7100273649133585 0.2326894831947385 0.47699464531249997 0.19578072500000004 0.4403303162984044 0.4272701795466811 0.6733630358992629 0.4641789377414196
4 0.3473223678451054 0.4251949829166545 0.11891943906250006 0.38901951250000005 0.08934354777989471 0.5757543389583456 0.31774647656250005 0.6119298093750001
4 0.5179581782385199 0.14689952428326342 0.2525169374999999 0.1048577625 0.20607545613648007 0.3980777397792366 0.47151669687500003 0.4401195015625
0 0.12048652656380487 0.169372945304262 0.04795316406250002 0.1578847890625 0.010311120311195198 0.395547295320738 0.08284448281250005 0.4070354515625
0 0.638404490651923 0.015688554517515295 0.49951081714331824 -0.006310041977825387 0.4694460686788953 0.18351131131715936 0.6083397421875001 0.20550990781250006
4 0.5659478187610291 0.01370440618036577 0.35143425598364036 -0.020271204875498938 0.29228247294542864 0.3531984496745879 0.5067960357228174 0.38717406073045263
4 0.08547576406250006 0.5102806953125001 0.008312612547173337 0.49805925227496806 -0.008797407790991118 0.6060876649370068 0.0683657437243356 0.6183091079745389
4 1.0102660096464768 0.18057807585025304 0.9723484642555222 0.17457252790809621 0.9620824546090452 0.23938957549534323 0.9999999999999998 0.24539512343750008
2 0.9824229156937216 0.34069374644111017 0.928408709375 0.33213873593750015 0.9176538389937784 0.4000423098088901 0.9716680453125001 0.4085973203125001
2 0.5176132374877034 0.35882977837052815 0.47903166093749994 0.35271905625 0.47243208122405933 0.39438715780839145 0.5110136577742629 0.4004978799289196
2 0.9394129015765789 0.4224723280361107 0.9085476406249999 0.41758375156250016 0.9019480624859213 0.45925185321388967 0.9328133234375002 0.46414042968750013
4 0.34585579541186584 0.4344545603101301 0.27486569531250005 0.42321083281250005 0.25555581552563433 0.5451286131273702 0.3265459156250001 0.5563723406250002
2 0.9165850750000001 0.4267666390625002 0.8826332891141331 0.4213892043615033 0.8753004234375001 0.4676870953125002 0.9092522093233673 0.4730645300134972
4 0.12190512788432546 0.09049879239685663 0.09566965604756257 0.08634350153043707 0.08955893437500002 0.12492507656250003 0.11579440621176292 0.12908036742891957
4 0.9871388593750001 0.16109532812500016 0.951643809375 0.15547346406250012 0.9430887988771198 0.20948767038212912 0.9785838488771199 0.21510953444462916
2 0.12041895937500002 1.6653345369377347e-17 0.09572674994990368 -0.0039108606212041016 0.09155744213740366 0.022413120628795906 0.11624965156250003 0.026323981250000024
4 1.0112942385342079 0.0984781406656535 0.9649963463659172 0.09114527491936932 0.952530475 0.1698516890625001 0.9988283671682906 0.17718455480878428
0 1.0190654476827161 0.24683281667120077 0.973129720893969 0.23955731341216877 0.9540642732112529 0.35993183111596816 1 0.36720733437500014
4 0.46221861105213824 0.1792026399012029 0.36653630312499996 0.16404805156250005 0.3416045608228617 0.3214608819737972 0.43728686874999995 0.3366154703125
4 1.0017110020439746 0.07323065396278547 0.9671195165037936 0.06775189989171161 0.9654085140625 0.07855474218750011 0.9999999996026808 0.08403349625857395
2 0.14599393023098226 0.847335020398579 8.881784197001253e-17 0.824211853125 -0.015887875543482123 0.924523949913921 0.13010605468750006 0.9476471171874999
2 0.29191860344642 0.9448001250509078 0.2610533421875001 0.9399115484374999 0.2566536231160802 0.9676902843240921 0.2875188843750001 0.9725788609375
2 0.11720876226893531 0.9092189220858786 0.04158887324467238 0.8972419077819591 0.03596700937500012 0.9327369578125001 0.11158689839926306 0.9447139721164197
0 0.2817805890625 3.3306690738754695e-17 0.2154202779413727 -0.010510439465622884 0.20803545606637272 0.03611549647187711 0.27439576718750003 0.04662593593750003
4 0.9410475390625 0.9115620468750001 0.8407354404371228 0.8956741718452431 0.8242118531250002 1 0.9245239517503775 1.015887875029757
2 0.21375558906249997 2.7755575615628914e-17 0.15202506701909907 -0.009777153624258322 0.1460605060815991 0.02788160418824167 0.207791028125 0.03765875781250002
4 0.3139792062500001 0.3360691765625 0.24761889531250003 0.32555873593750007 0.21633200267008262 0.523096403300424 0.2826923136075826 0.5336068439254239
4 0.9681791406948715 0.7402598511213492 0.47279170781250013 0.6617981890625001 0.4221949349393602 0.9812536373419102 0.9175823678217316 1.0597152994007593
2 0.3195243796875001 0.2910701187500001 0.28711585611593127 0.2859371133464775 0.2817384217409313 0.3198889008464775 0.3141469453125001 0.3250219062500001
2 0.1463819500000001 0.5452389156249999 0.11551668923763767 0.5403503379567249 0.10647282048763766 0.5974510707692249 0.13733808125000008 0.6023396484374999
2 0.23191344223023602 0.8941648466051758 0.16400986875000015 0.8834099765625 0.1561881451093177 0.9327943934703435 0.2240917185895536 0.9435492635130194
2 0.1014352390625 1.3877787807814457e-17 0.07365650287628119 -0.004399718742150789 0.06995175912628118 0.01899111719534921 0.0977304953125 0.023390835937500014
2 0.1699384930816687 0.8859309548291223 0.12672712749490583 0.8790869467752028 0.12012754843750009 0.9207550484375002 0.16333891402426298 0.9275990564914197
4 0.09547352361574277 0.66689790668712 0.018310371805881086 0.6546764640515526 -0.016887383059861573 0.8769063417394325 0.06027576875000011 0.8891277843750001
0 0.13850246562500002 0.2054479015625 0.10763720449400302 0.20055932465919196 0.09272704511900302 0.29469836997169196 0.12359230625000002 0.299586946875
4 0.6947053595216733 0.848815627198942 0.5527251606855186 0.82632817339759 0.5258379875 0.9960871078125001 0.6678181863361548 1.0185745616138522
4 0.25939488281250017 0.6707128250000001 0.12821752489659627 0.6499363725278664 0.09253091239659623 0.8752527756528663 0.22370827031250012 0.896029228125
4 0.8042003453125004 0.8566660687500003 0.6853690912484357 0.8378450474285831 0.6596862703125002 1 0.7785175243765646 1.0188210213214173
0 0.4986195813294735 0.32892787293572456 0.3967642218750001 0.31279556875000003 0.37525448273302664 0.44860271612677555 0.4771098421875 0.4647350203125001
2 0.04362099375212438 0.8943998109240878 6.661338147750939e-17 0.8874909234375001 -0.006110721932649143 0.9260724988014827 0.03751027181947517 0.9329813862880704
0 0.7290885687500002 0.9713276734375003 0.6766176250000001 0.9630170921875001 0.6707601077125307 0.9999999999841667 0.7232310514625307 1.0083105812341668
4 0.8275937203125 0.8587892390625003 0.7303681473954777 0.8433902217099598 0.7174134187500001 0.9251831625000001 0.8146389916670224 0.9405821798525406
2 0.5036954750012497 0.9261370546796108 0.4743734781250001 0.9214929062500001 0.4692404718737505 0.9539014296953893 0.49856246875000004 0.958545578125
2 0.6727211221037488 0.9576540157432376 0.6449423875 0.9532542968750001 0.6400538107087513 0.9841195592567624 0.6678325453125001 0.988519278125
2 0.8123480815744084 0.9750228229517652 0.7783962953125002 0.9696453890624998 0.7735885979536771 0.9999999999233701 0.8075403842155854 1.0053774338126353
4 0.9140500625000001 0.9721471140625002 0.8677521710019406 0.964814248299221 0.8621792953125003 1 0.9084771868105598 1.0073328657632792
2 0.44378136406250024 0.854950496875 0.4144593671852183 0.8503063484519064 0.40883750312271827 0.8858013984519065 0.4381595000000001 0.8904455468750001
0 0.7324962129347841 0.9797772750688629 0.7078040042607403 0.9758664139949076 0.7039816203125 1 0.7286738289865438 1.0039108610739553
2 0.4516367001790541 0.9052359394944979 0.4269444909046567 0.9013250779218176 0.4215670562500001 0.9352768656249999 0.44625926552439754 0.9391877271976803
0 0.9630461357358076 0.7726683752155308 0.9368106638990449 0.7685130843491113 0.9245892203125001 0.8456762359375001 0.9508246921492628 0.8498315268039196
2 0.8027050546875001 0.9260362156250002 0.7718397933485799 0.9211476389989214 0.7659735015242631 0.9581859518039195 0.7968387628631834 0.9630745284299984
2 0.6540006140625001 0.86609828125 0.6277651421875002 0.861942990625 0.6226321362162333 0.894351514106647 0.6488676080912331 0.8985068047316471
2 0.640173578125 0.9034577125000002 0.6170246328469885 0.8997912794697482 0.6118916265625 0.9321998031250001 0.6350405718405115 0.935866236155252
0 0.8032082720436942 0.8928944065241943 0.7816025890625001 0.8894724015625 0.7772028685430692 0.9172511359047254 0.7988085515242631 0.9206731408664197
2 0.7388513625718132 0.9396524354840906 0.7079861015625001 0.9347638593750002 0.7023642389906871 0.9702589098284097 0.7332295000000001 0.9751474859375001
4 0.6903389283590469 0.46686765320978596 0.6193488284046567 0.4556239263593177 0.6017499515625 0.5667388656250001 0.6727400515168902 0.5779825924754683
0 0.2272692953125001 0.9234868437499999 0.1809714031250001 0.9161539781249999 0.1753495395735853 0.9516490282059481 0.2216474317610853 0.9589818938309481
0 0.3389781750000001 0.3779960656250001 0.3019398609375 0.3721297734375001 0.2931404229992608 0.42768724236556555 0.3301787370617608 0.4335535345530655
2 0.8516629437500001 0.97650375625 0.8207976828125002 0.9716151796875 0.8166423927407523 0.9978506514441106 0.8475076536782522 1.0027392280066105