2 0.7603572265912348 0.8817712289478568 0.7376998187242375 0.23294796488725997 0.45662114838300266 0.2427634484394031 0.4792785562499999 0.8915867124999999
4 0.3405981656270287 0.5915563172455955 0.32017650781250007 0.006756528124999999 -0.017117895557759687 0.018535107762898285 0.0033037622567690023 0.6033348968834938
4 0.5407440753582924 0.9504149327999881 0.5333551968749999 0.73882515625 0.3209846449542076 0.7462413000125119 0.3283735234375 0.9578310765625
0 0.9071079922146419 0.42793573671473845 0.9006188671601446 0.24211150390414143 0.8061452030705027 0.24541059687690306 0.8126343281249999 0.43123482968750004
0 0.9993682312500001 0.47318096250000014 0.9827472709631607 -0.0027810536744089787 0.9031083131728369 8.56314241737266e-11 0.9197292734596763 0.47596201626004053
4 0.6824582036450645 0.307577581231839 0.67400598125 0.065537615625 0.3000151947924356 0.07859766251816097 0.30846741718750004 0.32063762812499996
0 0.2657445453125 1 0.254480034375 0.67742660625 0.006193876555135838 0.6860969497891181 0.017458387492635848 1.008670343539118
0 0.9948818734374999 0.43425131875 0.9797769343643479 0.0017024762574632036 0.7065060046875 0.011245307812499999 0.721610943760652 0.44379415030503677
4 0.858665370334427 0.9658915678154012 0.8447601015625003 0.567696784375 0.7221785702905732 0.571977425934599 0.7360838390625 0.9701722093750001
0 0.9342839328125001 0.7584386437499999 0.928885417187397 0.6038453749970472 0.8484656859374999 0.6066536937499999 0.853864201562603 0.7612469625029525
0 0.9969688906249999 0.40447284375 0.991488578081286 0.24753725187319503 0.9469844546894031 0.2490913703669972 0.952464767233117 0.4060269622438021
4 0.5727384640991617 0.9711859984362198 0.568730475 0.8564122078124997 0.4477104921508383 0.86063831875128 0.45171848125 0.9754121093750001
4 0.9921603906250003 0.9831181531250002 0.9864346924887201 0.8191555953019811 0.7522024671875001 0.8273351640625 0.7579281653237799 0.991297721885519
4 0.4110364000014071 0.7282438250402941 0.40182075156249997 0.4643421843750001 0.2651852874985929 0.46911359995970614 0.2744009359375 0.7330152406250001
4 0.35915829322692516 0.6753346140262027 0.35086966249999996 0.43797929218750004 0.00889061302307478 0.4499214640987975 0.01717924375 0.6872767859375001
4 0.4502319312500001 1.0000000000000002 0.44536817031250003 0.8607201140624999 0.35792147343003433 0.8637738200987124 0.36278523436753435 1.0030537060362126
4 0.27054164531249997 0.465799646875 0.2646796203044154 0.29793321851848553 0.19675227499999998 0.30030529375000004 0.2026143000080846 0.46817172210651437
0 1.003544479263002 0.973339897525857 1 0.8718392656249998 0.9609616359153164 0.8732025149897412 0.9645061151783183 0.9747031468905984
4 0.305788028125 0.5349241750000001 0.2972267453079621 0.28976111237005264 0.0832946453125 0.29723178593749994 0.09185592812953784 0.5423948485674475
4 0.25636383124999995 1.0000000000000002 0.25258142030403025 0.8916858888199591 0.15576543281249997 0.8950667765625002 0.1595478437584697 1.0033808877425412
4 0.08907442343750001 1 0.08514131717469173 0.8873705840082197 0.014090875997908292 0.8898517203322159 0.018023982260716553 1.0024811363239963
4 0.8253473234375001 0.5042731453125 0.820275990613055 0.35904916528294184 0.7375139374999999 0.3619392796875 0.742585270324445 0.5071632597170582
0 0.8211782640635248 0.6982868312793448 0.819760471875 0.6576865781250001 0.7947757015614753 0.6585590655956552 0.7961934937499999 0.69915931875
0 0.33922680937500005 1.0000000000000002 0.33637955156250005 0.9184651890625002 0.27782149530618927 0.9205100810692823 0.2806687531186892 1.0020448920067824
0 0.987426059393578 0.1312019145945058 0.9845086796515808 0.04765908647140895 0.9524969421330025 0.04877696093940309 0.9554143218749998 0.13231978906249994
0 0.22990178906637712 0.8690260922985266 0.2267117561993799 0.7776755235504296 0.16659215150800274 0.7797749468769031 0.169782184375 0.871125515625
0 0.9225153031250001 0.6900577062500001 0.9210702452892094 0.6486766790205424 0.8906200562500002 0.6497400234375001 0.8920651140857908 0.6911210506669578
0 0.9386017234519175 0.6582269082253565 0.9372929921875002 0.6207497515625 0.917773640610583 0.6214313823996436 0.9190823718750002 0.6589085390625
4 0.5345722484760373 0.9975340307910647 0.5321729077984432 0.9288259105349649 0.4829841390099058 0.9305436203689001 0.48538347968749995 0.999251740625
0 0.8141983641085748 0.4984086669444084 0.8130804906250001 0.466396928125 0.7990265562058284 0.4668877018600888 0.800144429689403 0.4988994406794972
0 0.8874920187753454 0.7616361054133012 0.8852017390333483 0.6960510819777042 0.8524092265080029 0.697196221876903 0.85469950625 0.7627812453124999
4 0.7051974062722381 0.9587431678243179 0.6985719546552408 0.769015064701221 0.5666211343205027 0.7736228890644031 0.5732465859375 0.9633509921875
0 1.0013632629660951 0.9687257093857793 0.9999999999999998 0.9296870046875 0.9824986135964044 0.9302981671767206 0.9838618765624998 0.969336871875
0 0.5771851516217625 0.9194367876345575 0.5737769984375001 0.8218400265624999 0.49726113749713774 0.8245120186680366 0.5006692906814003 0.9221087797400942
0 0.7514836203507419 0.5381215714076081 0.7419680546693416 0.2656314151050139 0.6748214828124999 0.26797622500000007 0.6843370484939002 0.5404663813025943
2 0.74543578125 0.9917339656250002 0.742763787419068 0.91521810393241 0.6709325718205028 0.9177265062519032 0.6736045656514349 0.9942423679444934
0 0.6892199812500001 0.5012095546875 0.6837124030838226 0.3434931894458333 0.604073445314403 0.34627424380449734 0.6095810234805804 0.5039906090461639
0 0.6267581203125 0.9958782812500002 0.6228864578125 0.8850083609375 0.5807246562134615 0.886480683328671 0.5845963187134615 0.9973506036411713