4 0.33573939531249997 1 0.27812489528257944 0.45183465909032483 -0.004692268782103192 0.48155994139370134 0.05292223124781732 1.0297252823033765
0 0.46771235625 1.0000000000000002 0.42719336398433566 0.6144875398813165 0.23761262784059056 0.6344132781548927 0.2781316201062549 1.0199257382735765
4 0.22482675 0.2885425515625 0.1975513556877071 0.029034493644874003 -0.027275394312292867 0.05266473583237404 5.551115123125783e-18 0.31217279375000007
4 0.803330965625 0.5608139249999999 0.7869983920829428 0.40541987813598945 0.6945389342704428 0.41513775938598946 0.7108715078125 0.57053180625
4 0.7740815843750001 0.37221314375 0.7582389889899767 0.221480918059986 0.646355275 0.23324037031250003 0.6621978703850233 0.383972596002514
4 0.26461767854660856 0.5325952124556872 0.2451002546875 0.3468993265625 0.10369167172964115 0.36176196736700317 0.12320909558874973 0.5474578532601904
4 0.651544161046116 0.5217786275959109 0.6352932515086849 0.36716155105048304 0.3889936889000689 0.3930486781420722 0.4052445984375 0.5476657546875001
2 1.016860034561875 0.6342086241666127 0.9913812217733341 0.3917939115327143 0.9525327093749999 0.3958770546875001 0.9780115221635409 0.6382917673213985
4 0.2681818078125 1 0.22592310781250005 0.5979353359374999 0.009925383551626199 0.6206376120788424 0.05218408355162616 1.0227022761413427
4 0.1816613875 0.6999960453124999 0.15650922497378855 0.46068921381311423 -0.005100582740781523 0.47767508974485534 0.02005157978542995 0.7169819212442411
4 0.6682404718749999 0.9646469671875 0.634432046875 0.6429812906249999 0.5427495594336044 0.6526175083700834 0.5765579844336044 0.9742831849325835
4 0.28929908125 0.12465556718750001 0.27835625774410877 0.020541555599300904 0.23329198437499996 0.025278001562500013 0.2442348078808912 0.12939201315069912
4 0.7815293267480267 0.33843711404300036 0.7662583718579279 0.19314368108756896 0.537052153125 0.21723422499999998 0.5523231080150988 0.3625276579554314
4 0.96614929375 0.6599629250000001 0.9561864253632273 0.565172556047598 0.8435257404454968 0.5770136701671413 0.8534886088322695 0.6718040391195435
4 0.28591102031250004 0.34653770937500006 0.2788880140547466 0.27971827023873086 0.22527706875 0.28535300781249995 0.23230007500775346 0.35217244694876915
4 0.6503215640625 0.4951983140625 0.6444418390397098 0.439256457595666 0.5986005953125 0.444074565625 0.6044803203352902 0.500016422091834
4 0.9382299781327493 0.33453606569873184 0.9236939890531775 0.1962353639738008 0.78850116875 0.2104447015625 0.803037157829572 0.34874540328743103
4 0.20414962343749998 0.19644940312499998 0.18732707335193474 0.03639353512340117 0.09564458593749998 0.046029753125 0.11246713602306521 0.2060856211265988
4 0.6262887719171492 0.9392052410260217 0.619510754567218 0.8747167113555939 0.5697846592125689 0.8799431343920722 0.5765626765625 0.9444316640625001
4 0.5005176798577109 0.8487312750569478 0.4746305531157076 0.6024317108490889 0.366631690625 0.6137828484375001 0.3925188173670032 0.860082412645359
4 0.34448485781249993 0.24611495000000003 0.33550194278385803 0.16064822493732028 0.242265514658858 0.1704477686873203 0.25124842968749994 0.2559144937500001
4 0.7588266015625 0.6456179640625 0.7466588351967433 0.5298493983511313 0.6021423711342433 0.5450386905386313 0.6143101375000001 0.6608072562500001
4 0.632686628125 0.8206997984375001 0.5887520077678018 0.40268981363722506 0.5374719734374999 0.4080795625000001 0.5814065937946981 0.8260895473002752
1 0.78502865 0.9696542078125001 0.7775156669362387 0.8981729467371832 0.7270126013112388 0.903481032674683 0.734525584375 0.97496229375
4 0.8413112343750001 0.8773278031249999 0.8304500746058097 0.7739907608147056 0.6867105808558096 0.7890983889397057 0.6975717406250002 0.89243543125
1 0.513700592207076 0.7499370798737524 0.5001445578125 0.620960021875 0.43954087966792416 0.6273297248137476 0.4530969140625 0.7563067828125
4 0.7875024468749999 0.3205271406250001 0.7754163421822132 0.2055355452622008 0.712481753304503 0.21215023764535879 0.7245678579972898 0.3271418330081581
2 1.0059613910628862 0.5787942760674747 0.9999999999703959 0.5220754497183353 0.9723861682825099 0.5249777814633607 0.9783475593750002 0.5816966078125001
1 0.9421399625 0.9547122500000003 0.93487196712268 0.8855618993832793 0.8975773953124999 0.8894817171874999 0.90484539068982 0.9586320678042208
1 0.8938044812500001 0.9582214078125002 0.8867814750000003 0.8914019671875 0.8456020530063219 0.895730098870853 0.8526250592563217 0.9625495394958531
4 1.0118411150189432 0.8578332830273231 1.0000000000000002 0.7451726 0.8852486499842896 0.7572334529755272 0.8970897650032328 0.8698941360028505
1 0.6002129624999999 0.332356525 0.5954765172042602 0.2872922513965131 0.5713904390454279 0.28982379983756895 0.5761268843411677 0.33488807344105587
4 0.43152429229794187 0.1175626291757835 0.41976484057301083 0.005678915130355705 0.35449934046256903 0.012538595329572189 0.3662587921875 0.12442230937499998
1 0.3445876359375001 0.11256007968749997 0.3375646296875 0.0457406390625 0.2948312657629625 0.05023209662512538 0.30185427201296255 0.11705153725012536
1 0.8330374781250001 0.9630371703124998 0.8260144718750002 0.8962177296875 0.7980435436424499 0.8991575927267306 0.8050665498924499 0.9659770333517305
2 0.5270839173163546 0.9370632387259701 0.5181826655743514 0.8523734823306113 0.4801111234375 0.8563749625 0.48901237517950313 0.9410647188953588
1 0.9994724328236815 0.9471152579188843 0.9920411124999999 0.8764109671875 0.9485307796763184 0.8809840873936157 0.9559621 0.951688378125
1 0.21741654375000002 0.08350641875 0.21161848124338403 0.02834153274955371 0.18053967187499995 0.031608046875000004 0.18633773438161588 0.0867729328754463
1 0.7023525374999999 0.9154995499999998 0.695247868722303 0.8479031403614815 0.661061178125 0.8514963062500002 0.6681658469026969 0.9190927158885185
1 0.7879314250471454 0.7132587238860586 0.7820516984375 0.6573168671875 0.7501959187028546 0.6606650448639415 0.7560756453125 0.7166069015625001
2 0.7028847453125 0.6514976890625 0.697658321823204 0.6017715948196936 0.65725586875 0.6060180640625001 0.662482292239296 0.6557441583053065
1 0.8425385234375 0.8740565953124999 0.8338005968535924 0.7909207810463201 0.8034987578124999 0.7941056328125 0.8122366843964075 0.8772414470786799
2 0.800377025172758 0.6223975577943424 0.7949056140625002 0.5703405515625001 0.7327479951397421 0.5768735797056577 0.73821940625 0.6289305859375001
4 0.80833775625 0.9672043218749999 0.8013147499767399 0.9003848825911929 0.7741207921875001 0.9032430828125001 0.7811437984607604 0.9700625220963073
4 0.562003226641194 0.9553885648112225 0.5521220203125001 0.861375165625 0.5132735092963061 0.8654583086262777 0.5231547156250002 0.9594717078125001
1 0.48663030156250003 0.7464978546875001 0.481893854615855 0.7014335805683437 0.45780777812499995 0.7039651296875001 0.462544225071645 0.7490294038066565
1 0.7969842719472009 0.8741312209994465 0.7885729984375 0.7941032859375001 0.7621560093198713 0.7968798229129846 0.7705672828295722 0.8769077579749309
1 0.5578266906427182 0.9903918829810777 0.552028628125 0.9352269968750001 0.5147340562322817 0.9391468138939226 0.5205321187499999 0.9943117000000001
2 0.9323690218750003 0.15918812812500005 0.9194662903234574 0.03642683111746807 0.7803886171875001 0.05104448281249999 0.7932913487390427 0.17380577982003195
2 0.6639986953390693 0.8943929940027905 0.6586089468749999 0.8431129593750001 0.6251992265359305 0.8466244622472094 0.630588975 0.897904496875
2 0.6898749933205588 0.16896420925591077 0.6808920781250001 0.08349748437500001 0.47188708480444125 0.10546479543158929 0.48087 0.19093152031250002
1 0.8432481323294357 0.5220541155115466 0.8401449437329276 0.4925292467125689 0.8059582531249998 0.49612241249999994 0.8090614417215078 0.5256472812989776
0 0.3320247312499999 0.9497092515624999 0.32549170270107275 0.887551632692831 0.2881971308260728 0.8914714498803308 0.29473015937499997 0.9536290687499998
0 0.434332775 0.9813761234375002 0.4286980375000001 0.9277651765625002 0.39606528745465763 0.9311950167560962 0.4017000249546577 0.9848059636310962
0 0.35983233294117 0.945215448099213 0.35370761875 0.8869426796875001 0.32185183895090225 0.8902908567507183 0.32797655314207225 0.9485636251624312
2 0.9436009593750001 0.50522218125 0.9353530102774925 0.4267481874051442 0.8382317305899925 0.4369560452176442 0.8464796796874999 0.5154300390625
0 0.7711792578125001 0.10543005312500005 0.7573600996374517 -0.026050453086894597 0.5095065965124517 3.810537441140127e-11 0.5233257546875001 0.13148050625000002
1 0.8582271770109454 0.9635318390153668 0.8506325312329277 0.8912736076500692 0.8234385718749998 0.8941318078125002 0.8310332176530174 0.9663900391777978
1 0.9283417344232904 0.2852999473344527 0.9230336483233594 0.2347968817265249 0.887293017025069 0.23855337345457223 0.8926011031249999 0.2890564390625
0 0.4406372375334289 0.9367225096930548 0.43434919687500007 0.8768958015625001 0.3986085655915712 0.8806522934319456 0.40489660625000007 0.9404790015625004
2 0.6693044359375001 0.9598218203125001 0.6650579671875001 0.9194193671875002 0.5951306452658234 0.9267690245559003 0.5993771140158234 0.9671714776809001
1 0.20567541103578574 0.3753951993726262 0.1872196046875 0.1997999265625 0.15225594365171427 0.20347475531487375 0.17071174999999997 0.37907002812499996
0 0.4012987485022979 0.9361438318665103 0.39664396562499993 0.891856528125 0.36401121556020205 0.8952863681334895 0.3686659984374999 0.9395736718749997
0 0.39754695 0.8705516812499999 0.39191221249999997 0.816940734375 0.3577255217440415 0.8205339003165129 0.3633602592440415 0.8741448471915128
2 0.118841531262823 0.23683777824700275 0.11034859374999997 0.15603287500000002 0.09714009998717696 0.15742114362799725 0.1056330375 0.238226046875