0 0.946875 0.4812500000000002 0.809375 0.4812500000000002 0.809375 0.7093750000000002 0.946875 0.7093750000000002
2 0.784375 0.03593750000000009 0.6671875 0.03593750000000008 0.6671875 0.1437500000000001 0.784375 0.1437500000000001
2 0.678125 0.1390625000000001 0.5796875 0.1390625000000001 0.5796875 0.2453125000000001 0.678125 0.2453125000000001
4 0.5453125 3.5112919944303015e-17 0.028125 3.444319122601931e-18 0.028125000000000018 0.29218750000000004 0.5453125 0.2921875000000001
0 0.565625 6.190206867565137e-17 0.4453125 5.4535052774530576e-17 0.4453125 0.11875000000000006 0.565625 0.11875000000000009
1 0.28437500000000004 0.3484375 0.14531250000000004 0.3484375 0.14531250000000004 0.534375 0.2843750000000001 0.534375
4 1 0.4203125000000001 0.403125 0.4203125 0.40312500000000007 1 1 1
4 0.3390625000000001 0.603125 0.06875000000000006 0.603125 0.06875000000000009 0.9796875 0.3390625000000001 0.9796875
4 0.13281250000000008 0.3703125 4.5350201780925416e-17 0.3703125 8.084582384996199e-17 0.95 0.13281250000000014 0.95
4 0.240625 1.731727114419304e-17 0.0421875 5.1664786839028965e-18 0.04218750000000001 0.14687500000000003 0.240625 0.14687500000000003
4 0.975 0.12031250000000011 0.7609375 0.12031250000000009 0.7609375 0.5125000000000002 0.975 0.5125000000000002
2 1 0.12968750000000012 0.9140625 0.12968750000000012 0.9140625 0.7218750000000002 1 0.7218750000000002
4 0.5531250000000001 0.4328125 0.2500000000000001 0.4328125 0.2500000000000001 0.9828125 0.5531250000000002 0.9828125
4 0.54375 0.446875 0.4015625 0.446875 0.4015625 0.6625 0.54375 0.6625
4 0.13593750000000004 0.24375 0.01718750000000003 0.24375 0.01718750000000004 0.4296875 0.13593750000000004 0.4296875
2 0.89375 0.0234375000000001 0.715625 0.02343750000000009 0.715625 0.0953125000000001 0.89375 0.0953125000000001
2 0.7734375 0.2453125000000001 0.715625 0.2453125000000001 0.715625 0.3140625000000001 0.7734375 0.3140625000000001
4 0.18750000000000006 0.4109375 0.08750000000000005 0.4109375 0.08750000000000005 0.5703125 0.18750000000000008 0.5703125
2 0.7984375 0.0828125000000001 0.6671875 0.0828125000000001 0.6671875 0.2140625000000001 0.7984375 0.2140625000000001
0 0.346875 3.654805291205382e-17 0.25 3.061616997868383e-17 0.25 0.11406250000000004 0.346875 0.11406250000000004
0 0.153125 0.039062500000000014 0.040625 0.0390625 0.04062500000000001 0.2 0.15312500000000004 0.2
2 0.1703125000000001 0.6359375 0.1281250000000001 0.6359375 0.1281250000000001 0.7046875 0.1703125000000001 0.7046875
2 0.1828125000000001 0.684375 0.1437500000000001 0.684375 0.1437500000000001 0.7515625 0.1828125000000001 0.7515625
0 0.3046875 3.3773462507735604e-17 0.246875 3.023346785395028e-17 0.246875 0.039062500000000035 0.3046875 0.039062500000000035
2 0.8484375 0.10781250000000009 0.778125 0.10781250000000009 0.778125 0.14843750000000008 0.8484375 0.14843750000000008
1 0.484375 0.23281250000000003 0.16875000000000004 0.2328125 0.16875000000000004 0.515625 0.484375 0.515625
2 0.1046875 0.0765625 0.065625 0.0765625 0.06562500000000002 0.134375 0.1046875 0.134375
0 0.6390625 0.04843750000000008 0.6234375 0.04843750000000008 0.6234375 0.07187500000000008 0.6390625 0.07187500000000009
2 1 0.18437500000000012 0.971875 0.18437500000000012 0.971875 0.3156250000000001 1 0.3156250000000001
2 0.61875 0.007812500000000073 0.571875 0.00781250000000007 0.571875 0.06250000000000007 0.61875 0.06250000000000007
0 0.43125 0.059375000000000046 0.378125 0.059375000000000046 0.378125 0.11718750000000004 0.43125 0.11718750000000004
0 0.07031250000000003 0.0921875 0.046875000000000014 0.0921875 0.046875000000000014 0.1359375 0.07031250000000003 0.1359375
0 0.146875 1.5977813707625624e-17 0.1140625 1.3968627552774498e-17 0.1140625 0.029687500000000016 0.146875 0.029687500000000023
2 0.9125 0.09843750000000011 0.859375 0.09843750000000011 0.859375 0.1359375000000001 0.9125 0.13593750000000013
0 0.1015625 0.03750000000000001 0.071875 0.03750000000000001 0.071875 0.07812500000000001 0.1015625 0.07812500000000003
0 0.7671875 0.04687500000000009 0.740625 0.04687500000000009 0.740625 0.08125000000000009 0.7671875 0.08125000000000009
2 1 0.09062500000000012 0.8390625 0.09062500000000011 0.8390625 0.2062500000000001 1 0.2062500000000001
2 0.22343750000000004 0.328125 0.16250000000000003 0.328125 0.16250000000000003 0.4125 0.2234375000000001 0.4125
0 0.865625 0.1453125000000001 0.834375 0.1453125000000001 0.834375 0.17968750000000008 0.865625 0.17968750000000008
0 0.4375 5.223884002612929e-17 0.415625 5.089938258956187e-17 0.415625 0.01875000000000005 0.4375 0.018750000000000055
2 0.18125000000000005 0.3890625 0.15625000000000006 0.3890625 0.15625000000000006 0.440625 0.18125000000000005 0.440625
0 0.7953125 0.0671875000000001 0.76875 0.0671875000000001 0.76875 0.09687500000000009 0.7953125 0.09687500000000009
4 0.19687500000000005 0.3015625 0.15156250000000004 0.3015625 0.15156250000000004 0.371875 0.19687500000000005 0.371875
2 0.75 0.050000000000000086 0.7390625 0.050000000000000086 0.7390625 0.07031250000000008 0.75 0.07031250000000008
0 0.50625 0.014062500000000061 0.4828125 0.014062500000000061 0.4828125 0.050000000000000065 0.50625 0.050000000000000065
2 0.6796875 0.04375000000000008 0.6515625 0.04375000000000008 0.6515625 0.07031250000000008 0.6796875 0.07031250000000008
0 0.2703125 0.006250000000000032 0.253125 0.006250000000000031 0.253125 0.03437500000000003 0.2703125 0.03437500000000003