4 0.5125000000000001 0.28593750000000007 0.3359375 0.2859375 0.33593750000000006 0.8109375 0.5125000000000002 0.8109375
4 0.4859375 0.0015625000000000495 0.325 0.0015625000000000396 0.325 0.25468750000000007 0.4859375 0.25468750000000007
4 0.68125 0.2796875000000001 0.5296875 0.2796875000000001 0.5296875 0.5046875 0.68125 0.5046875
2 0.8046875 0.7656250000000001 0.6406250000000002 0.765625 0.6406250000000002 0.9953125 0.8046875 0.9953125
0 0.3265625000000001 0.728125 0.20468750000000008 0.728125 0.20468750000000008 0.99375 0.3265625000000001 0.99375
0 1 0.5843750000000002 0.834375 0.5843750000000002 0.834375 0.9875 1 0.9875
0 1 0.4421875000000002 0.85 0.4421875000000002 0.85 0.6562500000000002 1 0.6562500000000002
1 0.703125 7.395718560475812e-17 0.5046875 6.180639314446799e-17 0.5046875 0.32500000000000007 0.703125 0.32500000000000007
4 0.328125 0.00468750000000002 5.740531871003218e-19 0.0046875 1.1002686086089501e-17 0.17500000000000002 0.328125 0.17500000000000004
4 0.15468750000000006 0.5 0.05468750000000007 0.5 0.05468750000000009 0.8328125 0.1546875000000001 0.8328125
1 0.33593750000000006 0.3453125 0.15312500000000004 0.3453125 0.15312500000000007 0.6328125 0.3359375000000001 0.6328125
4 0.503125 0.025000000000000057 0.3984375 0.025000000000000043 0.39843750000000006 0.3703125000000001 0.503125 0.3703125000000001
2 0.30937500000000007 0.784375 0.2734375000000001 0.784375 0.2734375000000001 0.8375 0.30937500000000007 0.8375
4 0.6406250000000001 0.3203125000000001 0.459375 0.3203125000000001 0.4593750000000001 0.9875 0.6406250000000002 0.9875
4 0.5578125 0.5515625 0.3734375000000001 0.5515625 0.3734375000000001 0.9875 0.5578125000000002 0.9875
2 1 0.7484375000000002 0.9171875 0.7484375000000002 0.9171875 0.975 1 0.975
4 0.07812500000000003 0.2171875 2.659779766898158e-17 0.2171875 4.0566425221756075e-17 0.4453125 0.07812500000000004 0.4453125
4 0.38906250000000003 0.17812500000000003 0.2453125 0.17812500000000003 0.24531250000000004 0.4015625 0.3890625000000001 0.4015625
4 0.3812500000000001 0.4015625 0.31718750000000007 0.4015625 0.31718750000000007 0.4890625 0.3812500000000001 0.4890625
2 0.6703125 7.606204729079264e-17 0.571875 7.003448882623926e-17 0.571875 0.043750000000000074 0.6703125 0.04375000000000008
4 0.928125 0.3062500000000001 0.8734375 0.3062500000000001 0.8734375 0.40156250000000016 0.928125 0.40156250000000016
4 0.990625 0.010937500000000105 0.7265625 0.01093750000000009 0.7265625 0.3984375000000001 0.990625 0.3984375000000001
2 0.5484375 0.012500000000000063 0.4796875 0.012500000000000061 0.4796875 0.07031250000000007 0.5484375 0.07031250000000007
4 0.9 0.35625000000000007 0.753125 0.35625000000000007 0.753125 0.5984375000000002 0.9 0.5984375000000002
4 0.3859375 0.03906250000000004 0.3359375 0.03906250000000004 0.3359375 0.10625000000000004 0.3859375 0.10625000000000004
4 0.3687500000000001 0.4 0.3359375000000001 0.4 0.3359375000000001 0.44375 0.3687500000000001 0.44375
4 0.32500000000000007 0.4484375 0.2953125000000001 0.4484375 0.2953125000000001 0.521875 0.32500000000000007 0.521875
4 0.815625 0.07812500000000008 0.64375 0.07812500000000008 0.64375 0.2687500000000001 0.815625 0.2687500000000001
4 0.4765625 0.3859375000000001 0.3765625000000001 0.3859375000000001 0.3765625000000001 0.56875 0.4765625 0.56875
4 0.4484375 0.003125000000000052 0.3921875 0.0031250000000000487 0.3921875 0.11093750000000005 0.4484375 0.11093750000000005
4 0.3453125 0.054687500000000035 0.221875 0.05468750000000002 0.221875 0.18750000000000006 0.3453125 0.18750000000000006
0 0.06406250000000001 0.0171875 2.1048616860345133e-18 0.0171875 7.079989307570636e-18 0.0984375 0.06406250000000002 0.0984375
2 0.1953125 0.10312500000000002 0.1640625 0.103125 0.1640625 0.14218750000000002 0.1953125 0.14218750000000005
0 0.6984375 0.5953125 0.6734375 0.5953125 0.6734375 0.6359375 0.6984375 0.6359375
4 0.84375 0.0500000000000001 0.646875 0.050000000000000086 0.646875 0.11875000000000009 0.84375 0.11875000000000009
4 0.14531250000000004 0.3140625 0.10781250000000005 0.3140625 0.10781250000000005 0.415625 0.14531250000000004 0.415625
0 0.8640625 0.0671875000000001 0.7421875 0.0671875000000001 0.7421875 0.15000000000000008 0.8640625 0.15000000000000008
2 0.925 0.30937500000000007 0.8921875 0.30937500000000007 0.8921875 0.3546875000000001 0.925 0.3546875000000001
0 0.17968750000000003 0.1359375 0.050000000000000024 0.1359375 0.050000000000000024 0.2484375 0.17968750000000006 0.2484375
2 0.9921875 0.5328125000000001 0.9703125 0.5328125000000001 0.9703125 0.5687500000000002 0.9921875 0.5687500000000002
2 0.3421875 0.05312500000000005 0.2859375 0.05312500000000005 0.2859375 0.11406250000000004 0.3421875 0.11406250000000004
0 0.253125 0.07187500000000002 0.2109375 0.07187500000000002 0.2109375 0.12031250000000004 0.253125 0.12031250000000004
4 0.98125 0.0046875000000001135 0.8578125 0.004687500000000106 0.8578125 0.15468750000000012 0.98125 0.15468750000000014
0 0.98125 0.006250000000000118 0.946875 0.006250000000000117 0.946875 0.042187500000000114 0.98125 0.04218750000000012
0 0.409375 0.428125 0.3296875000000001 0.428125 0.3296875000000001 0.5625 0.409375 0.5625
0 0.95625 0.5484375000000001 0.9390625 0.5484375000000001 0.9390625 0.5781250000000002 0.95625 0.5781250000000002
4 0.259375 0.2125 0.240625 0.2125 0.240625 0.265625 0.259375 0.265625
4 0.7750000000000001 0.6859375000000001 0.6203125 0.6859375 0.6203125 0.83125 0.7750000000000001 0.83125
1 0.7703125 8.362041425428021e-17 0.5953125 7.290475476174086e-17 0.5953125 0.09062500000000008 0.7703125 0.0906250000000001
4 0.39375000000000004 0.29218750000000004 0.309375 0.2921875 0.30937500000000007 0.37343750000000003 0.3937500000000001 0.3734375000000001
4 0.24375 0.2015625 0.209375 0.2015625 0.209375 0.2984375 0.24375 0.2984375
4 0.2546875 0.07500000000000002 0.246875 0.07500000000000002 0.246875 0.10156250000000004 0.2546875 0.10156250000000004
2 1 0.95 0.9921875 0.95 0.9921875 0.98125 1 0.98125
0 0.045312500000000006 0.0296875 0.0265625 0.0296875 0.026562500000000006 0.05625 0.04531250000000001 0.05625
1 0.4171875 0.34375000000000006 0.16718750000000004 0.34375 0.16718750000000004 0.4609375 0.4171875 0.4609375
4 0.4421875 0.029687500000000054 0.43125 0.029687500000000054 0.43125 0.06406250000000005 0.4421875 0.06406250000000005