0 0.43366351406250025 0.2695985625000001 0.13581374846031286 0.22242379360596637 0.04366407031250008 0.8042339578125001 0.3415138359146874 0.8514087267065339
4 1.0459745784284187 0.1941436416408171 0.49271478124999996 0.10651589843750005 0.3563234822233307 0.9676566705022503 0.9095832794017493 1.0552844137055675
4 0.2754526828125001 4.9960036108132046e-17 0.07791501400632418 -0.031286893166599127 -0.01682048286867589 0.5668494927709007 0.18071718593750002 0.5981363859375
4 0.5064212890625 6.661338147750939e-17 0.22091762802807197 -0.045219336888020045 0.16574926552807193 0.3031000006119799 0.4512529265625 0.3483193375
4 0.17586711638129565 0.8884519329322853 1.1102230246251565e-16 0.8605973187499998 -0.010266011693795485 0.9254143670677143 0.16560110468750006 0.9532689812499997
4 0.18524646130764022 0.8092566609961244 0.032463420312500116 0.7850582046875 0.010220394942360022 0.9254951405663757 0.16300343593750014 0.949693596875
4 0.3277078515625001 0.07959037968750006 0.07461271402540681 0.039504047995764624 -0.003726732879776218 0.5341198497488323 0.24936840465731708 0.5742061814405677
4 0.7830926609375001 0.15092525937500012 0.5222812080660924 0.10961678277388157 0.4621517096285923 0.4892594890238815 0.7229631625 0.530567965625
0 0.21809815625000012 0.5668804953125001 0.0815193781982304 0.545248541725142 0.042288546875000034 0.7929422593750001 0.17886732492676977 0.8145742129623581
4 0.10376256569474425 0.6595098901846527 0.05823630625000008 0.6522992390625 0.04247064524275592 0.7518397051278474 0.0879969046875001 0.7590503562500001
0 0.18053407812500005 2.2204460492503132e-17 0.08176524294499092 -0.015643447739348677 0.06683651470614167 0.07861282641696714 0.16560534988615078 0.09425627415631585
4 0.09457217343750002 0.17317839843750002 0.06062038593750001 0.16780096406250003 0.05402080755607991 0.2094690658318627 0.08797259505607992 0.2148465002068627
2 0.08953298750000013 0.7743224265625 0.05095141240988212 0.7682117052564827 0.04105204365988213 0.8307138583814826 0.07963361875000015 0.8368245796875
4 0.11610834531250003 0.152068753125 0.08292819055861658 0.1468135328019859 0.07620639687500001 0.1892532671875 0.10938655162888347 0.19450848751051408
4 0.5382366329885457 0.7180409723259926 0.3700209625000001 0.691398228125 0.3260237700710806 0.9691855749617628 0.49423944055962615 0.9958283191627555
4 0.2811443172823934 0.628280271275867 0.2525939515625001 0.6237583375 0.24526108584260667 0.6700562287241331 0.27381145156250003 0.6745781625000001
2 0.24516269544910307 0.45093686320002246 0.1726293328125 0.43944870781249995 0.16028567642589703 0.5173834914874773 0.2328190390625001 0.5288716468749999
4 0.25498537508457675 0.3789307049483714 0.19942790468750005 0.37013126562500004 0.18647317487718623 0.4519242062305482 0.24203064527426293 0.46072364555391954
4 0.7286904345125842 0.4444663538188278 0.617575496875 0.42686747656250007 0.5818888842374158 0.6521838805561723 0.693003821875 0.6697827578125
4 0.30523034935070814 0.795829718894638 0.19643030468750014 0.778597484375 0.17993135689929202 0.882767738917862 0.28873140156250005 0.8999999734374999
4 0.9476325953862199 0.6452509448470514 0.6783331967702997 0.6025981109209171 0.6153909218750002 1 0.8846903204909203 1.0426528339261343
4 0.9089744921875 0.8843345015625002 0.7129800875 0.8532920375000002 0.6897438290082809 0.9999999998924224 0.8857382336957809 1.0310424639549223
4 0.45765147826225727 0.7274252131958929 0.3665989593750002 0.7130039109374999 0.349244510800243 0.8225755868041069 0.44029702968750006 0.8369968890624999
4 0.08514958750000001 0.0878412390625 0.059685746746836854 0.08380816330919054 0.04721987643433685 0.16251457893419052 0.07268371718750001 0.1665476546875
4 0.20708694534525218 0.7462728294807112 0.13686847660073714 0.7351513169460806 0.11829188437500011 0.8524393078124998 0.18851035311951517 0.8635608203471306
4 0.7713962984375003 0.6592602421875002 0.5808033142271404 0.6290732786480024 0.5251957496637181 0.9801656189208356 0.715788733874078 1.0103525824603332
0 0.6091498812500002 0.46508240937500017 0.4216434221536738 0.435384302928024 0.38473466434117376 0.668417021678024 0.5722411234375002 0.6981151281250002
2 0.14147428125000006 0.701077315625 0.11138065161120259 0.6963109528175043 0.10258121250000007 0.7518684234374999 0.13267484213879754 0.7566347862449956
4 0.2517529718750001 0.8538027578125 0.19079408133405587 0.8441478182192927 0.17331741875000006 0.954491125 0.23427630929094434 0.9641460645932074
4 0.07537993757833511 0.6439406854429123 0.009019627580020052 0.6334302452261837 -0.014323327185814971 0.7808118660332716 0.05203698281250009 0.7913223062500002
4 0.3692636906250002 0.6612207296875001 0.2311416486310629 0.6393443472153926 0.20596547656250008 0.798300440625 0.3440875185564374 0.8201768230971076
0 0.6050667101150642 0.8504380282422147 0.503982979800863 0.8344279388329794 0.47831795151283973 0.9964705565635434 0.5794016818270408 1.0124806459727789
4 0.4382792685645078 0.8097837017805967 0.39506790297774497 0.8029396937266771 0.3679363000000001 0.974241890625 0.4111476655867629 0.9810858986789196
0 0.012638089062500057 0.5406667250000001 9.263201317111225e-12 0.5386650483790149 -0.007943937490736797 0.5888210968165148 0.004694151562500059 0.5908227734375
0 0.026153795312500106 0.8149074046875002 1.1102230246251565e-16 0.8107650515625002 -0.016987800822610467 0.9180218334246382 0.009165994489889528 0.9221641865496382