0 0.4110529234375001 7.216449660063518e-17 0.06288634342909258 -0.04274948077556821 -0.03626145500840751 0.7647445348494317 0.311905125 0.8074940156249999
2 0.8811858906250001 0.04304882968750007 0.585748325 0.006773657812500078 0.5268130720261115 0.4867627734560543 0.8222506376511116 0.5230379453310543
4 0.9758980453441687 0.7268759809920803 0.4610147280367447 0.6636562593641636 0.42045508750000005 0.9939880249999999 0.935338404807424 1.0572077466279166
4 1.0338949137026907 0.06179914116917322 0.87110534375 0.0418110937500001 0.8372104300225548 0.3178629918449378 0.9999999999752454 0.3378510392641109
4 0.3285012109528098 0.7748986076878127 0.20365751562500015 0.7595697296875001 0.1785219640471904 0.9642823735621875 0.3033656593750001 0.9796112515625002
4 0.05039789843750011 0.8666905421875001 0.022482537533506618 0.8632629669146112 0.015246545312500071 0.9221953953125 0.04316190621649356 0.9256229705853889
4 0.2121438406897195 0.030167094785402054 0.16949537343749999 0.024930521875000018 0.16178332962278053 0.087740083339598 0.20443179687500002 0.09297665625000004
4 0.9937681328125001 0.47876692968750023 0.6494786873610676 0.4364935011315147 0.6088238357985676 0.7676006948815146 0.9531132812499999 0.8098741234375002
4 0.312976796875 0.05514169843750005 0.25171808915031957 0.047620074284767305 0.2387694703125 0.15307810312500006 0.3000281780371805 0.1605997272777328
4 0.7596874640625001 0.5838353359375001 0.6441488874764749 0.5696489828096116 0.6204414921642937 0.7627302267515017 0.7359800687503188 0.7769165798793901
4 0.5711153921875 0.22851820156250002 0.5463017376266536 0.22547146771848964 0.5395417970016536 0.28052676303098967 0.5643554515625 0.2835734968750001
4 0.4976358 6.661338147750939e-17 0.39140234346943836 -0.01304382928043028 0.3737064621070497 0.13107754819740092 0.4799399186376115 0.14412137747783127
4 0.5102787562999136 0.23679074334348696 0.4947702218750001 0.2348865343750001 0.4911522249500865 0.2643527488440132 0.506660759375 0.2662569578125001
4 0.6569817562500002 0.7664296906250001 0.4282308859871892 0.7383426152203147 0.39776354987455836 0.9864791531095978 0.6265144201373694 1.0145662285142834
0 0.6032160406757734 0.018363827711486213 0.46829179689820666 0.001797213873498593 0.4034534984099335 0.5298627845995124 0.5383777421875002 0.5464293984375
4 0.04516216576944819 0.3323823144485645 0.017246804687500044 0.32895473906250006 0.005916763918051904 0.4212305152389356 0.033832125000000046 0.42465809062500004
0 0.1930310548055057 0.06402772403892117 0.05500510471070652 0.047080268560998534 0.018825143655200872 0.3417424085845774 0.15685109375000003 0.3586898640625
0 0.16478203750660483 0.35179249057120887 0.021328101562500045 0.3341785625 -0.014756648499356961 0.6280652755037848 0.12869728744474784 0.6456792035749938
4 0.6029471299208657 0.1615861121618886 0.575031768962208 0.1581585373342051 0.5682718296663423 0.2132138329848166 0.596187190625 0.21664140781250008
4 1.0210670313112784 0.28848801797789553 0.8946724812169737 0.27296871874594497 0.8688704561556955 0.4831093507680498 0.9952650062500001 0.49862865000000023
2 0.24475696252037574 0.23252497952155307 0.1408497875 0.21976678281250006 0.12780595935462427 0.326000239228447 0.231713134375 0.33875843593750005
0 0.6133889734977892 0.5060512448214848 0.531969171875 0.4960541500000001 0.5162594513734986 0.6239995531017937 0.5976792529962877 0.6339966479232784