1 0.2401446390625 0.7940162046875 0.18977832500000003 0.3838154906250001 -0.014934318769396559 0.40895104245410574 0.035431995293103404 0.8191517565166055
4 0.40292644386093723 0.3119914040285111 0.3661752202311725 0.01267670402514066 -0.036751223629764726 0.062149849996629536 0 0.36146454999999994
2 0.95647511875 0.11493697500000011 0.9374330338717201 -0.040148360985338014 0.32794766199672 0.03468703276466186 0.346989746875 0.18977236874999998
4 0.9798909281249998 0.5748867015625001 0.9187658359991351 0.07706277323808128 0.4302470265392935 0.13704534043599853 0.4913721186651583 0.6348692687604173
4 0.95647511875 0.11493697500000011 0.9374330338717201 -0.040148360985338014 0.32794766199672 0.03468703276466186 0.346989746875 0.18977236874999998
0 0.80441865 0.9663770031250001 0.7880424574662515 0.8330036139131632 0.6236520000000001 0.8531882234375002 0.6400281925337487 0.9865616126493372
0 0.9556268516051208 0.9478109706596213 0.9144959484374999 0.6128266437500001 0.6686856905823788 0.6430083480903787 0.7098165937499998 0.977992675
1 0.29219824843750003 1 0.26431930625 0.7729442359375 0.04564898268200736 0.7997935754997226 0.07352792486950738 1.0268493395622227
4 0.6167653922301074 0.9894179253470096 0.5516414625000001 0.45902607499999987 0.25542846995680035 0.49539645682036026 0.3205523996869077 1.02578830716737
4 0.34375839532389385 0.5160355891552957 0.284347090625 0.03216933906249999 -0.04831095502079282 0.07301461088422855 0.011100349678101007 0.5568808609770242
0 0.07759960004134472 0.4125445300242257 0.05484430937500001 0.22721755312499997 -0.022755290666344713 0.2367455856007743 0 0.4220725625
0 0.2554089234391779 0.14906735470116575 0.2415082015625 0.035855059375 0.17327065468582206 0.04423357654883424 0.1871713765625 0.157445871875
2 0.08231095158740216 0.8291380861403116 0.06926712343750001 0.7229046296874999 0.02429237653759786 0.7284268341721883 0.037336204687500006 0.834660290625
4 0.5803382046901953 0.18630852658445124 0.5571068608748 -0.0028955828627899027 0.3841867108721047 0.0183363421152588 0.4074180546875 0.20754045156249995
2 0.07766136875 0.6951119671875 0.06737864375 0.6113658843750001 0.016975909239329668 0.6175545613950537 0.02725863423932967 0.7013006442075537
1 0.09061594223694446 0.5313752332151925 0.07557269531250002 0.4088578171875 0.006559720263055552 0.4173315449098073 0.021602967187499995 0.5398489609374999
2 0.0540874360588597 0.6185076603633954 0.04694665468749999 0.5603506578124999 0.019806720191140305 0.5636830224491045 0.02694750156250001 0.6218400250000001
4 0.5117118751523061 0.550511688740434 0.4450645780883046 0.007713010638640561 0.20235602637349848 0.03751387346070646 0.2690033234375 0.5803125515625
0 0.018819342212195667 0.3056298658261301 0.011202507812500002 0.24359573124999997 -0.007616834399695666 0.24590645604886988 0 0.307940590625
4 0.11787658921637487 0.6059526341642557 0.11168791091429353 0.5555498998109986 0.08532340294791867 0.5587870547092428 0.09151208125000002 0.6091897890625
2 0.0495408515625 0.74815310625 0.04125754531249999 0.680690984375 0.018770171741263532 0.6834520864108038 0.027053477991263543 0.7509142082858038
0 0.029578120415480753 0.3932530805262109 0.020533129687499995 0.3195875453125 -0.009044990727980762 0.3232192819737892 -5.551115123125783e-18 0.3968848171875
4 0.08068840468750002 0.9954190078125 0.0705960984375 0.9132237781249998 0.04733329695682992 0.9160800912914508 0.057425603206829934 0.9982753209789511
2 0.1261165515625 1 0.11993678275302506 0.9496698245156152 0.08504258227388987 0.9539542938161331 0.09122235108336482 1.004284469300518
4 0.19134589858778145 0.24272906528644408 0.16687682018532152 0.04344440677671446 -0.003717049847471965 0.06439069944182538 0.020752028554987968 0.263675357951555
2 0.0940827625 0.630126309375 0.08532340300980998 0.5587870537493526 0.05120462968749999 0.5629763125 0.05996398917769001 0.6343155681256475
0 0.2118230890625 0.09538524374999999 0.20639609551265892 0.05118592322107274 0.18080701403929353 0.05432786699849854 0.18623400758913464 0.0985271875274258
0 0.057100879766566505 0.30329083501894505 0.053387673437500005 0.27304919375000003 0.0363282874209335 0.275143822793555 0.04004149375 0.3053854640625
2 0.1661189546875 0.47960030781249996 0.16040632812499997 0.43307470625000005 0.13326639392518524 0.4364070717392693 0.13897902048768526 0.4829326733017692
2 0.025995398437499994 0.6140857578125 0.017712090596299135 0.5466236357037503 0.0037544093982064706 0.5483374236265015 0.01203771723940733 0.6157995457352512
0 0.04199472036734176 0.5648942645091501 0.0382815123658402 0.5346526239073566 0.019671271685998443 0.5369376750232064 0.023384479687499998 0.567179315625