4 1 0.0062500000000000975 0.58125 0.006250000000000072 0.58125 0.5046875000000001 1 0.5046875000000002
4 0.621875 3.807886141098801e-17 0 0 3.731345716152092e-17 0.609375 0.621875 0.609375
4 0.5781250000000001 0.4 4.898587196589413e-17 0.4 8.572527594031472e-17 1 0.5781250000000002 1
4 0.803125 0.6000000000000001 0.4078125 0.6 0.4078125000000001 1 0.803125 1
4 0.31875 2.1335643453895294e-17 0.0296875 3.6356701849687045e-18 0.029687500000000016 0.2328125 0.31875 0.2328125
4 0.596875 0.26250000000000007 0.3875 0.26250000000000007 0.38750000000000007 0.4515625 0.596875 0.4515625
4 0.465625 0.4296875 0.2906250000000001 0.4296875 0.2906250000000001 0.6359375 0.465625 0.6359375
4 0.4296875 0.004687500000000046 0.3125 0.004687500000000039 0.3125 0.27187500000000003 0.4296875 0.2718750000000001
4 1 0.03125000000000011 0.8078125 0.0312500000000001 0.8078125 0.3140625000000001 1 0.3140625000000001
0 0.65625 0.11718750000000008 0.584375 0.11718750000000008 0.584375 0.2484375000000001 0.65625 0.2484375000000001
4 0.521875 0.534375 0.4265625 0.534375 0.4265625 0.6859375 0.521875 0.6859375
4 0.3015625 3.061616997868383e-17 0.1984375 2.430158492058029e-17 0.1984375 0.14531250000000004 0.3015625 0.14531250000000004
4 1 0.023437500000000114 0.853125 0.023437500000000104 0.853125 0.1265625000000001 1 0.12656250000000013
0 0.6828125 0.10000000000000009 0.64375 0.10000000000000009 0.64375 0.1609375000000001 0.6828125 0.1609375000000001
0 0.4609375 0.009375000000000053 0.409375 0.00937500000000005 0.409375 0.09687500000000006 0.4609375 0.09687500000000007
4 0.159375 1.6551866894725946e-17 0.1109375 1.358592542804095e-17 0.1109375 0.06875000000000002 0.159375 0.06875000000000002
0 0.4828125 0.09843750000000005 0.4453125 0.09843750000000004 0.4453125 0.16875000000000004 0.4828125 0.16875000000000004
0 0.70625 0.010937500000000083 0.6328125 0.010937500000000077 0.6328125 0.10312500000000009 0.70625 0.10312500000000009
0 0.45 0.14218750000000005 0.4 0.14218750000000005 0.4 0.2328125000000001 0.45 0.2328125000000001
4 0.9953125 0.5250000000000001 0.7703125 0.5250000000000001 0.7703125000000001 0.8875 0.9953125 0.8875
4 0.6703125000000001 0.675 0.5328125 0.675 0.5328125000000001 0.815625 0.6703125000000002 0.815625
4 1 0.2562500000000001 0.89375 0.2562500000000001 0.89375 0.5203125000000002 1 0.5203125000000002
4 0.9671875 0.9796875 0.93125 0.9796875 0.93125 1 0.9671875 1
4 0.371875 4.209723372069027e-17 0.315625 3.865291459808834e-17 0.315625 0.059375000000000046 0.371875 0.059375000000000046
0 0.4390625 0.15156250000000004 0.4078125 0.15156250000000004 0.4078125 0.19218750000000004 0.4390625 0.19218750000000004
4 0.221875 2.4779962576497225e-17 0.1828125 2.2388074296912548e-17 0.1828125 0.035937500000000025 0.221875 0.035937500000000025
0 0.6328125 0.07343750000000007 0.5953125 0.07343750000000007 0.5953125 0.14843750000000008 0.6328125 0.14843750000000008
0 0.6109375 0.02968750000000007 0.5453125 0.029687500000000068 0.5453125 0.1687500000000001 0.6109375 0.1687500000000001
0 0.578125 0.009375000000000069 0.5328125 0.009375000000000067 0.5328125 0.07187500000000006 0.578125 0.07187500000000006
4 0.2125 0.006250000000000022 0.153125 0.006250000000000019 0.153125 0.10625000000000002 0.2125 0.10625000000000004
0 0.63125 0.12500000000000008 0.5953125 0.12500000000000008 0.5953125 0.18750000000000008 0.63125 0.18750000000000008
0 0.615625 0.0046875000000000736 0.584375 0.004687500000000072 0.584375 0.043750000000000074 0.615625 0.04375000000000008
0 0.6484375000000002 0.73125 0.6109375000000001 0.73125 0.6109375000000001 0.796875 0.6484375000000002 0.796875
0 0.584375 0.021875000000000068 0.5109375 0.02187500000000006 0.5109375 0.13437500000000008 0.584375 0.13437500000000008
4 0.90625 0.46093750000000017 0.8046875 0.46093750000000017 0.8046875 0.5031250000000002 0.90625 0.5031250000000002
0 0.6718750000000002 0.75 0.6218750000000002 0.75 0.6218750000000002 0.840625 0.6718750000000002 0.840625