4 0.52109375 4.5015337421783564e-17 0.2140625 2.6215095544248028e-17 0.2140625 0.13437500000000005 0.52109375 0.13437500000000005
4 1 9.538850458983681e-17 0.5578125 6.831232926493829e-17 0.5578125 0.12421875000000011 1 0.12421875000000013
4 0.04843750000000001 2.9659414666849968e-18 0 0 8.993499931238374e-18 0.146875 0.04843750000000002 0.146875
4 0.17031250000000006 0.375 4.592425496802575e-17 0.375 6.214125750360983e-17 0.63984375 0.1703125000000001 0.63984375
4 0.09687500000000011 0.6921875 0.010937500000000086 0.6921875 0.010937500000000103 1 0.09687500000000013 1
4 0.7828125 0.2078125000000001 0.6296875 0.2078125000000001 0.6296875 0.3968750000000001 0.7828125 0.3968750000000001
2 0.6601562500000001 0.459375 0.2218750000000001 0.459375 0.2218750000000001 0.93203125 0.6601562500000002 0.93203125
2 0.9984375 0.8484375 0.8171875 0.8484375 0.8171875 1 0.9984375 1
2 0.5171875 0.27968750000000003 0.2734375 0.2796875 0.27343750000000006 0.52109375 0.5171875 0.52109375
4 0.2515625 0.10156250000000003 0.11875 0.1015625 0.11875000000000002 0.26015625 0.2515625 0.26015625
4 0.8046875 0.5281250000000001 0.725 0.528125 0.7250000000000001 0.7265625000000001 0.8046875 0.7265625000000002
1 0.36015625000000007 0.040625000000000036 0.2953125 0.040625000000000036 0.29531250000000003 0.39375 0.36015625000000007 0.39375
4 0.3046875 3.15729252905177e-17 0.2109375 2.583239341951448e-17 0.2109375 0.13359375000000004 0.3046875 0.13359375000000004
4 0.88359375 0.0828125000000001 0.7796875 0.0828125000000001 0.7796875 0.3867187500000001 0.88359375 0.3867187500000001
1 0.3382812500000001 0.4484375 0.10625000000000004 0.4484375 0.10625000000000007 0.67109375 0.3382812500000001 0.67109375
2 0.4921875 0.11875000000000005 0.3703125 0.11875000000000005 0.3703125 0.26640625000000007 0.4921875 0.26640625000000007
4 0.99609375 0.09062500000000011 0.8828125 0.09062500000000011 0.8828125 0.3890625000000001 0.99609375 0.3890625000000001
4 0.9953125 0.40937500000000016 0.890625 0.40937500000000016 0.890625 0.6484375000000002 0.9953125 0.6484375000000002
4 0.8859375 0.40625000000000017 0.784375 0.40625000000000017 0.784375 0.6546875000000002 0.8859375 0.6546875000000002
4 0.23437500000000008 0.759375 0.11562500000000009 0.759375 0.11562500000000009 0.9015625 0.23437500000000008 0.9015625
4 0.99765625 0.6734375000000001 0.765625 0.6734375000000001 0.7656250000000001 0.80234375 0.99765625 0.80234375
2 0.20078125 0.0015625000000000148 0.04375 0.0015625000000000055 0.043750000000000004 0.08671875000000001 0.20078125 0.08671875000000002
1 0.565625 0.0015625000000000667 0.521875 0.0015625000000000638 0.521875 0.038281250000000065 0.565625 0.038281250000000065
4 0.3218750000000001 0.925 0.21093750000000008 0.925 0.21093750000000008 0.9984375 0.3218750000000001 0.9984375
4 0.35703125 0.0015625000000000409 0.3109375 0.0015625000000000383 0.3109375 0.05234375000000004 0.35703125 0.05234375000000004
2 0.60859375 0.559375 0.5796875 0.559375 0.5796875 0.646875 0.60859375 0.646875
1 0.72421875 0.13281250000000008 0.571875 0.13281250000000008 0.571875 0.1546875000000001 0.72421875 0.1546875000000001
2 0.3101562500000001 0.8140625 0.2515625000000001 0.8140625 0.2515625000000001 0.88828125 0.3101562500000001 0.88828125
4 0.93671875 0.09062500000000011 0.8859375 0.09062500000000011 0.8859375 0.2078125000000001 0.93671875 0.2078125000000001
4 0.5421875 0.12812500000000004 0.4890625 0.12812500000000004 0.4890625 0.35625000000000007 0.5421875 0.35625000000000007
4 0.07812500000000001 0.075 0.0578125 0.075 0.05781250000000001 0.10234375 0.07812500000000003 0.10234375
2 0.67578125 0.521875 0.65625 0.521875 0.65625 0.56796875 0.67578125 0.56796875
2 0.946875 0.47187500000000016 0.89375 0.47187500000000016 0.89375 0.5367187500000001 0.946875 0.5367187500000001
4 0.878125 0.14062500000000008 0.8265625 0.14062500000000008 0.8265625 0.20312500000000008 0.878125 0.20312500000000008
2 0.8375 0.49218750000000017 0.7921875 0.49218750000000017 0.7921875 0.5429687500000002 0.8375 0.5429687500000002
2 0.5828125 0.3687500000000001 0.571875 0.3687500000000001 0.571875 0.38359375000000007 0.5828125 0.38359375000000007