4 0.7678567125138753 0.11945076113592701 0.7581562028892319 -0.01927298884661623 0.4495348247503565 0.0023079203299567696 0.4592353343749999 0.1410316703125
4 0.42541281905877737 0.1277336171659082 0.4168022546801152 0.004596804581892966 -0.00861056437866219 0.03434456554098477 1.3877787807814458e-18 0.15748137812500002
4 0.9748032389778061 0.12220912020916172 0.9660517594884631 -0.002942851679694769 0.9239670249999999 1.1102230246251566e-17 0.9327185044893429 0.12515197188885652
4 1.0090275078648117 0.6116389825035327 0.9903894499787546 0.34510233875867624 0.8189331280514429 0.35709173281764367 0.8375711859375 0.6236283765625001
4 1.0196320137215635 0.9648847399147907 0.9985960815556346 0.664056829666128 0.9081918389113284 0.6703785087756422 0.9292277710772572 0.9712064190243049
4 0.3678928687526087 0.4027283781623061 0.3544865453125 0.21100903750000005 0.1986171624973913 0.2219084874626939 0.21202348593750003 0.413627828125
2 0.8079659593749999 0.9170332531250003 0.7745046499999999 0.43851424687499996 0.32871821417336383 0.469686671897927 0.36217952354836386 0.9482056781479272
2 0.21230241874999994 1 0.202560875 0.860689425 0.024869779518069523 0.8731147960145309 0.034611323268069524 1.012425371014531
2 0.7324305985364543 0.5088079171805806 0.7153184640625 0.26409298593749997 0.4674861452135457 0.28142310938191956 0.4845982796875 0.526138040625
4 0.8703158906250001 0.24072398593750005 0.8590894577719732 0.08017852129543591 0.7234830953125001 0.08966104218750001 0.734709528165527 0.25020650682956413
4 0.28957560707267493 0.7386974186924731 0.2756243125 0.5391846078125 0.1930135389613741 0.5449613157413321 0.20696483353404904 0.7444741266213051
1 0.7047887250579538 0.382302957078778 0.6800469749568279 0.028479457195110025 0.6099057514613742 0.03338420949133206 0.6346475015624999 0.38720770937500004
4 0.7709741000353488 0.11923277238051089 0.7621716129879783 -0.006648663588640075 0.6670912890625 0 0.6758937761098706 0.12588143596915097
4 0.22061268749999993 0.40206300468750006 0.19924976716094245 0.09655901368270967 0.09014119843749999 0.104188628125 0.1115041187765575 0.4096926191297904
1 0.9052162173295779 0.6502244843650649 0.889412015625 0.42421387968749996 0.6540492467329221 0.44067204844743496 0.6698534484374999 0.6666826531249999
2 0.6195841734374999 0.2613894859375 0.6091207014124593 0.11175487754181812 0.484425195203771 0.12047443750760307 0.49488866722881164 0.27010904590328494
4 0.11762990003260435 0.40769794734126313 0.0967029578125 0.10842873125000001 -0.02092694222010432 0.1166542151587368 5.551115123125783e-18 0.41592343125
4 0.12180373593750002 0.6689807671875 0.10501858432246855 0.4289419164362654 -0.004089984415978454 0.4365715308217796 0.012695167199053014 0.6766103815730142
4 0.22833988805965583 0.669362610898365 0.21090077030489693 0.419971598328771 0.1049095890625 0.4273832234375 0.12234870681725891 0.6767742360070941
4 0.9072101625 0.8803334281250003 0.8971826687187268 0.736933594865271 0.7756045500000001 0.745435165625 0.7856320437812734 0.8888349988847294
4 0.2526136143754778 0.8148988796656147 0.2433490828125 0.6824099046875001 0.012662396562022189 0.6985410890843856 0.021926928125 0.8310300640625001
2 0.9347024938473171 0.06392693576669702 0.9294625023065178 -0.011008442294264075 0.7720344256467009 6.403889640793636e-11 0.7772744171875001 0.07493537812499998
1 0.45526807992516083 0.03949858279588114 0.4526522125 0.0020899312499999935 0.4090087856998392 0.0051417765791188395 0.4116246531250001 0.04255042812499999
4 0.8170018203125002 0.9790540218750001 0.8118790794440015 0.9057954124077666 0.6996531231940014 0.9136430155327666 0.7047758640625 0.9869016250000001
4 0.6654409875 0.043597646875 0.6621636943435173 -0.0032698343072421364 0.6154028787185173 6.775786598467448e-11 0.618680171875 0.04686748125
2 0.4290844078320516 0.6506262393421018 0.42298071718749997 0.5633393843750001 0.3933655343554484 0.5654102794078983 0.39946922500000004 0.6526971343750001
1 0.4103380828125 0.15854773906250003 0.4085941710541115 0.13360863744814147 0.255842175 0.144290096875 0.25758608675838846 0.16922919848935852
2 0.7690641546874998 0.8758966984375001 0.763832419216409 0.8010793952798855 0.704602053591409 0.8052211859048855 0.7098337890624999 0.8800384890625
4 0.10197814531250005 0.2286661453125 0.09369456405705728 0.11020541398466532 0.040698974999999984 0.11391122656250001 0.04898255625544275 0.2323719578903347
4 0.5087858265625 0.35685092812499997 0.49276363749999996 0.12772293437499999 0.43509196555610885 0.13175573026481038 0.4511141546186089 0.36088372401481034
4 0.9217641953125002 0.08049482343749999 0.9198022936935237 0.05243833356734899 0.8995392734375001 0.0538552625 0.9015011750564765 0.081911752370151
2 0.348708386034672 0.5763645904521241 0.345438551550943 0.5296037748347271 0.325175531141271 0.5310207031326031 0.32844536562500004 0.57778151875
2 0.10928005004131172 0.557081794340785 0.10470228125 0.491616653125 0.05014799839618829 0.49543146034671504 0.054725767187499996 0.5608966015625
4 0.1594318282652551 0.22151596294324208 0.1549630546875 0.15760951406249996 0.10196746403857689 0.16131532622038375 0.106436237616332 0.2252217751011259
2 0.21280780952257555 0.5592403224229295 0.2092109921875 0.5078034249999999 0.16245017653125643 0.5110732589281962 0.16604699386633204 0.5625101563511259
2 0.4232428848192563 0.38789372028143465 0.42215294061739694 0.37230678270377104 0.4112420828124999 0.37306974375 0.4123320270143592 0.38865668132766357