0 0.5965268241936315 0.40215229212134707 0.5803213031250001 0.216922340625 0.27679323049386867 0.24347760631615287 0.2929987515625 0.42870755781250003
0 0.9852963499999998 0.3101060328125 0.9564260109302068 -0.01988346098439825 0.536156371867707 0.016885367140601782 0.5650267109375001 0.34687486093750003
0 1.0416752205044608 0.9545194783260283 0.9831174561332496 0.2852011642905369 0.8010006121912887 0.3011343234645088 0.8595583765624999 0.9704526375000002
0 0.9700737265624999 0.9607837968749999 0.946650620221164 0.6930564708310238 0.7318461390625001 0.7118494281250001 0.7552692454038361 0.9795767541689762
4 0.14085933438205506 0.9486333563306395 0.07971413435876214 0.2497405138769003 -0.02301844377329293 0.25872844973376075 0.038126756250000005 0.9576212921874999
4 0.5948079796875 0.9920468265624999 0.5438763421388875 0.40989554944435735 -0.005587295254989744 0.4579673890603818 0.04534434229362274 1.0401186661785244
0 0.7806630946375019 0.7499271483598537 0.7581932546756311 0.49309570142683745 0.5589543140625001 0.51052685 0.5814241540243709 0.7673582969330164
4 0.1730798656392326 0.9583621736001795 0.13494922800356998 0.5225269923620486 0.001085565489337381 0.5342385453243689 0.039216203125 0.9700737265624999
0 0.5727671453125001 0.65048055 0.5543827312500001 0.4403457296875001 0.394057646773819 0.4543723566559962 0.41244206083631896 0.664507176968496
0 0.7010064671875 0.7537592624999999 0.6754044671874999 0.4611270703125001 0.4683827562596239 0.47923912354750264 0.4939847562596239 0.7718713157350025
0 1.0047702108450944 0.5326932856374796 0.9852963499376743 0.31010603210011595 0.8436499156249999 0.3224984890625 0.8631237765324201 0.5450857425998638
0 0.4591591500000002 0.5710172562500001 0.44676669216929205 0.4293708218765929 0.31757269216929196 0.440673832814093 0.32996515 0.5823202671875002
4 0.27906455674921615 0.6997032233938242 0.2568670781249999 0.44598488593749996 -0.004634030186716193 0.4688632687936757 0.0175634484375 0.7225816062499999
4 0.3442465 0.5842077484375002 0.3298113300175219 0.4192130015336269 0.15392070312499997 0.4346014375 0.16835587310747807 0.5995961844038733
0 0.7464012625554673 0.591372414696494 0.735642975 0.46840463125000004 0.6531456015070327 0.47562221655350606 0.6639038890625001 0.5985900000000001
0 0.7166757355294938 0.17989737802399489 0.701423479675631 0.005563306114337363 0.5660032625 0.017411040624999995 0.5812555183538628 0.1917451125346575
4 0.07747244069979345 0.618526733667393 0.06712269687500001 0.5002286125000001 -0.001365689137293452 0.5062205694576071 0.008984054687499993 0.624518690625
0 0.38561443437500004 0.3578659968749999 0.37540087031249997 0.2411244296875 0.28045106243723356 0.24943146178257664 0.2906646264997336 0.36617302897007653
0 0.7970675953125002 0.5430225671875001 0.792165084278339 0.4869866142076579 0.7299029155283389 0.4924338485826579 0.7348054265625 0.5484698015625
0 0.2961718382300947 0.28569931556112504 0.28391556093750003 0.1456094359375 0.11580770395740539 0.16031696881387497 0.12806398125000001 0.3004068484375
4 0.17664526562500002 0.5329952796875002 0.15431160683423692 0.2777203871136451 -0.020022465065358597 0.29297264180329685 0.0023111937254045147 0.5482475343771519
0 0.608884003125 0.22069730312499997 0.5891377797058148 -0.0050030593766023645 0.44904789999999994 0.007253217187499999 0.46879412341918514 0.23295357968910232
0 0.9477619421874998 0.49062680781249995 0.9383654639937113 0.38322456640124347 0.8574246437499999 0.3903059703125 0.8668211219437885 0.49770821172375646
0 0.9677290203125001 0.10931053906250002 0.9614647015122166 0.03770904473775978 0.9396729421875 0.03961557656249999 0.9459372609877834 0.11121707088724023
0 0.42376976879069916 0.32786387234019376 0.41532655625 0.23135751093749995 0.3530643874593008 0.23680474484730613 0.3615076 0.33331110624999993
4 0.9874710078125 0.711443709375 0.9654097109270537 0.45928192644309995 0.803528071875 0.4734447343750001 0.8255893687604463 0.7256065173069002
0 0.8120531359375003 0.21233311718749998 0.7977541468710438 0.04889492495477908 0.6887953515624999 0.05842758437500001 0.7030943406289563 0.22186577660772092
0 0.12674309905162595 0.10603231713377093 0.12020641874999997 0.03131771406249999 0.031482827510874035 0.03908002192872905 0.038019507812500006 0.113794625
4 0.2646731359827209 0.10494428176687702 0.26058771093750005 0.0582476546875 0.22945662651727913 0.060971271358122955 0.23354205156250002 0.10766789843749999
0 0.7986446125 0.4534818921874999 0.79646571875 0.42857702343749987 0.7731174061334168 0.43061973616744825 0.7752962998834168 0.4555246049174483
0 0.65440933125 0.561777421875 0.6473279274928786 0.4808366030436024 0.546151903125 0.48968835781250003 0.5532333068821214 0.5706291766438977
4 0.9132891365368703 0.060745482760061906 0.9104293390506308 0.02805784361433743 0.8699589281249999 0.031598545312500025 0.8728187256112394 0.06428618445822451
0 0.5691883421182174 0.5378639217443604 0.5625154796875 0.461592765625 0.4800181047567825 0.4688103516931397 0.4866909671875 0.5450815078125
0 0.4005167117759374 0.5102721280516463 0.39547802030063106 0.45267962173933735 0.34099862187499996 0.45744595156249995 0.34603731335030624 0.515038457874809
4 0.07899653990981413 0.04433392180086961 0.07817945468750001 0.034994596875 0.04549181477768587 0.037854395386630386 0.0463089 0.0471937203125
0 0.7001526921875 0.5467961171875 0.6957949046875 0.4969863812499999 0.6553244952365087 0.5005270835064163 0.6596822827365088 0.5503368194439163
0 0.7489901093750001 0.49546934218749994 0.7465388546875001 0.467451365625 0.7263036499124794 0.4692217161871345 0.7287549045999795 0.4972396927496344
0 0.4505988078125 0.5090274499999999 0.4462410201768373 0.45921771407436884 0.3964312858018373 0.4635755015743689 0.4007890734375 0.5133852375
0 0.7746196297012716 0.07130902359491037 0.7701256625 0.019942734375000014 0.7296552531112284 0.023483435780089636 0.7341492203125 0.07484972499999999
0 0.6644486125 0.6048162171875 0.659137559375 0.5441106015624999 0.59843194375 0.5494216546875 0.6037429968750001 0.6101272703125
0 0.7185399296874999 0.5059757296875 0.71527158976415 0.46861842806361353 0.69192327570165 0.4706611405636135 0.695191615625 0.5080184421875
0 0.22708298623324508 0.051768128099125676 0.22449554998813107 0.02219359673933736 0.18246858593749998 0.025870479687499996 0.18505602218261402 0.05544501104728831
0 0.9647520921874999 0.1111394546875 0.9605304859375 0.0628862734375 0.926286293650825 0.0658822519914244 0.930507899900825 0.11413543324142439
0 0.7070068953125 0.06938202968750001 0.7034661921031662 0.028911617786059874 0.6676654453124999 0.032043778125 0.6712061485218338 0.07251419002644013
0 0.8304798874999999 0.11818134531249998 0.8268030046094943 0.07615438035839105 0.794115365625 0.07901417812500001 0.7977922485155056 0.12104114307910896
0 0.3617976015732599 0.497974926685486 0.35784835612509724 0.45283485325985484 0.3313869342393373 0.4551499281368689 0.33533617968749996 0.5002900015625
4 0.39676644723423654 0.07299752340607087 0.39104685156249996 0.0076222468749999935 0.2509569715157634 0.01987852346892913 0.2566765671874999 0.0852538
0 0.8319397750000002 0.06315722343749999 0.8289437967009059 0.02891303112853023 0.7993692654509055 0.03150046706603025 0.80236524375 0.065744659375
0 0.7552353781635045 0.5309977270026076 0.752920303125 0.5045363046875001 0.7311285437114956 0.5064428370598925 0.73344361875 0.532904259375