0 0.3425737406250001 1.0000000000000002 0.2577724639683057 0.30934902735784886 -0.018279434538548012 0.3432439385998181 0.06652184211814637 1.0338949112419693
2 0.8897039796874999 0.25064840312500003 0.8557952065687642 -0.02551639378913937 0.6479808546874999 0 0.6818896278062356 0.27616479691413937
4 1.0274883525662828 0.6997039030947423 0.9619835796755417 0.16621034677760882 0.6494866265625001 0.20458014843749997 0.7149913994532413 0.7380737047546335
4 0.6877122 0.2723014062500001 0.6534364464209339 -0.0068521999442475836 0.276579079233434 0.03942006724325231 0.31085483281250004 0.31857367343750004
4 0.7660438859375 0.87820901875 0.7386232830980792 0.6548861343399353 0.5796608127855791 0.6744042718399352 0.607081415625 0.89772715625
4 1.0332284368157094 0.9130949486575004 0.9999999999932419 0.6424710358824589 0.8875591859374999 0.6562770312499999 0.9207876227599675 0.9269009440250413
4 0.7457041297771296 0.9625666007299744 0.7135230061506281 0.7004723820031808 0.5987598560609986 0.7145635250232064 0.6309409796875001 0.97665774375
4 1.0079397502032237 0.6879360635569587 0.9702364218750003 0.38086709687500003 0.7252015904217765 0.4109535911305414 0.76290491875 0.7180225578125
4 1.0258020283708256 0.9328976041598729 0.9999999997972401 0.7227569733486539 0.9019232058014144 0.7347992910637811 0.9277252343749998 0.9449399218750001
4 0.1310303625 0.6617970984375 0.1210332671558243 0.580377296617022 0.0760585203125 0.5858995015624999 0.0860556156566757 0.667319303382978
4 0.5555204281250001 0.9906409250000001 0.5221967796875001 0.7192415859375001 0.3438486436247601 0.7411399833550026 0.3771722920622601 1.0125393224175028
4 0.14121291567604916 0.969096722290762 0.12988287500000004 0.8768209468750001 0.08413269994895088 0.8824383620842383 0.09546274062500001 0.9747141375000001
4 0.8573655718750001 0.9488562999999999 0.8348959121943196 0.7658556029706819 0.7806160434443195 0.772520332658182 0.8030857031249999 0.9555210296875
4 0.1388906057195551 0.7899191779982797 0.13060729822529205 0.7224570560842051 0.0949376703125 0.7268367359375001 0.10322097780676306 0.7942988578515747
0 0.37955568281249996 0.27550511875 0.3476601915388945 0.01573718113778786 -0.031895491273605456 0.06234075770028787 0 0.32210869531249997
4 0.8810367000015737 0.9365044453253193 0.8376207468749998 0.5829098796875 0.6794337031234259 0.6023328062371808 0.72284965625 0.9559273718749999
0 0.098513596875 0.19824212656249998 0.0825182453125 0.06797044375 0.02125953733424918 0.0754920674000679 0.037254888896749175 0.2057637502125679
4 0.8335964078125 0.47320761874999995 0.8227424187500001 0.38480897656250007 0.7793185236067786 0.39014076075366405 0.7901725126692786 0.4785394029411639
4 0.69847395625 0.22532724062499992 0.6829546575239596 0.09893269046857746 0.6077382684614596 0.10816810140607744 0.6232575671875 0.23456265156249995
4 0.7820826047297749 0.27803075346930106 0.7698956703125 0.17877613750000002 0.6962301358952251 0.18782112778069893 0.7084170703125 0.28707574375
4 0.10030785943076408 0.26413965201666195 0.09145329062500003 0.19202497031250002 0.05345738275673593 0.1966902807958381 0.0623119515625 0.2688049625000001
4 0.7592534812529312 0.9703483531488736 0.7494468078125 0.8904794062500002 0.6858618203095687 0.8982866609136264 0.69566849375 0.9781556078124998
4 0.9669482656503199 0.20023391114371442 0.9411468343149914 -0.009901884158308593 0.8605024592896713 1.047706366108514e-11 0.8863038906249999 0.21013579531250004
4 0.5130115313039723 0.22133718280587308 0.49682575935179346 0.08951464668599855 0.419283090625 0.09903568906250002 0.43546886257717865 0.23085822518237453
0 0.27437038137524256 0.8740353369575191 0.260184028061241 0.7584967604182252 0.19272190762349845 0.7667800672107065 0.2069082609375 0.8823186437500002
0 0.14883967499999998 0.58247291875 0.12751253981556795 0.40877734209503497 -0.009737983621932001 0.425629587407535 0.0115891515625 0.5993251640625
4 0.7853315188573006 0.38782822323247423 0.7729541624767936 0.2870227544984985 0.6985131998694932 0.29616295626602424 0.7108905562500001 0.39696842499999996
4 0.6571759953160526 0.6774804765914342 0.6248996609375 0.4146108328125 0.5039330984339472 0.4294636593460659 0.5362094328124999 0.6923333031250001
0 0.0231225171875 0.10989647343750002 0.01674342012386183 0.05794288571091365 -0.006379097063638171 0.060781973210913644 0 0.1127355609375
0 0.8410678672601966 0.9571543427795646 0.8260246203125001 0.8346369265625002 0.7143631780523035 0.8483472275329358 0.7294064250000001 0.9708646437500003
4 0.6524350203125 0.9850382453125002 0.6352019327770354 0.8446860168986634 0.5855746250000001 0.8507794843750001 0.6028077125354647 0.9911317127888368
4 0.9921818531250001 0.8929470890625 0.9878021734375 0.8572774609374999 0.959886812357276 0.860705036337609 0.9642664920447761 0.8963746644626089
0 0.09559437039682235 0.5591001725617504 0.088072746875 0.4978414640624999 0.046975132728177646 0.5028876165007496 0.05449675625 0.5641463250000001
4 0.6813850969222504 0.32975070507232335 0.6714832125 0.24910632968750002 0.6210804780777497 0.25529500742767663 0.6309823625 0.33593938281249996
4 0.37099850312499993 0.28914968124999996 0.3476719495261468 0.09917014517883097 0.1825060651511468 0.11944996549133098 0.20583261874999997 0.3094295015625
4 0.5322713703124998 0.9871986140625001 0.5241784843749999 0.9212873453125002 0.49393684358499035 0.9250005517811042 0.5020297295224904 0.990911820531104
0 0.0490157828125 0.50027570625 0.03835221609389119 0.4134279169380764 -0.010499665156108806 0.4194261731880764 0.00016390156250000175 0.5062739625
4 0.40627537677444997 0.8200578220386946 0.4001819109375 0.7704305124999998 0.37304197637375647 0.773762876587807 0.37913544221070644 0.8233901861265016
0 0.23849659062500006 0.8831627859375002 0.2319270718659192 0.8296583452385431 0.2040117109375 0.8330859203125002 0.21058122969658086 0.8865903610114574
0 0.05435749218749999 0.0950416625 0.04912092002054672 0.05239319359399651 0.017328424708046724 0.05629682015649651 0.022564996875 0.0989452890625
4 0.5859918875 0.4374917984375 0.5556197632377942 0.1901306872175595 0.3889030249767935 0.21060092793599855 0.4192751492389995 0.45796203915593914
0 0.2791721328816889 0.8939107990009981 0.2734595076694809 0.8473851972727033 0.247095 0.8506223515625001 0.25280762521220795 0.8971479532907949
0 0.5878841843750001 0.9913898578125002 0.5720792546875001 0.8626690281250001 0.5139222529673984 0.8698098096539377 0.5297271826548984 0.9985306393414378
0 0.12257137031250001 0.54161970625 0.1163826921114393 0.4912169712555354 0.08381477187499997 0.495215809375 0.09000345007606067 0.5456185443694646
0 0.047572890625 0.5398087234374999 0.04128900155144773 0.4886305624099864 0.02190333437499999 0.49101082343749997 0.028187223448552262 0.5421889844650134
4 0.9411116531602591 0.9385735737246625 0.9141671029712576 0.7191278221853691 0.7978530998109986 0.7334093859607065 0.82479765 0.9528551375
0 0.504719853125 0.9999999999999998 0.4914888592282651 0.8922422097424402 0.39533594972547614 0.9040483033505584 0.408566943622211 1.0118060936081181
0 0.45198301093750004 1 0.4440101624771179 0.9350663638761405 0.40601425468749996 0.9397316749999998 0.41398710314788206 1.0046653111238593
0 0.062953915625 0.152232815625 0.057431710937500005 0.1072580671875 0.03184263107723816 0.11040001109296778 0.03736483576473816 0.15537475953046778
0 0.06790485781249998 0.192555003125 0.06276349525293749 0.15068196201490236 0.040276121874999994 0.1534430640625 0.04541748443456249 0.19531610517259762
4 0.304380371875 0.8876671484375 0.29819169357375197 0.8372644126270753 0.2788060265625 0.8396446734375 0.284994704863748 0.8900474092479248
0 0.01780249077387231 0.14990554339996784 0.013041970218254881 0.11113420860743499 -0.004760520555617431 0.11332007926996712 -2.7755575615628915e-18 0.15209141406249999
4 0.763709817288472 0.6155985117598506 0.7402880530369705 0.4248435477205571 0.6588682513734985 0.4348406422107064 0.6822900156249999 0.6255956062499999
0 0.045166135937500004 0.488154509375 0.04069124526509441 0.4517094558639124 0.014326737499999992 0.45494661093750005 0.018801628172405587 0.49139166444858756
0 0.1034840859375 0.5848934171875 0.0998660889510697 0.5554272022174731 0.08668383439820648 0.5570457798765016 0.0903018313846368 0.5865119948465285
2 0.6719602578125001 0.20811767031250006 0.6642482140625001 0.14530810781250003 0.6254768795540502 0.15006862860063724 0.6331889233040502 0.21287819110063727
0 0.0876851109375 0.186977825 0.0832102203125 0.1505327703125 0.06692625924723436 0.15253218958443254 0.07140114987223435 0.18897724427193252
4 0.0757945734375 0.21834824687499998 0.07331910179900404 0.19818715309596094 0.05083172679900403 0.20094825622096094 0.0533071984375 0.22110935
0 0.6238816656963989 0.9255747927689983 0.6138845718749999 0.844154990625 0.5898463437018074 0.847106513670003 0.5998434375232065 0.9285263158140014
0 0.6545473625058016 0.8163358344222506 0.6511197875000001 0.7884204734375001 0.6394883874941983 0.7898486296402498 0.6429159624999999 0.817763990625
0 0.03431810283019761 0.13056110609434632 0.031366579664293535 0.10652287793599853 0.0174088984375 0.108236665625 0.020360421603404066 0.1322748937833478
2 0.6614576397240991 0.22514957023126586 0.655840225 0.1793993953125 0.623272302959205 0.1833982330247079 0.628889717683304 0.22914840794347374
0 0.3877457640625 0.25246022656250006 0.3840325577494995 0.22221858542440218 0.3638714640624999 0.22469405625000002 0.3675846703755004 0.2549356973880979
1 0.9378057812881361 0.9437021862480949 0.9163834359374998 0.7692311828125 0.8783875296493637 0.7738964934394051 0.8998098749999999 0.9483674968749998
0 0.3931068671875 0.8153777734375 0.3910122375018756 0.7983183861291206 0.37627912968937566 0.8001273845666207 0.37837375937500006 0.8171867718750001
4 0.6945534559866042 0.9562532404654902 0.6462817701002921 0.5631119123342049 0.45707765937500006 0.58634325625 0.5053493452613121 0.9794845843812853
0 0.37684840781249995 0.8945115328124998 0.37380167495897 0.869697879353337 0.358293140625 0.8716020874999998 0.36133987347853 0.8964157409591627
0 0.09875700629293802 0.264330072224702 0.0949485890625 0.23331300468750005 0.08021548276956199 0.23512200277529804 0.0840239 0.2661390703125