2 0.0481190125000001 0.7457519624999999 2.0243362541805253e-12 0.7389892765480968 -0.02696478749797566 0.9308537156105967 0.021154225000000103 0.9376164015624999
2 0.7148646812500001 0.778709515625 0.5864392901145374 0.7606605046157592 0.563280017157236 0.9254473002153416 0.6917054082926984 0.9434963112245824
2 0.330098732829737 0.6086618030023531 0.2604705093750001 0.59887619375 0.2445960765452632 0.711828645435147 0.3142243000000001 0.7216142546875001
0 0.10717547819463007 0.6735811729420575 6.661338147750939e-17 0.6585186421875 -0.038055143819629864 0.9292950676829423 0.06912033437500013 0.9443575984374999
0 0.9488364921875002 0.5678134218750002 0.8196374546875 0.5496556812500001 0.7868013011464867 0.7832970532861283 0.9160003386464867 0.8014547939111283
4 0.46951408452241744 0.649556403145718 0.3271630499320758 0.6295502703029539 0.29726257947215845 0.8423031765322359 0.4396136140625001 0.862309309375
4 0.5479283938010131 0.7820716949495249 0.4388441765625002 0.7667409078125 0.4145976124489873 0.9392641738004752 0.5236818296875001 0.9545949609375001
4 0.7804280906298585 0.896006959340431 0.6597391687500002 0.8790452375000001 0.6427400854563755 0.9999999999323826 0.7634290073362339 1.0169617217728135
0 0.21480441878600715 0.6319046325562965 5.551115123125783e-17 0.601715840625 -0.045883631286007 0.9281948455687035 0.1689207875000001 0.9583836375000001
4 0.634610271993729 0.9062817850927003 0.5688502828125002 0.8970398218750004 0.5559115342562713 0.9891038070948003 0.6216715234375002 0.9983457703125002
0 0.5253464812688852 0.03336125142812533 0.27081664177900266 -0.002410584319122766 0.1988380542601176 0.509743683002752 0.45336789375000003 0.54551551875
0 0.37856096406250006 6.661338147750939e-17 0.22151063862272466 -0.022071984377455924 0.18909437122806252 0.2085817374090789 0.3461446966678379 0.23065372178653484
0 0.17896223281250007 2.7755575615628914e-17 0.07065166245131603 -0.015222057466095135 0.043841118701316 0.17554488003390484 0.15215168906250004 0.1907669375
0 0.1860374156342303 0.22471959368432426 0.04136543901620112 0.2043872734309931 -0.009628454743029058 0.5672276828716689 0.1350435218750001 0.587560003125
4 0.8842224719769625 0.09010940552450153 0.6134460464287455 0.05205426087478306 0.48384109679385573 0.9742414005773729 0.7546175223420728 1.0122965452270913
0 0.3908154734375001 0.2945235171875001 0.2755420812604761 0.2783228983629589 0.24455432031250002 0.49881227343750006 0.35982771248952405 0.5150128922620412
0 0.44307218906250007 0.29318951406250005 0.378859493659753 0.2841650084546414 0.354504201472253 0.45746192095464144 0.4187168968750001 0.46648642656250006
2 1.056539070239446 0.09697051188652969 0.8742361561240776 0.07134950913770782 0.8176970858846315 0.47364591287617824 1 0.49926691562500014
0 0.5278596656250001 0.4589465359375001 0.455136854549049 0.4487260119226318 0.43784894673654895 0.5717358744226317 0.5105717578125001 0.5819563984375001
2 0.8150248282130625 0.610543786873403 0.7508121328125 0.6015192812500001 0.7240648030369374 0.7918364256265973 0.7882774984375001 0.8008609312500002
2 0.9458756375 0.8695566453125002 0.8367914197215747 0.8542258577294511 0.8223304640625001 0.9571209000000002 0.9314146818409255 0.9724516875830492
0 0.037195979755083444 0.6550679901441195 6.661338147750939e-17 0.6498404359375001 -0.017722825076206393 0.775944884917237 0.019473154678876982 0.7811724391238565
4 0.6142572000000002 0.50659066875 0.498210159375 0.49028132031249994 0.48211826911155287 0.604781065675813 0.5981653097365529 0.6210904141133131
2 0.9400920796875003 0.9500033812500002 0.910693496875 0.9458716796875002 0.9030862572101747 0.9999999999153488 0.9324848400226748 1.0041317014778488
2 0.7493026406250001 0.03406805312500012 0.5767793749499616 0.009821489418542917 0.5218712374499614 0.400513189418543 0.6943945031250001 0.4247597531250002
4 0.7153415218750002 0.4048247578125002 0.5822742498883151 0.3861233726696806 0.554765817075815 0.5818560461071807 0.6878330890625002 0.6005574312500002
0 1.011090354416647 0.36512998330853463 0.9849386793354427 0.36145460576133176 0.9738483249187959 0.4403665927652973 1.0000000000000002 0.4440419703125002
4 0.7296852875 0.6395743421875 0.53936814375 0.6128270109375 0.5208842155483712 0.7443469890517305 0.7112013592983712 0.7710943203017304
2 0.8338013515625002 0.9484769656250002 0.8005345315908828 0.9438016197498449 0.7926363656250002 1 0.8259031855966177 1.0046753458751554
2 0.8606908343946721 0.8694186186100279 0.7547012046875001 0.8545227468750001 0.7342557091384915 0.999999999966761 0.8402453388456633 1.0148958717017889
0 0.8293518828512033 0.7892771481621121 0.7945377703125001 0.7843843437500001 0.7880140312112968 0.8308031596503882 0.82282814375 0.8356959640625001
4 0.7956459812500001 0.7372044250000002 0.7051292907327049 0.7244831336086404 0.6753375484375 0.9364623921874999 0.7658542389547952 0.9491836835788596
4 0.5255261401137246 0.59904772827274 0.3135468807689888 0.5692559858698983 0.30039067343750014 0.6628672640625 0.5123699327822359 0.6926590064653417
0 0.3177998971050766 0.3986563764879201 0.261323670558106 0.3907191607524227 0.24762381875000003 0.48819867500000014 0.30410004529697066 0.4961358907354976
4 0.6178870126248824 0.6940766912989162 0.5590898453427645 0.6858132888471584 0.5344083670928821 0.8614311428607424 0.5932055343750001 0.8696945453125002
0 0.8873085141383583 0.7193185697727406 0.8594572250000002 0.7154043265625002 0.853694588986642 0.7564076146022598 0.8815458781250001 0.7603218578125002
0 0.8694728360249172 0.6497530665654957 0.8393006046875 0.6455126359375001 0.8306022857221583 0.7074043905947359 0.8607745170595755 0.7116448212227315
2 0.35095373446622447 0.6455166774759054 0.30376127187500007 0.6388842093750001 0.2940843920962758 0.7077387865865947 0.34127685468750013 0.7143712546875001
0 0.4274653906250001 0.42669170156250014 0.3802729282067579 0.4200592337932633 0.3711396937500001 0.4850455765625001 0.41833215616824226 0.4916780443317369
0 0.3968749562631573 0.4815620811563816 0.3520034343749999 0.47525580000000006 0.3423265546743427 0.5441103766561186 0.38719807656250005 0.5504166578125002
4 0.3616928158269557 0.5578771157505112 0.3516354062500001 0.5564636390625 0.3422847138471584 0.6229972749697358 0.35234212342411403 0.6244107516577471
0 0.27047785625000004 3.3306690738754695e-17 0.2348900968945208 -0.005001532951397986 0.22609564843749994 0.05757422500000002 0.26168340779297916 0.06257575795139804
0 0.4698110580485969 0.43974334675758353 0.4411861203427644 0.43572037478465847 0.43411873729416756 0.4860074264645752 0.46274367500000013 0.4900303984375002
4 0.42917146425381336 0.8860874486387361 0.33865477343750017 0.8733661578125002 0.3249549216596585 0.9708456718447358 0.4154716124759717 0.9835669626709718
0 0.8567264984375003 0.5832696078125 0.8373853250151322 0.5805513827048292 0.8319488750151323 0.6192337280173292 0.8512900484375002 0.6219519531250001
2 0.501124921875 0.5088363031250001 0.4709526920335637 0.5045958729703134 0.46301547640856366 0.5610720995328135 0.49318770624999997 0.5653125296875001
2 0.18643453125000015 0.7888587750000002 0.16631971108335553 0.7860318208371851 0.16131817670835555 0.8216195802121853 0.18143299687500017 0.8244465343750003
2 0.3022766141739571 0.9581913093906642 0.2751989718750002 0.9543857953125 0.2725894764510432 0.9729533218593358 0.2996671187500001 0.9767588359375001
0 0.012698535937500088 0.7171061062499999 8.881784197001253e-17 0.71532144375 -0.0047840743407697615 0.7493619079520204 0.007914461596730238 0.7511465704520204
2 0.1344579921875001 0.8162667718750001 0.1073803500177424 0.8124612576862569 0.10020423750000007 0.8635219546874998 0.12728187966975776 0.8673274688762429
0 0.5466821562500002 0.9144364171875001 0.5087734562505576 0.9091086968710336 0.5010536984375001 0.9640376281249999 0.5389623984369427 0.9693653484414664
0 0.27121367350846937 0.8536318682450273 0.25187250000000017 0.85091364375 0.24828444367903088 0.8764439926924726 0.2676256171875001 0.8791622171875
2 0.11596573131584423 0.8468028214064951 0.10281373281250013 0.8449544281250002 0.09955186243415601 0.8681638364060051 0.11270386093750011 0.8700122296874999
4 0.9031744860810447 0.9432370958536269 0.884606959375 0.9406276 0.8762627122398111 0.9999999999634328 0.8948302389458558 1.0026094958170597
2 0.6624575626321663 0.2758975224970895 0.6377008609375001 0.2724181953125001 0.631503309242834 0.31651607125291076 0.6562600109375001 0.3199953984375001