4 0.9985058921875 0.5389082093750001 0.581349362501294 0.502411741964224 0.5379076718733192 0.9989525359567123 0.9550642015595251 1.0354490033674884
4 0.6309438876255172 0.40166330950283397 0.011435310737410576 0.3474633327949944 -0.041675219405767586 0.9545194783009425 0.5778333574823391 1.0087194550087821
4 0.6214055828125 0.008711693750000072 0.04548052190311971 -0.04167522069976335 -0.006812924342750726 0.5560415981052784 0.5691121365666295 0.6064285125550418
4 0.8455493890805263 0.028321735731461246 0.4517411711911171 -0.0061320188118928086 0.4168788741802755 0.39234586086578344 0.8106870920696847 0.4267996154091375
4 0.29615278593750005 0.7503737921875 0.008190255822907732 0.7251803359001342 -0.012100690061935504 0.9571069143247053 0.2758618400526568 0.982300370612071
4 0.5922847547326416 0.5566963932340314 0.38370649062500006 0.538448159375 0.3672286076768373 0.7267912203006313 0.5758068717844789 0.7450394541596626
4 0.477603540625 0.3615838046875 0.3032694687698356 0.34633154977327785 0.28529359687499994 0.55179670625 0.45962766873016436 0.5670489611642222
4 0.4100726562500002 0.7211287765625 0.2933310905770432 0.7109152130481504 0.27004416557704314 0.9770859849231506 0.38678573125000015 0.9872995484375002
4 0.9818918282387676 0.7288078221371297 0.7904356593750002 0.7120575781250001 0.7657869262722425 0.9937938921621059 0.9572430951360102 1.0105441361742353
0 0.6337303046911342 0.764223314020961 0.5621288109375 0.7579589953125 0.5506896203088658 0.8887095484790389 0.6222911140625 0.8949738671875002
4 0.5379972796875 0.31667657968750007 0.4430474734662071 0.3083695481093763 0.42983793124999997 0.45935530781250006 0.5247877374712929 0.46766233939062385
4 0.2714045625059078 0.836042838994975 0.16867198437500008 0.8270549031250001 0.1560071656190924 0.9718144453800253 0.25873974375000014 0.98080238125
4 0.9655501266168379 0.9155943290664155 0.8192340296875 0.9027933296875 0.8107295482788686 0.9999999999861217 0.9570456452082065 1.012800999365037
0 0.6525656000000001 0.8537054234375002 0.6136517436949523 0.8503009021916995 0.6083406905699523 0.9110065178166993 0.6472545468750001 0.9144110390625
0 0.42595148597120397 0.898186466802265 0.37458519687500014 0.8936924984375002 0.36695906871629647 0.9808595347602355 0.41832535781250024 0.9853535031250003
4 0.12308526718750015 0.8999215390625 0.07483208598166625 0.895699932307679 0.06884012812500014 0.9641883171875 0.11709330933083402 0.968409923942321
0 0.4540075640625 0.8284915046875 0.4166502625 0.8252231640625001 0.4105221239438627 0.8952681031693007 0.4478794255063628 0.8985364437943006
0 0.6708752226162792 0.9133406423890544 0.5977171734375001 0.9069401421875 0.5896825029757429 0.9987768421744418 0.662840552154522 1.0051773423759962
0 0.42690334065137386 0.7618129840735464 0.3770936046875001 0.7574551968750001 0.3691951155986263 0.8477353409264538 0.41900485156250006 0.8520931281250002
4 1.027200535836101 0.1571438822281997 0.8030567295385869 0.1375338405837861 0.7714627733899861 0.4986544192930866 0.9956065796875002 0.5182644609375002
4 0.697172940625 0.20041976093750008 0.5601961702390547 0.1884358461519839 0.5479398936765547 0.3285257258394839 0.6849166640625 0.3405096406250001
4 0.9998677001012146 0.5233426660306139 0.8940220125118691 0.5140823686143373 0.8710074499106545 0.7771400322712236 0.9768531375 0.7864003296875002
4 1.0017703512103384 0.0419892997510712 0.973186834375 0.0394885656250001 0.9714164830598057 0.05972377019743549 0.9999999998951441 0.06222450432350659
4 0.33395955474738853 0.9277814586904715 0.2779236031250001 0.9228789484374997 0.2727487311143374 0.9820280093631311 0.3287846827367259 0.9869305196161026
0 0.412466757862852 0.8013301275494745 0.3813356734375001 0.7986065109375 0.37779497182464816 0.8390769208880254 0.40892605625000006 0.8418005375
4 0.18248763750000013 0.9380564109374999 0.14357378217906103 0.9346518905695813 0.1404416234375001 0.9704526375 0.1793554787584392 0.9738571578679187
0 0.6016664172553314 0.8618000695371844 0.5643091156250001 0.8585317296874999 0.5577724358696687 0.9332463335878156 0.5951297375000001 0.9365146734375001
0 0.5816450093750001 0.839658334375 0.5162697328292486 0.8339387388710623 0.5041496375 0.9724720640624998 0.5695249140457515 0.9781916595664377
0 0.5405141578126693 0.9333048968730671 0.49537408438686903 0.9293556529893376 0.48992685156250015 0.9916178218750001 0.5350669249883004 0.9955670657587297
4 0.17927645040905973 0.8671943859732879 0.12012738948342867 0.8620195139626252 0.11141181562500009 0.9616389843749997 0.17056087655063115 0.9668138563856624
0 0.6035143843750002 0.822750034375 0.5677136375327289 0.8196178746259084 0.562266403125 0.8818800437500001 0.5980671499672712 0.8850122034990916
0 0.5754202046875002 0.9645912140625003 0.5442891203125002 0.9618675968750002 0.5409529670558548 0.9999999999884827 0.5720840514308548 1.0027236171759826
0 0.6737470118484783 0.21719187976720034 0.6363897102978472 0.21392353900653766 0.6306701140625 0.2792988156250001 0.6680274156131312 0.28256715638566277
0 0.5521876093750001 0.8715874515625002 0.4790295611036166 0.8651869512262795 0.46922453921003165 0.9772588561262061 0.5423825874814152 0.9836593564624267
4 0.9049764584029274 0.5322939125516559 0.8038004343750002 0.52344215625 0.8001235509720729 0.5654691202608444 0.9012995750000001 0.5743208765625003
0 0.7009083890888739 0.17565107469854635 0.651098653125 0.17129328750000003 0.6432001640361263 0.2615734315514538 0.6930099000000001 0.2659312187500001