2 0.8828125 0.2921875000000001 0.6453125 0.2921875000000001 0.6453125 0.6093750000000001 0.8828125 0.6093750000000002
2 0.7906250000000001 0.58125 0.6609375 0.58125 0.6609375000000001 0.7906250000000001 0.7906250000000001 0.7906250000000001
0 0.990625 0.7500000000000002 0.8140625 0.7500000000000002 0.8140625 1 0.990625 1
4 0.09843750000000008 0.4625 5.663991446056509e-17 0.4625 7.701880260262651e-17 0.7953125 0.0984375000000001 0.7953125
4 0.5078125 0.16718750000000004 0.3359375 0.16718750000000004 0.33593750000000006 0.39062500000000006 0.5078125 0.3906250000000001
0 0.20468750000000005 0.10937500000000003 0.07343750000000002 0.109375 0.07343750000000004 0.615625 0.20468750000000008 0.615625
1 0.4921875000000001 0.478125 0.23593750000000008 0.478125 0.23593750000000008 0.796875 0.49218750000000017 0.796875
0 0.7578125 0.08437500000000007 0.5734375 0.08437500000000006 0.5734375 0.2750000000000001 0.7578125 0.2750000000000001
2 0.3984375 0.17187500000000006 0.3640625 0.17187500000000006 0.3640625 0.2234375000000001 0.3984375 0.2234375000000001
4 0.65625 0.0031250000000000713 0.5109375 0.0031250000000000626 0.5109375 0.23437500000000008 0.65625 0.23437500000000008
4 0.91875 0.07656250000000012 0.84375 0.07656250000000012 0.84375 0.1718750000000001 0.91875 0.17187500000000014
4 0.18906250000000002 0.1765625 0.1390625 0.1765625 0.13906250000000003 0.259375 0.18906250000000005 0.259375
2 0.3421875 0.14375000000000004 0.309375 0.14375000000000004 0.309375 0.19218750000000004 0.3421875 0.19218750000000004
4 0.8828125 0.93125 0.85625 0.93125 0.85625 0.9671875 0.8828125 0.9671875
2 0.609375 0.3375000000000001 0.5875 0.3375000000000001 0.5875 0.3781250000000001 0.609375 0.3781250000000001
0 0.246875 0.17656250000000004 0.184375 0.17656250000000004 0.184375 0.315625 0.246875 0.315625
2 0.9046875 0.7750000000000001 0.8734375 0.7750000000000001 0.8734375 0.8203125 0.9046875 0.8203125
2 0.678125 0.01250000000000008 0.64375 0.012500000000000077 0.64375 0.050000000000000086 0.678125 0.050000000000000086
2 0.7500000000000002 0.9421875 0.7093750000000002 0.9421875 0.7093750000000002 1 0.7500000000000002 1
4 0.665625 0.6390625 0.6125 0.6390625 0.6125 0.725 0.665625 0.725
0 0.278125 2.6789148731348354e-17 0.159375 1.951780836141094e-17 0.15937500000000002 0.2 0.278125 0.2
4 1 0.04531250000000011 0.8265625 0.0453125000000001 0.8265625 0.3593750000000001 1 0.3593750000000001
2 0.6078125 0.5140625 0.4921875 0.5140625 0.4921875 0.6484375 0.6078125 0.6484375
2 0.2546875 0.026562500000000027 0.2109375 0.026562500000000024 0.2109375 0.07968750000000002 0.2546875 0.07968750000000002
2 0.5359375 0.15937500000000004 0.5046875 0.15937500000000004 0.5046875 0.20312500000000008 0.5359375 0.20312500000000008
2 0.8515625 0.7796875000000002 0.8203125 0.7796875000000002 0.8203125 0.8171875 0.8515625 0.8171875
2 0.4468750000000002 0.8828125 0.30156250000000007 0.8828125 0.30156250000000007 0.996875 0.4468750000000002 0.996875
2 0.8921875 0.8234375 0.8671875 0.8234375 0.8671875 0.8703125 0.8921875 0.8703125
1 0.4640625 0.5203125 0.3828125000000001 0.5203125 0.3828125000000001 0.64375 0.4640625 0.64375
2 0.08750000000000005 0.3453125 0.042187500000000044 0.3453125 0.04218750000000005 0.4625 0.08750000000000006 0.4625
4 0.3546875000000001 0.5203125 0.2484375000000001 0.5203125 0.2484375000000001 0.6125 0.3546875000000001 0.6125
0 0.3187500000000001 0.8171875 0.1687500000000001 0.8171875 0.16875000000000012 0.990625 0.3187500000000001 0.990625
2 0.21875000000000008 0.9234375 0.18750000000000014 0.9234375 0.18750000000000014 0.971875 0.21875000000000008 0.971875
0 0.871875 0.1984375000000001 0.7203125 0.1984375000000001 0.7203125 0.3843750000000001 0.871875 0.3843750000000001
0 0.6281250000000002 0.8328125 0.4781250000000002 0.8328125 0.4781250000000002 1 0.6281250000000002 1
0 0.996875 0.4578125000000002 0.9125 0.4578125000000002 0.9125 0.5953125000000001 0.996875 0.5953125000000001
2 0.12656250000000008 0.5390625 0.07187500000000006 0.5390625 0.07187500000000006 0.621875 0.12656250000000008 0.621875
2 0.7078125 0.465625 0.659375 0.465625 0.659375 0.5296875 0.7078125 0.5296875
0 0.0718750000000001 0.7609375 9.318796737261892e-17 0.7609375 1.0677389280065986e-16 0.9828125 0.0718750000000001 0.9828125
0 0.665625 0.3546875000000001 0.584375 0.3546875000000001 0.584375 0.50625 0.665625 0.50625
4 0.2468750000000001 0.8203125 0.20312500000000008 0.8203125 0.20312500000000008 0.8796875 0.2468750000000001 0.8796875
2 0.3453125000000001 0.646875 0.27812500000000007 0.646875 0.27812500000000007 0.759375 0.3453125000000001 0.759375
4 0.3218750000000001 0.784375 0.22812500000000008 0.784375 0.22812500000000008 0.8390625 0.3218750000000001 0.8390625
2 0.859375 0.06875000000000012 0.8390625 0.06875000000000012 0.8390625 0.0953125000000001 0.859375 0.0953125000000001
2 0.7296875 0.5703125000000001 0.7 0.5703125 0.7 0.6375000000000001 0.7296875 0.6375000000000002
0 1 0.5015625000000001 0.959375 0.5015625000000001 0.959375 0.9578125 1 0.9578125
2 0.3140625000000001 0.3890625 0.24218750000000008 0.3890625 0.24218750000000008 0.50625 0.3140625000000001 0.50625
4 1 0.010937500000000105 0.734375 0.01093750000000009 0.734375 0.1281250000000001 1 0.12812500000000013
0 0.8625 0.06875000000000012 0.8234375 0.06875000000000012 0.8234375 0.1828125000000001 0.8625 0.1828125000000001
0 0.628125 0.61875 0.559375 0.61875 0.5593750000000001 0.7765625 0.6281250000000002 0.7765625
2 0.4234375 0.525 0.37968750000000007 0.525 0.37968750000000007 0.5984375 0.4234375 0.5984375
4 0.49375 4.91772230282609e-17 0.309375 3.788751034862124e-17 0.309375 0.060937500000000054 0.49375 0.06093750000000007
4 0.07031250000000006 0.346875 4.247993584542381e-17 0.346875 5.539613255518106e-17 0.5578125 0.07031250000000007 0.5578125
0 0.3437500000000001 0.475 0.30156250000000007 0.475 0.30156250000000007 0.5421875 0.3437500000000001 0.5421875
4 0.3125000000000001 0.7 0.27812500000000007 0.7 0.27812500000000007 0.759375 0.3125000000000001 0.759375
0 0.7093750000000001 0.71875 0.671875 0.71875 0.6718750000000001 0.7671875 0.7093750000000002 0.7671875
4 0.6328125 0.38750000000000007 0.590625 0.38750000000000007 0.590625 0.45625 0.6328125 0.45625
2 0.21875000000000008 0.8203125 0.1984375000000001 0.8203125 0.1984375000000001 0.86875 0.21875000000000008 0.86875
0 0.8921875 0.1468750000000001 0.83125 0.1468750000000001 0.83125 0.21093750000000008 0.8921875 0.21093750000000008
4 0.6859375000000002 0.7734375 0.5718750000000001 0.7734375 0.5718750000000001 0.946875 0.6859375000000002 0.946875
0 0.9921875 0.4671875000000002 0.8046875 0.4671875000000002 0.8046875 0.7031250000000002 0.9921875 0.7031250000000002
0 0.7734375 0.009375000000000088 0.6859375 0.009375000000000083 0.6859375 0.07656250000000009 0.7734375 0.07656250000000009
4 0.5671875 0.465625 0.4625 0.465625 0.4625 0.54375 0.5671875 0.54375
0 0.5359375 0.007812500000000062 0.46875 0.007812500000000059 0.46875 0.10781250000000005 0.5359375 0.10781250000000005
0 0.6625 0.5515625 0.646875 0.5515625 0.646875 0.6078125 0.6625 0.6078125
2 0.3656250000000001 0.409375 0.3515625000000001 0.409375 0.3515625000000001 0.428125 0.3656250000000001 0.428125
4 0.3078125000000001 0.54375 0.2968750000000001 0.54375 0.2968750000000001 0.5671875 0.3078125000000001 0.5671875
4 0.85 0.0125000000000001 0.7546875 0.012500000000000094 0.7546875 0.0687500000000001 0.85 0.06875000000000012
4 0.4015625 0.3968750000000001 0.3781250000000001 0.3968750000000001 0.3781250000000001 0.43125 0.4015625 0.43125