4 0.6984375 0.2671875000000001 0.4703125 0.2671875000000001 0.4703125000000001 0.803125 0.6984375000000002 0.803125
4 0.6203125 6.458098354878621e-17 0.434375 5.319559533796316e-17 0.434375 0.2500000000000001 0.6203125 0.2500000000000001
4 0.465625 0.29375000000000007 0.2921875 0.29375 0.29218750000000004 0.53125 0.465625 0.53125
2 0.4390625000000002 0.790625 0.2531250000000001 0.790625 0.2531250000000001 1 0.4390625000000002 1
0 0.86875 0.6765625000000001 0.7203125 0.6765625 0.7203125000000001 0.9515625 0.86875 0.9515625
0 0.2406250000000001 0.646875 0.01875000000000008 0.646875 0.0187500000000001 1 0.2406250000000001 1
0 0.17500000000000007 0.5078125 6.218909526920153e-17 0.5078125 7.615772282197602e-17 0.7359375 0.1750000000000001 0.7359375
1 0.4546875 0.007812500000000042 0.2234375 0.007812500000000028 0.2234375 0.35781250000000003 0.4546875 0.3578125000000001
4 0.946875 9.395337162208599e-17 0.5875 7.1947999449907e-17 0.5875 0.13906250000000012 0.946875 0.13906250000000014
4 0.9859375 0.42500000000000016 0.8515625 0.42500000000000016 0.8515625 0.7640625000000002 0.9859375 0.7640625000000002
1 0.85625 0.29375000000000007 0.6453125 0.29375000000000007 0.6453125 0.596875 0.85625 0.5968750000000002
4 0.565625 0.017187500000000057 0.4265625 0.01718750000000005 0.4265625 0.3703125000000001 0.565625 0.3703125000000001
2 0.7812500000000002 0.7421875000000002 0.7406250000000002 0.7421875000000002 0.7406250000000002 0.7984375000000001 0.7812500000000002 0.7984375000000001
4 0.6031250000000001 0.32031250000000006 0.3546875 0.3203125 0.35468750000000004 0.9984375 0.6031250000000001 0.9984375
4 0.6953125000000001 0.534375 0.4671875 0.534375 0.4671875000000001 0.984375 0.6953125000000002 0.984375
2 0.16250000000000012 0.8203125 0.0437500000000001 0.8203125 0.04375000000000011 1 0.16250000000000014 1
4 0.978125 0.13750000000000012 0.8734375 0.1375000000000001 0.8734375 0.37187500000000007 0.978125 0.37187500000000007
4 0.7265625 0.1437500000000001 0.5609375 0.1437500000000001 0.5609375 0.37968750000000007 0.7265625 0.37968750000000007
4 0.675 0.3734375000000001 0.6015625 0.3734375000000001 0.6015625 0.4671875 0.675 0.4671875
2 0.35 0.018750000000000037 0.246875 0.018750000000000027 0.246875 0.07812500000000003 0.35 0.07812500000000004
4 0.11406250000000004 0.3765625 0.050000000000000044 0.3765625 0.05000000000000006 0.4765625 0.11406250000000004 0.4765625
4 0.24531250000000004 0.06562500000000002 8.036744619404505e-18 0.065625 3.3103733789451887e-17 0.475 0.2453125000000001 0.475
2 0.44375 0.01718750000000005 0.3703125 0.017187500000000043 0.3703125 0.08281250000000004 0.44375 0.08281250000000004
4 0.2609375000000001 0.40625 0.09062500000000004 0.40625 0.09062500000000007 0.6609375 0.2609375000000001 0.6609375
4 0.590625 0.01875000000000007 0.534375 0.018750000000000065 0.534375 0.09062500000000007 0.590625 0.09062500000000007
4 0.65 0.3734375000000001 0.6125 0.3734375000000001 0.6125 0.4203125 0.65 0.4203125
4 0.703125 0.415625 0.665625 0.415625 0.665625 0.490625 0.703125 0.490625
4 0.3125 0.11406250000000002 0.1234375 0.1140625 0.12343750000000002 0.3203125 0.3125 0.3203125
4 0.628125 0.3703125000000001 0.509375 0.3703125000000001 0.509375 0.5609375 0.628125 0.5609375
4 0.534375 6.132801548855104e-17 0.4671875 5.72139676476654e-17 0.4671875 0.10625000000000004 0.534375 0.10625000000000004
4 0.7171875 0.01718750000000008 0.58125 0.01718750000000007 0.58125 0.1609375000000001 0.7171875 0.1609375000000001
0 0.9359375 1.0926145661142792e-16 0.8484375 1.0390362686515824e-16 0.8484375 0.026562500000000107 0.9359375 0.02656250000000011
2 0.76875 0.05156250000000009 0.7328125 0.05156250000000009 0.7328125 0.09218750000000009 0.76875 0.09218750000000009
0 0.3515625000000001 0.625 0.3234375000000001 0.625 0.3234375000000001 0.6671875 0.3515625000000001 0.6671875
4 0.2875 0.08906250000000002 0.0859375 0.0890625 0.08593750000000001 0.17812500000000003 0.2875 0.17812500000000003
4 0.86875 0.2484375000000001 0.821875 0.2484375000000001 0.821875 0.3531250000000001 0.86875 0.3531250000000001
0 0.19843750000000002 0.12031250000000002 0.06875000000000002 0.1203125 0.06875000000000002 0.2140625 0.19843750000000004 0.2140625
2 0.08906250000000004 0.38125 0.051562500000000046 0.38125 0.051562500000000046 0.4296875 0.08906250000000004 0.4296875
0 0.896875 0.0671875000000001 0.75625 0.0671875000000001 0.75625 0.1921875000000001 0.896875 0.1921875000000001
2 0.04843750000000008 0.6125 0.023437500000000076 0.6125 0.023437500000000076 0.6515625 0.04843750000000008 0.6515625
2 0.640625 0.02500000000000007 0.5796875 0.025000000000000067 0.5796875 0.09062500000000008 0.640625 0.0906250000000001
0 0.7171875 0.029687500000000082 0.671875 0.02968750000000008 0.671875 0.08125000000000009 0.7171875 0.08125000000000009
4 0.08281250000000001 0.0765625 9.376202055971923e-18 0.0765625 1.923078176786078e-17 0.2375 0.08281250000000002 0.2375
0 0.675 0.403125 0.5828125 0.403125 0.5828125 0.54375 0.675 0.54375
0 0.08125000000000007 0.625 0.06250000000000007 0.625 0.06250000000000008 0.65625 0.08125000000000009 0.65625
4 0.7125 0.17187500000000008 0.6890625 0.17187500000000008 0.6890625 0.22656250000000008 0.7125 0.22656250000000008
4 0.43437500000000007 0.709375 0.2671875000000001 0.709375 0.2671875000000001 0.86875 0.4343750000000002 0.86875
1 0.3328125 0.02031250000000003 0.15 0.020312500000000018 0.15 0.13906250000000003 0.3328125 0.13906250000000003
4 0.6640625 0.2656250000000001 0.571875 0.2656250000000001 0.571875 0.3546875000000001 0.6640625 0.3546875000000001
4 0.7484375 0.15625000000000008 0.7046875 0.15625000000000008 0.7046875 0.2562500000000001 0.7484375 0.2562500000000001
4 0.6796875 0.037500000000000075 0.6703125 0.037500000000000075 0.6703125 0.06406250000000009 0.6796875 0.06406250000000009
1 0.81875 0.2968750000000001 0.559375 0.2968750000000001 0.559375 0.4390625000000001 0.81875 0.4390625000000002
4 0.4921875 0.025000000000000057 0.478125 0.025000000000000057 0.478125 0.06093750000000007 0.4921875 0.06093750000000007