4 0.47871010312500006 0.9999999999999998 0.4375809702630768 0.6086824385922681 0.013355224726243186 0.6532703609662731 0.054484357588166464 1.0445879223740049
4 1.0448633581072375 0.9454866944936644 0.9743066453125 0.2741844140625 0.6728421950818786 0.30586960455385936 0.7433989078766162 0.9771718849850236
4 0.2663814157617605 0.7586491997386893 0.1897816515625 0.02985112187499999 -0.049525178732522296 0.05500328312328977 0.027074585466738223 0.7838013609869791
4 0.633375572267302 0.07985058433376739 0.6233310399696188 -0.01571675483536537 0.4694909343695399 0.0004524921355505307 0.4795354666672232 0.0960198313046833
4 0.8558566079367029 0.9559254636817116 0.7712538827742719 0.15098430432378387 0.4721203435875691 0.18242450626707224 0.55672306875 0.9873656656249998
4 0.8267592718749999 0.32032884843750004 0.8038120078125 0.10200021249999999 0.634432496779565 0.11980271627949754 0.657379760842065 0.3381313522169976
4 0.9963626562499999 0.43918909531249994 0.9626358942439616 0.11830039057308255 0.8220042817439618 0.13308136869808251 0.85573104375 0.4539700734374999
4 0.7356883078124999 0.08166593593750002 0.7272770332013114 0.001638001521634258 0.639479396875 0.010865904687499994 0.6478906714861885 0.09089383910336575
4 0.9592806785040109 0.131221894231046 0.9432227618418734 -0.021558993488397148 0.7381026187499999 0 0.7541605354121375 0.15278088771944315
4 0.9972609484375002 0.44773576875 0.97651858125 0.2503853296875 0.910476110901915 0.2573266730989313 0.9312184780894153 0.4546771121614313
4 0.9753753 0.23950774687499998 0.9670456890624999 0.16025678281250003 0.932082027989971 0.1639316112152827 0.940411638927471 0.24318257527778267
4 0.7085969032066587 0.21255855233943022 0.6987973592942276 0.11932212423150235 0.6374167107750689 0.12577349064207216 0.6472162546875 0.21900991875000003
0 0.9019317843750002 0.2432992046875 0.8814344062435231 0.048279676500873336 0.7198245984374999 0.0652655515625 0.7403219765689772 0.2602850797491266
0 0.8280311359374999 0.033468200000000024 0.8238955030892685 -0.005879724996244451 0.7679536468392685 3.755529220939025e-12 0.7720892796875 0.039347925000000006
4 0.5255074162259528 0.04012701712433732 0.5209342960733783 -0.0033833157049715235 0.4533378859375 0.003721353124999993 0.45791100609007457 0.047231685954308836
0 0.9309131671875 0.055648103125000035 0.9239055959689131 -0.011024486006491762 0.8190146140625 0 0.8260221852810868 0.0666725891314918
4 0.5941089125000001 0.662930490625 0.5255121076874743 0.010275495685458347 0.2683349609545721 0.03730590328743102 0.33693176576709805 0.6899608982269727
4 1.0009216999699468 0.5722539894926901 0.9737279671874999 0.313522903125 0.785701171863869 0.33328531551909557 0.8128949046463159 0.5920164018867857
4 0.5945270609724507 0.08393372689503294 0.5888923234375001 0.030322781249999996 0.5562595734025494 0.033752621542467075 0.5618943109375 0.08736356718750002
0 0.9292846015624999 0.010257178124999999 0.927588544372543 -0.005879726627931925 0.8716466875 0 0.8733427446899569 0.016136904752931926
2 0.568952059375 0.45347517968749995 0.5294272328125 0.07742158750000001 0.41676654858446305 0.08926270296076001 0.45629137514696305 0.46531629514826
0 0.9578994484374999 0.07323611718750002 0.949566871467592 -0.00604305208902145 0.8920710746517784 3.659956782087192e-11 0.9004036516216862 0.07927916931312104
4 0.09478338281250001 0.32184949375 0.08228896508773889 0.20297304832974308 0.02867801821273889 0.2086077858297431 0.041172435937499995 0.32748423125000004
0 0.13708519531250002 0.2011414984375 0.12083428593750001 0.0465244234375 -0.016250909354358602 0.060932658008889806 2.0641399700593867e-11 0.2155497330088898
4 0.6198054612816835 0.04042808590132489 0.6149554806062503 -0.005716400096564533 0.5605675640625 0 0.5654175447379332 0.04614448599788943
0 0.9140460407051206 0.17918167732479873 0.9105345374176897 0.14577195702937096 0.8887793717125687 0.1480585172045722 0.8922908749999996 0.18146823749999996
4 0.5039761245771168 0.1790763280052215 0.4855203171704279 0.00348105608756899 0.35887416875 0.016792103125000006 0.377329976156689 0.1923873750426525
4 0.6302606531976795 0.12495451631649837 0.6261775108477484 0.08610600383357059 0.6067532545250689 0.0881475750170722 0.610836396875 0.12699608749999997
0 0.7135365579832409 0.005438843732054432 0.7126645035843752 -0.0028582000482822558 0.6854705453125 1.1102230246251566e-17 0.6863425997113657 0.008297043780336699
4 0.23604506101084682 0.20095259132284876 0.22052911718749996 0.053328246875 0.08455932648915312 0.06761924773965125 0.1000752703125 0.2152435921875
0 0.9561005187499999 0.07106853281249999 0.9527523421874999 0.03921275312500001 0.9333280858580512 0.041254324244094975 0.9366762624205511 0.07311010393159495
0 0.832818746875 0.273344325 0.831348815505331 0.2593588597989274 0.8220251718749999 0.26033881406250003 0.8234951032446689 0.2743242792635726
4 0.05863678297032669 0.3067953749391209 0.04957220625000001 0.220551678125 -0.009064576720326687 0.22671465162337912 5.551115123125783e-18 0.31295834843750003
4 0.6221267625497124 0.3614754254729827 0.5979545545747815 0.13149223642755486 0.47907810921256894 0.1439866547045722 0.5032503171874999 0.37396984375
0 0.17158445937500003 0.290210775 0.1656230704294761 0.2334919468627053 0.1050193923044761 0.23986164998770532 0.11098078125000002 0.296580478125
0 0.941255746875 0.8566110171875 0.9388875233773684 0.8340788806778863 0.9249020593749998 0.8355488124999999 0.9272702828726315 0.8580809490096136
4 0.3391791171875 0.18068612500000003 0.3225198937409426 0.022184198351324135 0.1671258484375 0.038516770312500004 0.18378507188405743 0.19701869696117588