4 0.41992688758814334 0.4854455555321316 0.004298187459121705 0.43441276874498075 -0.0564460626290215 0.9291349913378493 0.3591826375000001 0.980167778125
4 1.0096025358393848 0.45237493530611383 0.39236289500153015 0.3765874388324669 0.31809876561462447 0.9814202500845035 0.9353384064524789 1.0572077465581502
4 1.0572077483058222 0.06466159543799581 0.4833920030187138 -0.005794118831302719 0.4102703968750001 0.5897335734375001 0.9840861421621085 0.6601892877067986
4 0.6524350203212153 0.014961754616520084 0.26006911893112367 -0.03321472040116452 0.2113213814224085 0.3638037406073154 0.6036872828125001 0.411980215625
4 0.934244896875 0.8225125999999999 0.6473370250000001 0.7872847437500001 0.6212188762746264 0.9999999999646538 0.9081267481496262 1.0352278562146537
4 0.605758396317301 0.5617867548108741 0.39794404477800743 0.5362703608718726 0.3749031218750001 0.7239236187500001 0.5827174734142937 0.7494400126890016
4 0.7243809642164344 0.3905921503088054 0.5506853875 0.3692650156250001 0.5255498357835657 0.5739776606286947 0.6992454125 0.5953047953125001
4 0.658300959375 0.7492750921875001 0.541986957987256 0.7349935282642257 0.5094482539640783 0.999999999911175 0.6257622553518222 1.0142815638344493
4 0.17182180625000007 0.6470386421875001 7.771561172376095e-17 0.625941578125 -0.034466172253736035 0.9066460379311868 0.13735563399626396 0.9277431019936868
0 0.38559616252526296 0.7394046654192508 0.31425690781250004 0.7306453062500001 0.29826155622473716 0.8609169892682494 0.36960081093750013 0.8696763484375
4 0.595550189798256 0.3243982297778395 0.5009481335714624 0.312782557713838 0.4824773109375001 0.46321533437500007 0.5770793671642938 0.4748310064390015
4 0.7560891656250003 0.8887949375000002 0.6537328437500001 0.8762271609375002 0.6385354494272575 0.9999999999296761 0.7408917713022576 1.012567776492176
4 0.10399655781250008 0.8276188421875 4.176586854143238e-11 0.8148496699723451 -0.01256777652073412 0.9172059918473451 0.09142878125000009 0.9299751640625
0 0.31600016718750007 0.8190164609374999 0.27722883300022566 0.8142559390960983 0.2698024187500001 0.8747392218750001 0.3085737529372745 0.8794997437164017
0 0.5408209156250001 0.9111645765625 0.4896427545285791 0.9048806887943078 0.4789791873410791 0.991728477856808 0.5301573484375002 0.9980123656250003
4 0.8336063328125004 0.9754503187500001 0.7855298771240877 0.9695472733146036 0.7817907531250002 1 0.8298672088134129 1.0059030454353965
0 0.5139106484375 0.8354456421875 0.47669016729448915 0.830875541316143 0.46812122812500007 0.90066394375 0.5053417092680109 0.905234044621357
0 0.31981056876674707 0.8777309811136071 0.24692045939820656 0.8687812013734986 0.23568562968750006 0.9602815499999998 0.3085757390560405 0.9692313297401084
0 0.5666926500000001 0.7773828593750002 0.5170653421948176 0.7712893921279038 0.5060209328125 0.8612388875000001 0.5556482406176826 0.8673323547470965
4 0.2789267390625001 0.08244555937500005 0.055603854817730336 0.05502495675185898 0.011426217187499966 0.41482293750000004 0.2347491014322697 0.4422435401231411
4 0.5058970906250001 0.18272878281250007 0.36942199535531384 0.1659717480888098 0.35228411875000004 0.30554855156250016 0.48875921401968625 0.32230558628619044
4 0.11166042343750009 0.4318528515625001 0.006202395358585866 0.4189042339422082 -0.02597872807891417 0.6809984526922082 0.07947930000000006 0.6939470703125001
4 0.6293020171875001 0.9598103078125 0.5734712968750001 0.9529551578125 0.5676949169904021 0.9999999999757992 0.6235256373029021 1.0068551499757992
0 0.5539874406413239 0.8167529420545543 0.5229703734375001 0.8129445250000001 0.5180194312336763 0.8532667126329461 0.5490364984375001 0.8570751296875002
0 0.36255325331400173 0.8373263343982066 0.32533277208720823 0.832756234209205 0.3161925718750001 0.9071971953125001 0.35341305310179355 0.9117672955015017
0 0.4146560328125001 0.8232587078124999 0.34952019075304847 0.8152610317696292 0.3325727345030485 0.9532869817696291 0.39770857656250014 0.9612846578124998
0 0.41525676718750015 0.9209349828125001 0.37028201875000016 0.9154127781250002 0.3626651848629245 0.9774469125599099 0.4076399333004245 0.9829691172474098
4 0.7963033926944337 0.9330884750622435 0.7373709639373281 0.9258524827971307 0.72826679375 0.9999999999999998 0.7871992225071056 1.0072359922651126
0 0.367313775000993 0.798554999991914 0.3316441484375001 0.7941753203125 0.32402731387349865 0.8562094562267936 0.3596969404369915 0.8605891359062076
0 0.36065103125000014 0.9425664562500001 0.3296339640956591 0.9387580387924418 0.32487344218750003 0.9775293734375001 0.3558905093418411 0.9813377908950585
0 0.42606937188494565 0.19181798116899942 0.3888488906482065 0.1872478810609986 0.380851215625 0.2523837218750001 0.4180716968617391 0.25695382198300093
0 0.44458554843750014 0.8615667406249997 0.37169543906250013 0.8526169609375 0.3579851384905287 0.9642784032466217 0.4308752478655287 0.9732281829341215
4 0.1979644367609547 0.45976622822610747 0.09715896718750007 0.44738887187499987 0.09201760367504391 0.48926191393818597 0.19282307324849857 0.5016392702892936
0 0.4205451828125001 0.14706114062500006 0.37091787500731754 0.14096767337790367 0.35987346562500006 0.2309171687500001 0.40950077343018254 0.23701063599709649