4 0.4906250000000001 0.521875 0.3062500000000001 0.521875 0.3062500000000001 0.94609375 0.4906250000000002 0.94609375
4 0.9328125 6.898205798322201e-17 0.19375 2.3727531733479968e-17 0.19375000000000003 0.36171875000000003 0.9328125 0.3617187500000001
4 0.9734375 0.2750000000000001 0.459375 0.2750000000000001 0.459375 0.6601562500000001 0.9734375 0.6601562500000002
4 0.27734375 0.003125000000000025 0.134375 0.0031250000000000167 0.13437500000000002 0.21796875 0.27734375 0.21796875
4 0.496875 0.06875000000000005 0.2515625 0.06875000000000002 0.2515625 0.38203125000000004 0.496875 0.3820312500000001
0 0.1453125 0.1734375 0.004687500000000021 0.1734375 0.004687500000000034 0.3890625 0.14531250000000004 0.3890625
4 0.20078125 0.001562500000000021 0.140625 0.0015625000000000174 0.140625 0.07890625000000002 0.20078125 0.07890625000000002
0 0.6546875 0.0015625000000000714 0.509375 0.0015625000000000625 0.509375 0.04453125000000007 0.6546875 0.04453125000000008
0 0.45390625 0.0031250000000000487 0.340625 0.003125000000000042 0.340625 0.11484375000000005 0.45390625 0.11484375000000005
0 0.153125 0.10625 0.08125000000000002 0.10625 0.08125000000000002 0.21328125 0.15312500000000004 0.21328125
4 0.13828125000000008 0.73125 0.0906250000000001 0.73125 0.0906250000000001 0.81015625 0.13828125000000008 0.81015625
0 0.1476562500000001 0.8765625 0.0953125000000001 0.8765625 0.0953125000000001 0.95859375 0.14765625000000013 0.95859375
0 0.99921875 0.028125000000000122 0.9671875 0.028125000000000122 0.9671875 0.16015625000000014 0.99921875 0.16015625000000014
0 0.328125 0.0015625000000000374 0.2828125 0.0015625000000000348 0.2828125 0.03984375000000004 0.328125 0.039843750000000046
0 0.9453125 0.13750000000000012 0.9296875 0.13750000000000012 0.9296875 0.16875000000000012 0.9453125 0.16875000000000012
0 0.1453125000000001 0.690625 0.12031250000000009 0.690625 0.12031250000000009 0.72109375 0.1453125000000001 0.72109375
0 0.4328125 0.003125000000000049 0.36875 0.0031250000000000457 0.36875 0.05625000000000004 0.4328125 0.05625000000000004
0 0.64375 7.386151007357473e-17 0.5625 6.888638245203862e-17 0.5625 0.020312500000000074 0.64375 0.020312500000000077
0 0.8390625 0.06562500000000011 0.8234375 0.06562500000000011 0.8234375 0.1062500000000001 0.8390625 0.1062500000000001
0 0.93984375 0.05468750000000011 0.915625 0.05468750000000011 0.915625 0.12656250000000013 0.93984375 0.12656250000000013
0 0.99375 0.001562500000000119 0.95 0.0015625000000001165 0.95 0.05859375000000011 0.99375 0.05859375000000011
0 0.09687500000000011 0.9234375 0.06093750000000011 0.9234375 0.06093750000000011 0.99296875 0.09687500000000011 0.99296875
4 0.996875 0.6015625000000001 0.3937500000000001 0.6015625 0.3937500000000001 0.99296875 0.996875 0.99296875
4 0.4640625 0.003125000000000055 0.4359375 0.0031250000000000526 0.4359375 0.04609375000000006 0.4640625 0.04609375000000006
4 0.07968750000000001 0.003125000000000005 3.827021247335479e-19 0.003125 7.367015901120796e-18 0.1171875 0.07968750000000002 0.1171875
4 0.2453125 0.003125000000000028 0.209375 0.003125000000000025 0.209375 0.06328125000000002 0.2453125 0.06328125000000002
4 0.35234375 0.11562500000000005 0.3 0.11562500000000005 0.3 0.18906250000000005 0.35234375 0.18906250000000005
4 0.078125 0.001562500000000008 0.0484375 0.0015625000000000062 0.0484375 0.03750000000000001 0.078125 0.03750000000000001
4 0.5828125000000001 0.69375 0.5609375 0.69375 0.5609375000000001 0.73125 0.5828125000000002 0.73125
4 0.1531250000000001 0.5859375 0.1359375000000001 0.5859375 0.1359375000000001 0.62265625 0.1531250000000001 0.62265625
4 0.14453125000000006 0.4828125 0.07031250000000007 0.4828125 0.07031250000000007 0.56171875 0.14453125000000008 0.56171875