4 0.14062500000000003 0.05312500000000001 6.505936120470313e-18 0.053125 1.6360515832359172e-17 0.2140625 0.14062500000000006 0.2140625
4 0.5828125 5.2908568744412996e-17 0.28125 3.444319122601931e-17 0.28125 0.15468750000000006 0.5828125 0.1546875000000001
4 0.9328125 9.682363755758761e-17 0.6484375 7.941069088221118e-17 0.6484375 0.0796875000000001 0.9328125 0.0796875000000001
4 0.5453125000000001 0.13906250000000003 1.703024455064288e-17 0.1390625 6.97474622326891e-17 1 0.5453125000000002 1
4 0.7015625 0.3609375000000001 0.5984375 0.3609375000000001 0.5984375 0.5421875 0.7015625 0.5421875
4 0.7156250000000001 0.6390625 0.5078125 0.6390625 0.5078125000000001 0.996875 0.7156250000000002 0.996875
2 0.9890625 0.2156250000000001 0.8453125 0.2156250000000001 0.8453125 0.40625000000000017 0.9890625 0.40625000000000017
2 0.9328125 0.33281250000000007 0.7484375 0.33281250000000007 0.7484375 0.6984375000000002 0.9328125 0.6984375000000002
2 0.7796875000000001 0.3765625000000001 0.515625 0.3765625000000001 0.5156250000000001 0.815625 0.7796875000000002 0.815625
2 0.959375 0.7781250000000002 0.7937500000000002 0.7781250000000002 0.7937500000000002 0.95625 0.959375 0.95625
2 0.9234375 0.6500000000000001 0.79375 0.6500000000000001 0.7937500000000001 0.8609375 0.9234375 0.8609375