0 0.6560557703125002 0.5973632609375 0.4438469937660387 0.5862418700064652 0.43043590468750004 0.8421406890625001 0.6426446812339616 0.853262079993535
0 0.7870728171875001 0.36640364062500014 0.6013901374916911 0.35667242359604423 0.5842174015541911 0.6843477407835441 0.7699000812500001 0.6940789578125001
4 0.3308159516244115 0.08589056756865898 0.06243426406250001 0.07182527968750001 0.04428022962558851 0.41822490118134115 0.3126619171875 0.43229018906250005
4 0.37310039531250017 0.4135526140625 0.1749348468343051 0.40316719765150777 0.14843976870930503 0.9087234007765078 0.34660531718750015 0.9191088171875
4 0.5698580203125001 0.002974931250000068 0.356088885961576 -0.008228234834395798 0.3384255 0.3288092328125 0.5521946343509241 0.3400123988968959
0 0.9898729969163508 0.16893425702348164 0.8978118359374999 0.1641095359375001 0.882601698355837 0.4543362453082203 0.9746628593346879 0.4591609663942018
1 0.11185751099883515 0.7409539097671587 9.43689570931383e-17 0.7350917062500001 -0.012511564123834917 0.9738265808578415 0.09934594687500012 0.9796887843750002
0 0.5937298343750002 0.62226049375 0.43613360944269913 0.6140012252707241 0.4165076250676991 0.9884873018332243 0.5741038500000001 0.9967465703125
4 0.904115140625 0.07369050937500012 0.8276575671874393 0.06968353750115694 0.8175174749999394 0.2631680109386569 0.8939750484375001 0.2671749828125001
4 0.0846661000240994 0.3342859979776578 0.008208526562500035 0.33027902656249997 -0.0005413906490993048 0.4972374020223421 0.07591618281250005 0.5012443734375
1 0.2258741625076596 0.505974049853849 0.001182517187500054 0.494198459375 -0.02392238750765943 0.9732285642086509 0.20076925781250013 0.9850041546875001
0 0.45957880000000007 0.7935993859375 0.3612762047270405 0.7884475648705243 0.35113611250000015 0.9819320375 0.4494387077729597 0.9870838585669759
4 0.764781434409539 0.9410244977784586 0.7164103171875 0.9384894750000002 0.7131866872423834 0.999999999986499 0.7615578044644223 1.0025350227649574
4 1.004714068752481 0.06488087797141559 0.8159106718694471 0.0549861109372091 0.8023360328044664 0.31400564702829364 0.9911394296875002 0.32390041406250014
4 0.8882818234375 0.8833464640625002 0.8461521390625 0.8811385406250002 0.8432082412260697 0.9373114515940012 0.8853379256010697 0.9395193750315011
4 0.6837864297152445 0.844465716658109 0.6478981812500001 0.8425848937500001 0.6450360593472559 0.8971974474043914 0.6809243078125002 0.8990782703125003
0 0.7887370109375001 0.09580739531250011 0.7216415890891268 0.09229107292943182 0.7174710671875 0.1718693640625001 0.7845664890358733 0.17538568644556837
0 0.8081112031250003 0.800912684375 0.7254121938158982 0.7965786128050907 0.7175618000658981 0.9463730440550908 0.8002608093750002 0.9507071156250001
0 0.9679506797237305 0.5573817852461864 0.7791472828124999 0.5474870187500002 0.7628740717933371 0.8579983906207204 0.9516774687045675 0.8678931571169066
0 1.0052777031128566 0.382533208168097 0.9272597703125 0.37844446093750017 0.9203906749935251 0.5095145874996609 0.9984086077938817 0.5136033347302578
4 0.5507226859395243 0.36809885464887565 0.3728418000000001 0.3587765125000001 0.35615971406047586 0.6770896766011246 0.5340406000000001 0.6864120187500001
0 0.9854948046875004 0.7898685890625003 0.8169760696880137 0.7810368966280425 0.8055007000000002 1.0000000000000002 0.9740194349994867 1.0088316924344578
4 0.3459245781250001 0.8126773281249999 0.18364727816375856 0.8041727351979452 0.17424316093750014 0.9836139812500001 0.33652046089874166 0.9921185741770551
4 0.1731512234753198 0.13864883677835568 0.08889185625 0.134232990625 0.07997838898083712 0.3043120843707202 0.16423775620615694 0.308727930524076
4 0.4968107781250001 0.5608539875 0.3969478234375 0.5556203921875 0.3903240544726133 0.6820094422581255 0.4901870091601134 0.6872430375706255
0 0.9173052891205027 0.2996905535807458 0.8548909421875001 0.29641955625000005 0.8492484718169975 0.4040843042317544 0.91166281875 0.4073553015625001
0 0.8276200812499999 0.6376474515625 0.7496021484375001 0.6335587046875001 0.7410157800563082 0.7973963625193285 0.8190337128688082 0.8014851093943284
4 0.0774898109600179 0.560783326132835 0.004152953965072809 0.5569399046496392 -0.004351638244945011 0.7192172050793041 0.06898521875000008 0.7230606265625
1 0.0631040578180974 0.8651350373931976 9.43689570931383e-17 0.8618278937499999 -0.005887795359543468 0.9741737180851444 0.05721626245855384 0.9774808617283421
0 0.8161007609375002 0.1707797500000001 0.7380828280705909 0.1666910041631874 0.730395985883091 0.31336471822568746 0.8084139187500001 0.3174534640625001
0 0.6589664921965153 0.39254740295297796 0.616836809375 0.39033947968750005 0.6127480624909846 0.468357412672022 0.6548777453124999 0.4705653359375
0 0.5965080250538557 0.927511728659875 0.5496972656250001 0.9250584812500001 0.5457720697396666 0.9999556968997098 0.5925828291685221 1.0024089443095847
0 0.5730142359454362 0.8981168748485698 0.5090395311683371 0.8947641031207203 0.5042148108479011 0.9868252642096504 0.5681895156250001 0.9901780359375
0 0.8657693328125001 0.8352273046875002 0.8220792906106764 0.832937606523314 0.8181540937356765 0.9078348221483139 0.8618441359375002 0.9101245203125001
0 0.9587122671926835 0.3753988842760908 0.9243843781249999 0.3735998359375 0.9208680562448164 0.4406952579114093 0.9551959453125001 0.4424943062500001
1 0.3800623781553313 0.698682736921248 0.3316912609375001 0.6961477140625001 0.31656289840716895 0.9848140646412521 0.36493401562500016 0.9873490874999999
0 0.2222473703756233 0.8140189019205375 0.12550513437500008 0.80894885625 0.11822716554333726 0.9478207765582202 0.2149694015439605 0.9528908222287577
0 0.5023626828125001 0.7833244390625002 0.45711228132078985 0.7809529658367483 0.45294175944578985 0.8605312580242483 0.4981921609375001 0.8629027312500002
0 0.6893912468750001 0.2001260046875001 0.6628651499370355 0.19873583088893593 0.6609843264995355 0.23462408088893588 0.6875104234375 0.2360142546875001
0 0.5187221484375001 0.8592847281250002 0.4734717469353541 0.856913255098379 0.46979187500000014 0.9271293953125002 0.5150422765021461 0.9295008683391213
0 0.5443354515625 0.8183816687500002 0.5115679187500001 0.8166643953125 0.5083786967531124 0.8775183828879992 0.5411462295656124 0.8792356563254995
0 0.4390753520745493 0.9161317437768354 0.40786817864132907 0.9144962452576726 0.40500605625000013 0.9691087984375001 0.4362132296832204 0.9707442969566629
0 0.4962295625000001 0.9003513374999998 0.4494188030937482 0.897898089658821 0.44582070621874814 0.9665538709088211 0.49263146562500004 0.9690071187499999
0 0.3441674953134296 0.6670733249822642 0.25522705156250003 0.662412153125 0.2483579562490706 0.7934822797052358 0.3372984000000001 0.7981434515625001
4 0.1060647609375001 0.911196553125 0.04833149056854276 0.9081708807647706 0.04473339369354277 0.9768266620147708 0.10246666406250013 0.9798523343750002
0 0.7618086734789375 0.13194760389682467 0.7415240109375001 0.1308845296875001 0.7394796374183372 0.16989349687072033 0.7597642999597747 0.1709565710800449
0 0.07659244218750005 0.2196438421875 0.020419529621709443 0.21669994500535986 0.015594809309209432 0.30876110594285977 0.07176772187500005 0.311705003125
4 0.04340724531623672 0.5543032014912008 0.005958637500000069 0.552340603125 0.0021969906212634337 0.6241171016337993 0.03964559843750008 0.6260797
4 0.27172568281250004 0.2580339390625 0.23895815156340391 0.2563166656077537 0.23544182968750005 0.32341208750000006 0.2682093609365962 0.3251293609547464
0 0.7742650031273755 0.013687446829675548 0.6338327249999999 0.006327703125000067 0.6246739328101245 0.18108787192032463 0.7651062109375001 0.1884476156250001
4 0.11640588750000005 0.14662745 0.0898797906392815 0.145237276289993 0.0848097453125 0.2419795125 0.11133584217321854 0.24336968621000699
4 0.10194499532337306 0.48226810916753166 0.05669459375000006 0.4798966359375001 0.05252407186412707 0.5594749283324685 0.09777447343750008 0.5618464015625
4 0.02424752656250006 0.44220933906250004 0.002402506273701077 0.4410644901727575 -0.0009502656383919339 0.5050391955680343 0.02089475465040705 0.5061840444577769
1 0.05282247656250012 0.792622565625 0.023175662509063277 0.7910688420145642 0.017860292187500088 0.8924921546875 0.04750710624093693 0.8940458782979357
4 0.16397916152370856 0.2539518281557219 0.13277198809048835 0.2523163296365591 0.13007341562500008 0.30380816406250005 0.1612805890582203 0.3054436625816629