2 0.8963762547097556 0.3193973699942317 0.65945479375 0.3028302078125001 0.6373289124777445 0.6192450565682686 0.8742503734375001 0.6358122187500002
2 0.7842493390992917 0.6013250541613557 0.6548777515625 0.5922785109375001 0.640272488953771 0.8011434843673971 0.7696440764905627 0.8101900275912527
0 0.9719907437799898 0.7836152823836275 0.7958583406249999 0.7712989046875002 0.779866001806048 0.9999999999077701 0.9559984049610379 1.0123163776038975
4 0.10203155317286952 0.43457976337793636 0.00383384189843472 0.4277131109172866 -0.0193819831494347 0.7597148975393503 0.0788157281250001 0.76658155
4 0.5310092953125001 0.16854318750000002 0.35955297503053074 0.15655379331338898 0.34396676249999986 0.3794470109375 0.5154230827819691 0.3914364051241111
0 0.23265548907168054 0.08972658424371452 0.10172520781250001 0.08057104687500001 0.06641099217831954 0.5855878470062855 0.19734127343750008 0.594743384375
1 0.49373245472312516 0.47763331417425176 0.23810666562500002 0.4597582171875 0.2158717890192719 0.7777317578094773 0.471497578117397 0.7956068547962291
0 0.7861770157179737 0.1033715314829134 0.60225114375 0.09051018281250006 0.5889538170945262 0.28067083101708673 0.7728796890625 0.29353217968750006
2 0.42157374385619467 0.1655896531688461 0.38728247824133205 0.16319177489887415 0.3836856609375 0.21462867187500004 0.4179769265523626 0.21702655014497196
4 0.6905296312516749 0.015234810913549357 0.5455711046874999 0.005098323437500052 0.5294399203108251 0.23578501096145077 0.674398446875 0.24592149843750005
4 0.9472674531249998 0.10680449531250011 0.8724501482843701 0.10157276092679224 0.8658014859298968 0.19665308448372903 0.9406187907705265 0.20188481886943693
4 0.21238178750000009 0.15566047343750006 0.16250358438669202 0.15217264983279674 0.1567268765625 0.2347834234375 0.20660507967580805 0.23827124704220332
2 0.36742266718750005 0.13360936406250007 0.3346900968949895 0.13132047940163633 0.3313112671875 0.17963998750000004 0.3640438374800105 0.18192887216086379
4 0.851797509375 0.9569031468750001 0.8252997140786654 0.9550502403938236 0.8227928406250001 0.9909001984374999 0.8492906359213347 0.9927531049186766
2 0.6204439953125 0.3455254562500001 0.5986222812500002 0.3439995328125001 0.5957884234295705 0.3845255733276849 0.6176101374920705 0.38605149676518485
0 0.27005345938690073 0.1596932701423119 0.20770570625 0.15533349062500004 0.1980051968630993 0.29405724079518814 0.26035295 0.29841702031250006
2 0.8845186719101333 0.8025596869975722 0.8533447953125 0.8003797968749999 0.850183954578771 0.845581918742397 0.8813578311764043 0.847761808864969
2 0.711697378125 0.02611289687500009 0.6774061126099963 0.023715017176981684 0.6747902438599963 0.061123670301981695 0.709081509375 0.0635215500000001
2 0.7185455718750001 0.9585494718749998 0.6780195328337766 0.9557156153207329 0.6749228671654884 0.9999999999984608 0.715448906206712 1.0028338565527277
4 0.6555210359375 0.6502771671875 0.6025254453262134 0.6465713544913871 0.5965307484375 0.7322995140625 0.6495263390487864 0.7360053267586129
0 0.31254660937500006 4.163336342344337e-17 0.1940858780944011 -0.008283580812414825 0.18113168746940106 0.17696998637508518 0.29959241875000003 0.18525356718750005
4 1.0219078921838705 0.080697553715778 0.8574844061787694 0.06919994374501917 0.835576513994899 0.3824974040917414 1 0.3939950140625002
2 0.6065689234375001 0.5215488640625 0.49122557968750014 0.513483271875 0.48185205369981804 0.6475309406651953 0.597195397449818 0.6555965328526953
2 0.28831039999999997 0.010603634375000039 0.2446669718968708 0.0075517887497315375 0.24096115937499993 0.06054737968750003 0.2846045874781291 0.06359922531276853
2 0.5596107563254913 0.16271161767042486 0.5284368796875001 0.16053172812500008 0.525385034266271 0.20417515624239696 0.5565589109042623 0.20635504578782177
2 0.8311960984375002 0.8035299562500002 0.8000222218762675 0.8013500656068787 0.7974063531250002 0.8387587171875002 0.8285802296862329 0.8409386078306218
2 0.42030076030449653 0.878174175064997 0.2753422337495996 0.8680376874562679 0.26738563593750014 0.9818223375000003 0.4123441624923971 0.9919588251087292
2 0.8686702921875001 0.8500072390625002 0.8437311907332223 0.8482633265773518 0.8404613547957224 0.8950241422023518 0.8654004562500003 0.8967680546875002
1 0.4627331140625001 0.517756146875 0.38168103437916745 0.5120884327529046 0.37307046875416744 0.6352252452529046 0.4541225484375001 0.6408929593750001
2 0.09929528438025163 0.31691476554989867 0.05409316250000003 0.313753925 0.045918574994748426 0.4306559625751012 0.09112069687500005 0.43381680312499993
4 0.3536245463389155 0.510126532884274 0.24763336562500005 0.5027149062500001 0.24120268959858465 0.5946778421157262 0.3471938703125001 0.60208946875
0 0.2970656343750001 0.8037714859375 0.1474310266521589 0.7933080143428191 0.13533263758965894 0.9663230299678188 0.2849672453125001 0.9767865015624999
2 0.1898976046875001 0.9027870187499998 0.15872372808771892 0.900607128658146 0.1553448984002189 0.9489266380331461 0.18651877500000008 0.951106528125
0 0.8920050679795717 0.22511277974288713 0.7408117664246747 0.21454031400915813 0.7278414218750001 0.40002487968750006 0.879034723429897 0.41059734542122905
0 0.6045970672797737 0.8409393330554273 0.4549624593750002 0.8304758625000002 0.44330004953586666 0.9972561018344865 0.5929346574406402 1.0077195723899137
0 0.9986074890625 0.4925755140625001 0.9144380218497705 0.4866898112982992 0.9048465062247706 0.6238548691107992 0.9890159734375 0.6297405718750001
2 0.1247473125531954 0.512917661739272 0.07019302812500008 0.5091028546875 0.0644163202593048 0.5917136288857281 0.11897060468750009 0.5955284359375
2 0.7097041591902622 0.48020500322134263 0.6613846498228654 0.4768261734251135 0.6569158749999999 0.5407326203125 0.7052353843673969 0.5441114501087292
0 0.05471581100739801 0.730437378687914 8.881784197001253e-17 0.7266112765625 -0.015477217257814169 0.9479458010055406 0.03923859374958375 0.9517719031309545
0 0.6753580328505878 0.3665948900803218 0.5943059546875 0.3609271765625001 0.583733488953771 0.512120478117397 0.6647855671168588 0.5177881916352187
4 0.22514772975801228 0.8018751271166284 0.18150430156250005 0.79882328125 0.17736251082877108 0.8580536468673969 0.22100593902428328 0.8611054927340251
2 0.3354438281989224 0.6357267645678624 0.2684199937500001 0.6310400015625001 0.26057239051627107 0.7432659578048969 0.32759622496519336 0.7479527208102592
4 0.3024719062500001 0.7712569046875 0.2089502765747743 0.76471723419947 0.20513546875000005 0.8192715187499999 0.2986570984252258 0.8258111892380299
2 0.8885820593749999 0.09486923593750012 0.8683190406319772 0.09345230771271681 0.8664661343749998 0.11995010312500012 0.8867291531180225 0.12136703134978341
2 0.7242232406418161 0.5861634122595203 0.6946080578125 0.5840925171875001 0.6899212952956839 0.6511163518029799 0.719536478125 0.6531872468750001
0 0.9986730313120411 0.5364369303627712 0.958146990625 0.5336030734375001 0.926320598336374 0.988741671758668 0.9668466390234152 0.9915755286839391
2 0.32225404375 0.37636239374999997 0.2505541265625 0.371348646875 0.24237953936222337 0.48825068439595876 0.3140794565497234 0.49326443127095876
4 1.0081745872116312 0.04527828848180262 0.7679193497813548 0.028478004672210934 0.7597447625 0.1453800421875001 0.9999999999302766 0.1621803259970918
0 0.8916994469165376 0.09508722440598635 0.8527321015624999 0.0923623625000001 0.8447755046459624 0.20614701309401381 0.8837428500000002 0.2088718750000001
0 0.6195293125110438 0.6273982795295675 0.550946784375 0.6226025218750001 0.5399383406139562 0.7800305985954326 0.60852086875 0.7848263562499999
2 0.42188009072361804 0.5195983704646973 0.37823666261633215 0.5165465248988741 0.37311392187500003 0.5898051359374998 0.41675734998228586 0.5928569815033231
4 0.5286434615914681 0.000781996920729966 0.3447175893554154 -0.012079352683415912 0.3404668043264473 0.048709706645854195 0.5243926765625001 0.061571056250000075
4 0.08204065787991736 0.3172745193483881 0.011899434371890106 0.31236976718728254 -0.002814821945527196 0.5227934353388946 0.06732640156250007 0.5276981875
0 0.3458745296875 0.46416145000000003 0.30378979531250005 0.4612185984375 0.29910303183957426 0.528242432853727 0.34118776621457425 0.531185284416227
4 0.29900544537224716 0.6864334710205771 0.2647141812500001 0.6840355921874999 0.26057239051627107 0.7432659578048969 0.2948636546385181 0.7456638366379741
0 0.6936057438745491 0.732822396656365 0.6561970921875002 0.7302065296875001 0.6528182639379512 0.7785260392811352 0.6902269156250002 0.78114190625
4 0.6403365800081109 0.3970385766941801 0.5982518453125001 0.39409572500000006 0.5934560871717861 0.46267825310204913 0.6355408218673969 0.4656211047962291
2 0.1970912406250001 0.7999132265625 0.17682822023656392 0.7984962979609382 0.1734493905490639 0.8468158073359383 0.19371241093750008 0.8482327359375
0 0.9158649062500002 0.1750928125000001 0.8550758468783938 0.17084202651396813 0.8506070718750001 0.23474847343750013 0.9113961312466066 0.23899925942353217
4 0.6664105296875 0.7857417640625 0.5526258797809673 0.7777851658508551 0.5405274907184673 0.9508001814758551 0.654312140625 0.9587567796875
0 0.9932774406250001 0.5016006937500002 0.8062341812710428 0.4885213543865715 0.7897760125000002 0.7238841234375001 0.9768192718539573 0.7369634628009287
0 0.8069956906249999 0.029644173437500088 0.7197088342940641 0.023540482697579867 0.715022071875 0.0905643171875001 0.8023089282059359 0.09666800792742032
4 0.5694217140625001 0.47039549843750017 0.4649892265625001 0.46309286875000016 0.4595395029069074 0.5410275610315103 0.5639719904069074 0.5483301907190102
0 0.5701832218749999 0.011518317187500071 0.5031593875168701 0.006831554446246324 0.496183740625 0.10658795937500007 0.5632075749831299 0.11127472211625382
0 0.6585073406518235 0.5627723230539082 0.6429204015625001 0.5616823781250001 0.6389965999731768 0.617795356633592 0.6545835390625001 0.6188853015625002
2 0.3722740109375001 0.40022223125000006 0.3582457672361622 0.3992412805540983 0.3569378328125 0.4179456078125 0.3709660765138379 0.41892655850840177
4 0.30522881406250013 0.5302371046875 0.29431795633378977 0.5294741425517534 0.2926830375076032 0.5528545514537709 0.3035938952363136 0.5536175135895175
4 0.8831536984375001 0.03810229062500012 0.7880733749759015 0.03145362690712479 0.7841495734134015 0.0875666050321248 0.8792298968750002 0.09421526875000012
4 0.4089959250173497 0.39025955443938704 0.3856155171875001 0.38862463750000004 0.3832176390451504 0.422915901810613 0.406598046875 0.42455081875000006