0 0.42633180781249996 0.7560121796874999 0.42273225 0.5497935921875 0.300875812481237 0.551920603612569 0.304475370293737 0.7581391911125689
0 0.3968519815506066 0.32052284530725295 0.39308880624999987 0.10493068593749996 0.1743721231368933 0.10874840000524702 0.1781352984375 0.32434055937499995
0 0.7665354250173722 0.28125249943275277 0.761562837212157 -0.0036268286596461198 0.5537819871947848 3.26010940465693e-11 0.5587545749999999 0.28487932812499994
4 1.005535685413862 0.9803128398725581 1.0000000000000002 0.6631736484374999 0.6139202359235243 0.669912696074326 0.619455921337386 0.9870518875093841
4 0.9619853421875002 0.556008275 0.9542681062500001 0.113888121875 0.555891289052425 0.12084181504780314 0.563608524989925 0.5629619681728031
4 0.6630901802209419 0.9800392968656887 0.648419251562024 0.1395423280977348 0.10943885312499999 0.148950265625 0.12410978178391778 0.9894472343929539
4 0.245370653125 0.5950833765624999 0.2363444880449664 0.07797464683821403 -0.00736838862283286 0.08222867027755207 0.0016577764572007227 0.5993374000018379
4 0.9668673727512189 0.20899521873470545 0.963171747966314 -0.002726939081548993 0.8069455453125001 0 0.810641170097405 0.21172215781625447
4 0.19305445468750004 1.0000000000000002 0.1915131109054083 0.9116965403489653 0.04934726502235333 0.9141780562877928 0.05088860880444509 1.0024815159388276
4 0.0777687578125 0.30421413281250004 0.07615986406097651 0.21204067335021892 0.018356168750000002 0.21304964062499998 0.0199650625015235 0.3052231000872811
0 0.35377811406250004 0.807286225 0.35132386875000005 0.6666826421875001 0.2700862437328446 0.6681006505796678 0.2725404890453446 0.8087042333921678
2 0.5634053748493305 0.9989694187253564 0.5596694687500001 0.784939521875 0.2534661109374512 0.790284321872204 0.2572020170367816 1.0043142187225604
4 0.14766069687764832 0.9062110360892224 0.14329759531249997 0.6562491125 0.016754371872351653 0.6584579326607776 0.0211174734375 0.9084198562499999
2 0.09718972968750002 0.43201965468750003 0.0954172191415926 0.33047262343066475 0.04230030976659258 0.3313997828056648 0.0440728203125 0.4329468140625001
2 0.27431683125 0.9999999999999998 0.2719871937439761 0.8665351965298944 0.16106658897545428 0.868471323466293 0.16339622648147814 1.0019361269363984
4 0.16805064687500001 0.9999999999999998 0.1679076576481378 0.9918082062087563 0.08979455584120091 0.9931716843821354 0.0899375450680631 1.001363478173379
2 0.33830329585135155 0.9950848999905941 0.336339899999524 0.8826020343477345 0.25197774999999994 0.8840745812499999 0.25394114585182753 0.9965574468928595
4 0.6990767453125 0.9825366249999998 0.6975496593586671 0.8950499506267873 0.638183703125 0.8960861875000002 0.6397107890788328 0.9835728618732128
4 0.9488205149182711 0.9656754265475624 0.9469116578120241 0.8563170843477348 0.74381759375 0.8598621046875001 0.745726450856247 0.9692204468873278
0 0.009064404696998193 0.21790004273165087 0.006310196875 0.060111578124999995 -0.002754207821998193 0.06026979789334913 0 0.2180582625
4 0.01226282969003178 0.3116084938950456 0.011144785937500002 0.24755575156249998 -0.0011180437525317756 0.24776979985495434 6.938893903907229e-19 0.31182254218749994
4 0.39773169845227657 0.908096983659048 0.39571376405001135 0.7924895930345239 0.3207251874727349 0.7937985234379759 0.32274312187500004 0.9094059140624999
2 0.8109130531250001 0.8540027359375001 0.8100404328125 0.8040103500000001 0.7772329296746749 0.8045830070777452 0.778105549987175 0.8545753930152452
2 0.3231600687612035 0.8437636397043496 0.3223147187339383 0.7953335162673254 0.2957562640352348 0.7957970953129758 0.29660161406249996 0.8442272187500001
2 0.6132614125 0.9902854890624999 0.6120888294007938 0.9231082218527311 0.5730322778382936 0.9237899562277312 0.5742048609374998 0.9909672234375
4 0.06551963437581984 0.5872835219219682 0.06314719687499999 0.4513667249999999 -0.0009055468758198501 0.45248477026553174 0.0014668906250000016 0.5884015671875
2 0.38610622212541135 0.9583075234331291 0.38545175781249996 0.9208132343750002 0.3526442546607107 0.9213858906527411 0.35329871897362214 0.9588801797108701
2 0.26181492656249994 0.9999999999999998 0.2614252234236037 0.9776739554538849 0.22705545927276405 0.9782738828142843 0.22744516241166032 1.0005999273603992
4 0.9177977875002208 0.6208518297001537 0.9130801843749999 0.35058049999999996 0.847465179687279 0.3517258140498461 0.8521827828124998 0.6219971437499999
1 0.7041144859374999 0.733973346875 0.7028873624968722 0.663671554508313 0.6653930734652412 0.6643260203392892 0.6666201969058689 0.7346278127059762
1 0.9959267031250001 0.44133595156250005 0.9942360015625 0.3444757046875 0.9567417124911894 0.3451301698077417 0.9584324140536895 0.44199041668274175
2 0.46653360625000007 1 0.46586339375000013 0.9616035703125 0.38306350556088364 0.963048848441602 0.3837337180608836 1.001445278129102
2 0.3083203546875 0.9784181359374997 0.30785677499654035 0.951859682614298 0.2922341546874999 0.9521323765625 0.2926977343784596 0.9786908298857018
4 0.020974029692883683 0.3630267940584312 0.019801446875000007 0.29584952656249996 -0.001172582817883678 0.29621562937906887 0 0.36339289687500004
2 0.59613106875 0.9937099765624999 0.5955584109184328 0.9609024723451387 0.5783735281254757 0.9612024359647652 0.5789461859570431 0.9940099401821264
2 0.08695144376801812 0.29311468228226106 0.0867060203125 0.2790543234375 0.08045697185698189 0.27916340053023897 0.08070239531250001 0.29322375937500006
2 0.4028547953124999 0.9330113671875001 0.4022275984197389 0.8970793396074741 0.3819181921875 0.8974338421875002 0.382545389080261 0.9333658697675261