4 0.29569370005931794 0.3946284010793948 0.013438387500000043 0.35997180624999997 -0.05682690630931784 0.9322366973581053 0.2254284062500001 0.9668932921875001
0 0.4023257093750002 0.5903323218750001 0.2069181859707359 0.5663392950418158 0.158551290625 0.9602560484374998 0.35395881402926427 0.9842490752706841
4 0.31581176093750013 4.9960036108132046e-17 0.06457351553346438 -0.030848177379501622 0.03634386240846434 0.1990638991829984 0.2875821078125001 0.22991207656250007
4 0.8018981312500001 0.4772475328125002 0.7072960765733038 0.46563186084951 0.6880635703125002 0.6222680515625001 0.7826656249891963 0.6338837235254903
4 0.8185452189981405 0.2903834469054679 0.7037820703125001 0.2762923046875001 0.6851208278768597 0.4282759343445323 0.7998839765625 0.4423670765625002
4 0.2900320765625001 0.2868853218750001 0.14580271241704817 0.26917618348808886 0.12276179054204817 0.4568294413005889 0.2669911546875 0.4745385796875
4 0.6649047609770056 0.40060596719235064 0.41676822343750003 0.37013863125 0.39734529683549463 0.5283256734326494 0.6454818343750002 0.558793009375
2 1.0019857015692673 0.5144090697497127 0.958561807752619 0.5090772859175179 0.928856154620852 0.7510104114803055 0.9722800484375002 0.7563421953125002
4 0.21031827500000003 0.5258266859375 5.551115123125783e-17 0.50000285 -0.052936993952191924 0.9311400861045247 0.15738128104780805 0.9569639220420246
4 0.17665883281250006 0.37686428906249997 0.01381922940382086 0.35687009996516855 -0.015886423008623883 0.5988032253492931 0.1469531804000553 0.6187974144466246
4 0.5970814969042062 0.6709177528871365 0.49937773437500005 0.6589212390625001 0.4597701968457941 0.9814987393003637 0.5574739593750002 0.9934952531250001
4 0.3976719343750001 5.551115123125783e-17 0.35114633270242274 -0.005712625665991689 0.34074296551492267 0.07901599933400832 0.3872685671875 0.08472862500000007
4 0.8345700421875002 0.26244060000000013 0.6034928919375726 0.23406789371931286 0.5852124906250001 0.3829498156250001 0.8162896408749276 0.4113225219056874
4 0.9275212235024313 0.6721347968829727 0.8127580748759298 0.6580436546722662 0.8009519826234988 0.7541965640392937 0.9157151312500001 0.7682877062500002
4 0.33933153125000004 0.23154340468750007 0.2850516623403373 0.22487867498039588 0.2766731452892936 0.2931162220640015 0.3309530141989564 0.29978095177110564
4 0.6557645600896993 0.47504692821275407 0.6092389583614043 0.4693343030005462 0.602193387334205 0.5267158779127923 0.6487189890625 0.5324285031250001
4 0.9850577921875002 0.30610591718750013 0.8470318424397194 0.28915846044583865 0.8297035439622078 0.43028611702170505 0.9677294937099887 0.44723357376336653
4 0.30636635625 3.8857805861880476e-17 0.21176429998054788 -0.01161567171657531 0.19529060310554788 0.12255182515842471 0.28989265937500003 0.13416749687500004
4 0.5258561579948712 0.8920105594522069 0.474677996875 0.8857266718749999 0.46668032168599866 0.9508625140392934 0.5178584828058698 0.9571464016165004
1 0.9596298125042197 0.8209067734031364 0.9270618921875002 0.8169079359375002 0.9207780046832807 0.8680860969093642 0.9533459250000004 0.8720849343750002
4 0.4509734266051092 0.591582807465477 0.3393119843750001 0.5778725062500001 0.3088446482484986 0.8260090452892938 0.42050609047860765 0.8397193465047706
4 0.42283023338091075 0.12845090006979207 0.328228178125 0.11683522812500002 0.3175646103690893 0.20368301711770803 0.41216666562500004 0.21529868906250008
4 0.7319762671875 0.5851555312500001 0.5861960514946765 0.5672559718666724 0.5717240671875001 0.6851208281250001 0.7175042828803236 0.7030203875083278
4 0.6097277625000002 0.4268900000000002 0.5507953343971291 0.41965400763227373 0.4993817046875 0.8383844156250001 0.5583141327903711 0.8456204079927266
1 0.6725080046875002 0.9540956968750003 0.6213298426209668 0.9478118092363724 0.6149219390625003 1.0000000000000002 0.6661001011290336 1.006283887638628
4 0.7554079578125001 0.8430585062500002 0.6096277406250001 0.8251589468750001 0.5966791233458895 0.9306169751806024 0.7424593405333895 0.9485165345556027
1 0.47157033593750014 0.6161510671875001 0.40953620017178743 0.6085342329759041 0.3935408486092874 0.7388059157884042 0.4555749843750001 0.74642275
4 0.8402296796875 0.28045209062500015 0.7750938389626307 0.2724544148758704 0.7608122749001309 0.3887684180008704 0.825948115625 0.39676609375000016
2 0.9848203390625002 0.641388625 0.9522524171875002 0.6373897875000001 0.9452068465366974 0.6947713626503127 0.9777747684116974 0.6987702001503127
1 0.8285729313961914 0.9779807628718675 0.7898015966428661 0.9732202421589976 0.7865134562500001 1.0000000000000002 0.8252847910033255 1.00476052071287
1 0.78030605625 0.9736285703125 0.7384330153003049 0.9684872077726323 0.73456373125 1 0.7764367721996952 1.0051413625398677
4 0.9455641718750002 0.8585355828125001 0.8106399289335308 0.8419689686574243 0.7965487859375002 0.9567321171875003 0.9314730288789697 0.9732987313425762
1 0.643789578125 0.31615317500000006 0.6189759235536646 0.31310644124141607 0.61345371875 0.3580811890625001 0.6382673733213354 0.3611279228210841
4 0.54232443125 0.0014418734375000741 0.4756377376626615 -0.006746223199772239 0.4619274359374999 0.10491522031250007 0.5286141295248383 0.11310331694977238
1 0.45185864693190625 0.020244519849035573 0.408434753125 0.01491273593750005 0.40024665619309374 0.08159943171346454 0.44367055000000005 0.08693121562500007
1 0.7215640484848336 0.9648417246145009 0.6920978343750002 0.9612237281250001 0.6873367064475914 0.9999999998324103 0.7168029205574247 1.003617996321911
2 0.4323416547709956 0.8458952727574832 0.39357032187500013 0.8411347515625 0.3830971749165045 0.9264316866175168 0.42186850781250007 0.9311922078125001
1 0.8876957796875002 0.9836659031250002 0.8427210320945295 0.9781436983493446 0.8400374156250002 1.0000000000000002 0.8850121632179709 1.0055222047756558
1 0.3315541015625 3.8857805861880476e-17 0.2989861813964477 -0.003998838692721052 0.29565827187499993 0.023104803125000035 0.3282261920410522 0.027103641817721125
1 0.6070443093750001 0.8846626359374999 0.5713746812278431 0.8802829564304553 0.562996164040343 0.9485205048679554 0.5986657921875 0.952900184375
1 0.7357611671875004 0.7210043921875002 0.703193246876934 0.71700555467175 0.696338096875 0.7728362750000001 0.7289060171855664 0.7768351125157503
2 0.6677670282659214 0.6465379285397889 0.6258939875000001 0.6413965656250001 0.6198005201715788 0.6910238745852113 0.6616735609375002 0.6961652375
1 0.7546737609375003 0.8618591671875 0.7236566937578596 0.8580507499359891 0.7133739671875 0.9417968312500001 0.7443910343671407 0.9456052485015111
2 0.7694971156250001 0.6385637703125001 0.7059121265625001 0.6307565156250001 0.6994378179403232 0.6834855297799353 0.7630228070028232 0.6912927844674351
4 0.6951995421875001 0.9616045703125001 0.6672841812500001 0.9581769953125002 0.6621489624861491 0.9999999999982997 0.6900643234236491 1.0034275749982995
4 0.46493706251538214 0.8624913576872231 0.42461487499999995 0.8575404156250002 0.41299920310961796 0.9521424720002774 0.4533213906250001 0.9570934140625003
1 0.4339435110335435 0.691817013280289 0.4091298578125001 0.6887702796874999 0.40360765293599865 0.7337450281017935 0.428421306157042 0.7367917616945825
1 0.7100798546875001 0.85323525625 0.6821644937989711 0.8498076808511627 0.672262609375 0.9304520562500003 0.700177970263529 0.9338796316488376
1 0.44668216250000015 0.934238940625 0.40791082831538394 0.9294784187619486 0.401055676752884 0.9853091406369489 0.43982701093750015 0.9900696625000002
2 1.01542408796761 0.1492625507005006 0.8788615953125 0.13249478593750008 0.8634375073448901 0.2581139086744996 1.0000000000000002 0.2748816734375002
2 0.5709663531250001 0.8707874156250002 0.5368475797427651 0.8665981573624026 0.5305636921875001 0.91777631875 0.5646824655697351 0.9219655770125975
2 0.7759614984375001 0.13717681718750008 0.5665962937499999 0.11147000312500006 0.5557423055516694 0.19986864541860666 0.7651075102391693 0.22557545948110672
1 0.8325363421875001 0.5738892453125001 0.7984175671875 0.5696999859375002 0.7947995705383456 0.5991662000277305 0.8289183455383455 0.6033554594027304
0 0.23715203910394891 0.832948640287427 0.19838070468750013 0.82818811875 0.19076387027105135 0.8902222534625732 0.2295352046875001 0.8949827750000001
0 0.3283814922540095 0.8976741682083242 0.2942627171875 0.8934849093749999 0.28759798743349063 0.9477647771041757 0.32171676250000003 0.9519540359375
0 0.2648769781250001 0.8379270687499998 0.2323090578399878 0.8339282310261303 0.22507306562500004 0.892860659375 0.2576409859100124 0.8968594970988695
2 0.9400065408213318 0.5319867328366067 0.8423027781249999 0.5199902187500002 0.832400893553668 0.6006345937258936 0.9301046562499999 0.6126311078125001
0 0.8784787690123051 0.0458649047197071 0.6287913781250001 0.015207148437500085 0.6120343434876948 0.1516822452802931 0.8617217343749999 0.1823400015625001
1 0.7452076909230788 0.9645963312865995 0.7172923301553171 0.9611687561155898 0.7125244531250001 1 0.7404398138927619 1.0034275751710093
1 0.9756447109375002 0.3443059890625001 0.9384242295929995 0.3397358890508969 0.9321403421642938 0.39091405018900166 0.9693608235087943 0.39548415020060484
0 0.34688178593750013 0.8495702265625 0.3096613046946405 0.8450001265043457 0.3022348921875001 0.9054834078124999 0.3394553734303597 0.9100535078706542
2 0.5600848781250001 0.9465888093749999 0.4902964765246999 0.9380198718703587 0.4851551140625002 0.9798929125000002 0.5549435156628004 0.9884618500046415
1 0.26799029062500007 0.13305245781250002 0.23076981097685226 0.12848235749200185 0.20925225468749997 0.3037287875 0.2464727343356478 0.30829888782049814
0 0.3054170734375001 0.8539244046875 0.2728491531562171 0.8499255669332577 0.26732694843750004 0.8949003156250003 0.299894868718783 0.8988991533792425
0 0.31920983438002426 0.7800547062090818 0.28354020625000015 0.7756750265625 0.2768754763734986 0.8299548952892938 0.3125451045035227 0.8343345749358756
2 0.2046761984375 0.07175450468750003 0.19071851876288226 0.07004071708258211 0.180816634375 0.15068509218749998 0.19477431404961776 0.15239887979241792