2 0.056970906310673516 0.23862732401476996 0.03671851562500002 0.04593870625 -0.020252390685673513 0.05192659004773005 0 0.24461520781249999
2 0.7244606124999999 0.2289589359375 0.7070664234142903 0.06346427634167426 0.5780893656249999 0.07702031093750002 0.5954835547107096 0.24251497053332574
2 0.33399447510400426 0.38547492169984343 0.3220716968579278 0.27203726858756905 0.25214437487892355 0.2793869265752257 0.264067153125 0.3928245796875001
0 0.11347267187500001 0.31281518906250005 0.08489067170834814 0.040875609228290456 -0.028582000166651862 0.052802067040790476 5.551115123125783e-18 0.32474164687500007
0 0.9509297265625001 0.44789205625 0.9262675420750005 0.21324704580463666 0.7965135140624999 0.22688474374999998 0.8211756985499996 0.4615297541953633
4 0.4747521005480852 0.3494707591531685 0.4522948124829278 0.13580394515006894 0.3093322884973425 0.15082991255940043 0.33178957656249997 0.3644967265625
4 0.5577433562500002 0.21977281249999997 0.5395325390625001 0.04650844999999999 0.4299797358143649 0.05802291289094765 0.44819055300186494 0.23128727539094768
4 0.7940777046875 0.1140210765625 0.7807546413370783 -0.012739406160617094 0.6595472850870782 8.938292328508624e-11 0.6728703484375 0.12676048281250002
0 0.2195815578125 0.3582225375 0.18511983028339482 0.030341099937368932 -0.03446172752910517 0.053420051499868934 0 0.38130148906250005
4 0.6487073015625 0.09866354062500002 0.6389894203774725 0.0062040828056711406 0.5729469500000002 0.013145426562500007 0.5826648311850277 0.10560488438182887
0 0.5090455843750001 0.9672390640625002 0.4549847703792893 0.45288477014125483 0.19936156404542787 0.47975185140006904 0.2534223780411386 0.9941061453213142
0 0.3615005562562408 0.9984577375593766 0.3368383718705777 0.7638127280829241 0.179113415625 0.7803902890625001 0.2037756000106631 1.0150352985389526
0 0.162917659375 0.9999999999999998 0.1415715092756728 0.7969049553049651 0.03279567638682649 0.8083377564326895 0.05414182648615368 1.0114328011277243
0 0.17662152515293333 0.7641555780175634 0.13832164375000006 0.3997565390625001 -0.0069717903650849565 0.41502749397827 0.031328091037848324 0.7794265329333333
4 0.8696834390625001 0.9230500703125 0.7723413060090624 -0.0030984442202287798 0.5004017248276499 0.02548355799484011 0.5977438578810877 0.9516320725275689
0 0.383710959375 0.7015408265625 0.3604370436706252 0.48010431018229915 0.2446684796875 0.4922720765624999 0.2679423953918748 0.7137085929427007
0 0.4358892859375 0.70469775 0.4175968060003766 0.5306564186120111 0.35310827631287667 0.5374344357995111 0.37140075625 0.7114757671875
2 1.0424646884062074 0.9221722032578512 1 0.5181476828125 0.8165838084687925 0.5374255014296488 0.859048496875 0.9414500218750002
0 0.5264099500000001 0.54200074375 0.5134255546875001 0.41846247656250013 0.44039035309995145 0.4261387856991788 0.45337474841245146 0.5496770528866787
2 0.8186908469932016 0.4005177620621135 0.7986017827682707 0.2093830839541857 0.734113252962569 0.21616110157957222 0.7542023171875 0.4072957796875
2 0.958501362632777 0.14622931404854458 0.9476402015625001 0.0428922734375 0.838087398304723 0.05440673751395543 0.848948559375 0.157743778125
0 0.04288970312500001 0.32887484531250005 0.02957865770839214 0.2022286971295427 -0.013311045416607863 0.20673658619204266 5.551115123125783e-18 0.33338273437500004
4 0.6144176078125 0.49740086562499997 0.6023315046875 0.3824092703125 0.4857859702092423 0.39465869901756767 0.4978720733342422 0.5096502943300676
2 0.9555288797028563 0.06562974077110378 0.948304757315533 -0.0031031888625488667 0.9187798885501766 5.3847359904324324e-11 0.9260040109374998 0.06873292968750001
2 0.7328899812500002 0.9743486499999999 0.6916502359375001 0.5819786828125 0.5183858749367845 0.6001895009610462 0.5596256202492846 0.992559468148546
4 0.7118887735211111 0.6026325742330065 0.6912280702336802 0.4060591055000787 0.5575891904625689 0.4201051172045722 0.57824989375 0.6166785859375
0 1.0083296162373259 0.6523873793990529 0.9999999998484181 0.5731364157452938 0.9714784898610922 0.5761341488462409 0.9798081062499999 0.6553851125
4 0.7344164443504526 0.36852658431188995 0.7205337577954278 0.2364416451500691 0.5293990796875001 0.25653070937500005 0.5432817662425248 0.3886156485368209
2 0.8492496296875001 0.06344573281250002 0.8431249150081687 0.005172965525606232 0.8097151946956685 0.008684468650606247 0.815839909375 0.06695723593750003
2 0.8733636344441751 0.1433943506581546 0.8571163948767596 -0.011187811788776647 0.7506714729325845 5.306874939492445e-11 0.7669187125 0.15458216249999998
0 0.8392468766266437 0.22239328654778284 0.8343471046062847 0.17577507266478612 0.7993834436046413 0.17944990174200323 0.804283215625 0.22606811562499995
4 0.8037441968750001 0.27325796875 0.7813685718147307 0.06036812598907537 0.6904630546874999 0.06992268125000001 0.7128386797477694 0.28281252401092466
4 0.5289673046875001 0.401903459375 0.5190860984375 0.30789006093750004 0.3061962561292201 0.33026568478835544 0.31607746237922013 0.4242790832258554
0 0.314374046916171 0.5949231957042154 0.3040845265625 0.49702494531249997 0.24736569995882904 0.5029863339832845 0.2576552203125 0.6008845843749999
4 0.6245883782205836 0.3101557321594167 0.6060509093750001 0.13378348906249998 0.5470011717794165 0.13998986627808324 0.565538640625 0.316362109375
0 0.8947266845122689 0.2943319059935261 0.8903985530827656 0.25315248241066735 0.8624276234374999 0.2560923453125 0.8667557548670033 0.2972717688953588
0 0.8744740687874006 0.36323257535584275 0.867941040625 0.30107495624999997 0.8376392015250993 0.3042598074566572 0.8441722296874999 0.3664174265625
2 0.3561229890625 0.349370328125 0.34885499375 0.28021997656250003 0.3014598092720344 0.28520141152034817 0.3087278045845344 0.35435176308284816
0 0.4249511547096012 0.5707322189602789 0.41809147500000005 0.5054667203124998 0.3706962906028987 0.5104481544772209 0.37755597031249993 0.575713653125
0 0.39629430314308267 0.5148276749980994 0.389026309375 0.44567732343750005 0.34396203577506906 0.45041376876707223 0.35123002954315174 0.5195641203276716
4 0.36379695156289127 0.43733128906622315 0.3567739453125 0.37051185000000003 0.3466733328121087 0.3715734671837768 0.3536963390625 0.43839290624999994
0 0.253585703125 0.9956600859375 0.24656269687499996 0.9288406453125001 0.21082206712370294 0.9325971368930114 0.2178450733737029 0.9994165775180113
0 0.46772652187499997 0.5591663671874999 0.4624184359375 0.5086633015625 0.43367053742004147 0.5116848273642457 0.4389786233575415 0.5621878929892457
4 0.4426888687530662 0.11167586409167223 0.43239934843750005 0.013777615624999994 0.3414938312469339 0.023332170283327774 0.35178335156249996 0.12123041875000003
0 0.8594152578124999 0.42923069375 0.8553321140795722 0.3903821814124311 0.8359078578295721 0.39242375328743107 0.8399910015625001 0.431272265625
2 0.50143261875 0.4912083390625 0.49547122967181084 0.43448951235072775 0.465169390625 0.43767436406250004 0.4711307797031892 0.4943931907742723
2 0.19670657291349533 0.20037391239084976 0.1929500812329278 0.164633282650069 0.1727488546875 0.1667565171875 0.17650534636806753 0.20249714692828075
2 0.3183877084610368 0.03518736086933604 0.3164277999829278 0.01654007640006901 0.289233840625 0.0193982765625 0.291193749103109 0.03804556103176703
0 0.0205722796875 0.26601957343750005 0.016979114062500005 0.23183288281250003 -0.0008912011890482268 0.2337111284483271 0.00270196443595177 0.2678978190733271
2 0.14571822188936728 0.17116865794919575 0.1403284734375 0.119888621875 0.11313451561063267 0.12274682173830424 0.11852426406250001 0.1740268578125
0 0.8534285125000001 0.013516654687500018 0.8515529501610531 -0.004328131266927371 0.8103735265624998 1.1102230246251566e-17 0.8122490889014466 0.0178447859544274
0 0.5611173407846555 0.08744523120651998 0.5553192781051522 0.032280343561161176 0.5172477359374998 0.036281823437500006 0.5230457986170032 0.09144671108285882
0 0.28369461875000007 0.1385990265625 0.28099974373136094 0.11295900919766108 0.2615754874999999 0.11500058125000001 0.26427036251863906 0.14064059861483894
2 0.12830291875 0.14000583906249997 0.1258530328125 0.1166967328125 0.11264453751393413 0.11808500169507422 0.11509442345143413 0.14139410794507418
4 0.9183976344188014 0.07110349885424307 0.91071835994303 -0.0019599088491302095 0.8920710739617288 1.0912672987473115e-10 0.8997503484375002 0.07306340781250001
2 0.6545375344773057 0.7296356478483738 0.6498827515625 0.6853483437500001 0.6250197030226943 0.6879615552766263 0.6296744859375 0.7322488593750001