0 0.9452840890624998 0.45478555625000006 0.9098419046099551 0.23101241669790112 0.7771212843749998 0.2520332984375 0.8125634688275447 0.47580643798959904
2 0.8462417834312109 0.9181717405270058 0.829620621875 0.813229853125 0.715419157193789 0.831317587597994 0.73204031875 0.936259475
2 0.7264664266490122 0.8311498505462163 0.71008969375 0.7277512265625001 0.6144073858509879 0.7429058150787838 0.6307841187500001 0.8463044390625001
4 0.6137122828156778 0.9882223062700636 0.5680040872981531 0.6996321190380888 0.061813812499999995 0.7798047828125 0.10752200801752469 1.068394970044475
0 0.6353179640905322 0.9848003033019882 0.6167413718750001 0.8675123125000003 0.49945338125000005 0.8860889046875002 0.5180299734655323 1.0033768954894882
1 0.308218321875 0.677499071875 0.2796201460298763 0.4969372967613788 0.14381299915487628 0.5184470358238789 0.172411175 0.6990088109375
4 1.0060656126823277 0.4989459195660948 0.9156269372533584 -0.0720614024423781 0.33381677457103065 0.02008827486652709 0.42425545 0.591095596875
4 0.32702041406249993 0.4166589015625 0.2686019187463924 0.04781903747722298 0.006247203124999956 0.08937194218750001 0.0646656984411075 0.458211806272777
4 0.15461094532390426 0.6765164625720035 0.0641722703056293 0.10550914058162011 -0.06546182348321766 0.12604116395146325 0.02497685153505731 0.6970484859418467
4 0.305510240625 1 0.28752312968749993 0.886433846875 0.09461524963171038 0.9169874523622109 0.11260236056921039 1.0305536054872109
4 1.0233528359311266 0.8078573131889577 0.9624900515624999 0.4235848187500001 0.7572360687358404 0.45609385616060044 0.8180988531044671 0.840366350599558
2 1.0529959529043278 0.7952524204976557 0.9603574170075253 0.21035573167618543 0.8785644750406973 0.22331046117852993 0.9712030109375 0.8082071500000001
4 0.5609492643254674 0.5552076325233744 0.4753991655867629 0.01506557007108037 0.18372245126129547 0.0612626234852061 0.26927255 0.6014046859375
4 0.5512775172852412 0.5440836724921134 0.5177907639188217 0.3326566365928505 0.3804403544460805 0.35441080472573705 0.4139271078125001 0.565837840625
4 0.17440968281250002 0.80152076875 0.14556707812500003 0.6194157296875 0.03136561391252467 0.637503464678093 0.06020821860002466 0.8196085037405931
2 0.9562256265624999 0.913407825 0.9454707570916913 0.8455042514291892 0.7695387711541913 0.8733691404916891 0.780293640625 0.9412727140625
2 0.8057720016135874 0.712596637822555 0.795261560747168 0.6462363269232921 0.7397040919460803 0.6550357656632373 0.7502145328124998 0.7213960765625002
4 0.20251443128093277 0.6293798767578018 0.17782711718750002 0.4735103109375 0.08214480934406722 0.4886648998046981 0.1068321234375 0.6445344656249998
2 0.8525538562500001 0.8681307265625 0.8325106906250002 0.7415831578125001 0.705963121875 0.7616263234375 0.7260062875 0.8881738921875
0 0.4162486140625 1 0.4009289765625 0.9032756140625 0.3067899310312862 0.918185773875415 0.32210956853128625 1.0149101598129149
0 0.220083496875 1 0.1956319154860438 0.8456187991226651 0.08606023885498312 0.8629732487178432 0.11051182024393935 1.017354449595178
2 0.15367173753868033 0.41089312368171793 0.14291686875 0.34298955 0.1027920296488197 0.34934469975578214 0.11354689843750002 0.41724827343750004
2 0.15998381101665973 0.3608521098747947 0.14947337031250002 0.2944917984375 0.1108917936708403 0.3006025198127053 0.121402234375 0.36696283125000007
0 0.37195326562500003 1.0000000000000002 0.3694501965845385 0.9841962466035984 0.3123494640625 0.993240115625 0.3148525331029616 1.0090438690214019
2 0.9000595328124998 0.8384588921875002 0.893948811418763 0.7998773155487757 0.8245019739187631 0.8108766139862755 0.8306126953124998 0.8494581906250002
1 0.521001628139953 0.7624457641569098 0.4774932919610334 0.4877449438826468 0.1703839481960805 0.5363862859757371 0.21389228437500002 0.8110871062500001
2 0.16685621259743527 0.9735706109220678 0.15781234527426294 0.9164698778835806 0.12077403125 0.9223361703125 0.12981789857317236 0.9794369033509872
0 0.700762890718219 0.9285575193385608 0.6970964578125001 0.9054085734375 0.681663828031781 0.9078528619114392 0.6853302609375 0.9310018078125
2 0.6868111921875001 0.9703166703124999 0.6782561827482358 0.9163024636567514 0.6335015546875 0.9233909000000002 0.6420565641267644 0.9774051066557489
0 0.49306461894090264 0.9456339262053118 0.48402075151198315 0.888533193431049 0.43309307163358046 0.8965993453507372 0.4421369390625 0.953700078125
0 0.13200340000000002 0.9632709859374999 0.12515939218750002 0.9200596203125002 0.10355370925429026 0.9234816242378688 0.11039771706679025 0.9666929898628686
2 0.9650443187500002 0.83924015 0.9594224554384432 0.8037450998810624 0.908494775 0.8118112515625 0.914116638311557 0.8473063016814377
0 0.1662962859375 0.9999999999999998 0.1619819935854237 0.9727606333359061 0.134203259375 0.9771603531249997 0.1385175517270763 1.0043997197890935
0 0.8275548890437537 0.9100576153804933 0.8224218827742626 0.8776490919460805 0.7961864109180088 0.8818043828155873 0.8013194171875 0.9142129062500001
2 1.0175988775009694 0.8388262100814596 1.0000000000000002 0.7277112703125 0.8761342224990308 0.7473296821060403 0.8937331000000001 0.8584446218749999
2 0.2512086390625 0.7070942171875001 0.23825391044336675 0.6253012763932875 0.17806665106836675 0.6348340013932874 0.19102137968749994 0.7166269421875
0 0.9111691330076395 0.798731862169563 0.90579169839122 0.7647800747078002 0.8749264372585805 0.769668651600737 0.880303871875 0.8036204390625
0 0.5064212890625 1 0.5040495576840154 0.9850254773137801 0.48244387486197954 0.9884474812718602 0.4848156062404641 1.0034220039580801
2 0.20000781098139445 0.6535065377771387 0.19194165937500002 0.6025788578125 0.16879271401860554 0.6062452903478612 0.17685886562499997 0.6571729703125
0 0.8524004765625 0.887138740625 0.847756328122356 0.857816742170807 0.8215208562499999 0.8619720328125 0.8261650046901439 0.8912940312666929
4 0.22758519596685617 0.7377294074613845 0.21683032496176297 0.6698258341335805 0.17207569618240676 0.6769142719846961 0.18283056718750001 0.7448178453125001
2 0.8100901374999999 0.9096598078125 0.8069125624999998 0.8895973874999997 0.7961097201385579 0.8913083895267727 0.7992872951385578 0.911370809839273
0 0.5744741096054015 0.9801992327046973 0.5688522468257448 0.9447041825015148 0.5472465640624999 0.9481261859375 0.5528684268421566 0.9836212361406824
2 0.7398333234757372 0.9255333236789195 0.7356780328125001 0.8992978515625 0.7094425624617628 0.9034531419460805 0.7135978531249999 0.9296886140625
0 0.337149775 1 0.3359872671875 0.9926602093750001 0.32055463737583895 0.9951044960910774 0.321717145188339 1.0024442867160774