0 0.803125 6.592044098535362e-17 0.2734375 3.348643591418544e-17 0.27343750000000006 0.5914062500000001 0.803125 0.5914062500000001
0 0.4984375000000001 0.509375 0.18750000000000006 0.509375 0.18750000000000008 0.915625 0.4984375000000002 0.915625
0 0.99453125 1.0978767203293654e-16 0.7984375 9.778039286942148e-17 0.7984375 0.33671875000000007 0.99453125 0.33671875000000007
0 0.35625 2.8319957230282545e-17 0.10625 1.3011872240940627e-17 0.10625 0.18125000000000002 0.35625 0.18125000000000005
0 0.5281250000000001 0.5765625 0.1609375000000001 0.5765625 0.1609375000000001 0.8875 0.5281250000000002 0.8875
0 1 0.004687500000000112 0.8234375 0.004687500000000101 0.8234375 0.3593750000000001 1 0.3593750000000001
0 0.34921875 0.01875000000000003 0.1328125 0.018750000000000017 0.13281250000000003 0.36875 0.3492187500000001 0.36875
0 0.5828125 0.015625000000000052 0.271875 0.015625000000000035 0.27187500000000003 0.58203125 0.5828125 0.58203125
0 0.284375 0.0015625000000000278 0.171875 0.001562500000000021 0.171875 0.08750000000000004 0.284375 0.08750000000000005
0 0.70234375 0.010937500000000072 0.4828125 0.010937500000000058 0.4828125 0.61796875 0.70234375 0.61796875
0 0.37421875 0.12968750000000004 0.28125 0.12968750000000004 0.28125 0.33125000000000004 0.37421875 0.3312500000000001
0 0.45078125 0.3671875000000001 0.3734375000000001 0.3671875000000001 0.3734375000000001 0.49921875 0.45078125 0.49921875
0 0.60546875 0.0031250000000000665 0.4859375 0.0031250000000000596 0.4859375 0.2335937500000001 0.60546875 0.2335937500000001
4 0.69453125 0.3500000000000001 0.5578125 0.3500000000000001 0.5578125 0.6921875 0.69453125 0.6921875
0 0.50625 0.3359375000000001 0.39375 0.3359375000000001 0.39375000000000004 0.53828125 0.50625 0.53828125
0 0.75078125 0.006250000000000084 0.6171875 0.006250000000000075 0.6171875 0.45000000000000007 0.75078125 0.4500000000000002
0 0.4515625 0.08906250000000004 0.3453125 0.08906250000000004 0.3453125 0.26953125000000006 0.4515625 0.2695312500000001
0 0.5265625 0.20312500000000008 0.45625 0.20312500000000008 0.45625 0.3164062500000001 0.5265625 0.3164062500000001
4 0.17812500000000003 0.01406250000000001 0.0046875000000000016 0.0140625 0.004687500000000034 0.5375 0.17812500000000003 0.5375
4 0.19140625000000008 0.415625 0.0015625000000000506 0.415625 0.0015625000000000812 0.9109375 0.19140625000000014 0.9109375
0 0.3609375 0.240625 0.30625 0.240625 0.30625 0.32265625 0.3609375 0.32265625
0 0.14765625000000004 0.2578125 0.12031250000000004 0.2578125 0.12031250000000004 0.32421875 0.14765625000000004 0.32421875
0 0.6703125000000001 4.123615394003979e-17 0.003125 3.827021247335479e-19 0.003125000000000056 0.921875 0.6703125000000002 0.921875
0 0.08750000000000002 0.165625 0.043750000000000025 0.165625 0.043750000000000025 0.24140625 0.08750000000000002 0.24140625
0 0.4015625 0.0015625000000000396 0.2453125 0.0015625000000000298 0.2453125 0.13828125000000005 0.4015625 0.13828125000000005
0 0.81484375 0.8875 0.6515625000000002 0.8875 0.6515625000000002 0.99765625 0.81484375 0.99765625
0 0.24921875 0.001562500000000028 0.2109375 0.0015625000000000257 0.2109375 0.047656250000000025 0.24921875 0.04765625000000003
4 0.6921875 0.3546875000000001 0.621875 0.3546875000000001 0.621875 0.55390625 0.6921875 0.55390625
0 0.36171875 0.14843750000000006 0.3046875 0.14843750000000006 0.3046875 0.2359375 0.36171875 0.2359375
0 0.996875 0.00937500000000012 0.94375 0.009375000000000116 0.94375 0.2632812500000001 0.996875 0.2632812500000001
4 0.1468750000000001 0.675 0.05468750000000009 0.675 0.0546875000000001 0.9015625 0.1468750000000001 0.9015625
0 0.2046875 0.03906250000000002 0.1671875 0.03906250000000002 0.1671875 0.07968750000000002 0.2046875 0.07968750000000002
0 0.2640625000000001 0.6796875 0.1593750000000001 0.6796875 0.1593750000000001 0.84765625 0.2640625000000001 0.84765625
0 0.27734375 0.01875000000000003 0.24375 0.018750000000000027 0.24375 0.058593750000000035 0.27734375 0.05859375000000004
0 0.8890625 0.0031250000000001056 0.8390625 0.0031250000000001025 0.8390625 0.06093750000000011 0.8890625 0.06093750000000011
0 0.3046875 0.290625 0.2765625 0.290625 0.2765625 0.34453125 0.3046875 0.34453125
0 0.35234375 0.04531250000000005 0.325 0.04531250000000005 0.325 0.08281250000000004 0.35234375 0.08281250000000004
0 0.99765625 0.7796875000000002 0.8890625 0.7796875000000002 0.8890625 0.99453125 0.99765625 0.99453125
0 0.3820312500000001 0.7328125 0.2906250000000001 0.7328125 0.2906250000000001 0.88359375 0.3820312500000001 0.88359375
4 0.13046875000000002 0.10625 0.07656250000000002 0.10625 0.07656250000000002 0.20703125 0.13046875000000005 0.20703125
0 0.67109375 0.05937500000000008 0.625 0.05937500000000007 0.625 0.11953125000000009 0.67109375 0.11953125000000009
0 0.3531250000000001 0.6703125 0.3187500000000001 0.6703125 0.3187500000000001 0.7296875 0.3531250000000001 0.7296875
0 0.40625 0.415625 0.37187500000000007 0.415625 0.37187500000000007 0.484375 0.40625 0.484375
4 0.30468750000000006 0.2234375 0.16875000000000004 0.2234375 0.16875000000000004 0.52109375 0.3046875000000001 0.52109375
0 0.43046875 0.5453125 0.3234375000000001 0.5453125 0.3234375000000001 0.68125 0.43046875 0.68125
4 0.61328125 0.5125 0.5703125 0.5125 0.5703125 0.59921875 0.61328125 0.59921875
0 0.31562500000000004 0.18125000000000002 0.03125000000000002 0.18125 0.031250000000000056 0.72578125 0.3156250000000001 0.72578125
0 0.1359375000000001 0.85 0.0015625000000001042 0.85 0.0015625000000001124 0.98515625 0.13593750000000013 0.98515625
0 0.2835937500000001 0.69375 0.2515625000000001 0.69375 0.2515625000000001 0.73984375 0.2835937500000001 0.73984375
0 0.93359375 0.08906250000000011 0.871875 0.08906250000000011 0.871875 0.21484375000000008 0.93359375 0.21484375000000008
0 0.2273437500000001 0.4234375 0.21250000000000008 0.4234375 0.21250000000000008 0.453125 0.2273437500000001 0.453125
0 0.87890625 0.06093750000000011 0.8421875 0.06093750000000011 0.8421875 0.1140625000000001 0.87890625 0.1140625000000001
0 0.45859375 0.5 0.43125 0.5 0.43125 0.56875 0.45859375 0.56875
0 0.3007812500000001 0.6453125 0.22656250000000008 0.6453125 0.22656250000000008 0.7609375 0.3007812500000001 0.7609375
0 0.41796875 0.03750000000000005 0.3953125 0.03750000000000005 0.3953125 0.08359375000000005 0.41796875 0.08359375000000005
0 0.75234375 0.0015625000000000881 0.6859375 0.001562500000000084 0.6859375 0.1359375000000001 0.75234375 0.1359375000000001
0 0.328125 0.2234375 0.2921875 0.2234375 0.2921875 0.27734375 0.328125 0.27734375
0 0.08281250000000012 0.9421875 1.1538469060716468e-16 0.9421875 1.1892468526095002e-16 1 0.08281250000000014 1
0 0.87578125 0.08906250000000011 0.8359375 0.08906250000000011 0.8359375 0.2015625000000001 0.87578125 0.2015625000000001
0 0.38984375 0.2593750000000001 0.365625 0.2593750000000001 0.365625 0.2929687500000001 0.38984375 0.2929687500000001
4 0.60078125 0.3812500000000001 0.5640625 0.3812500000000001 0.5640625 0.45 0.60078125 0.45
0 0.2656250000000001 0.4953125 0.24218750000000008 0.4953125 0.24218750000000008 0.5359375 0.2656250000000001 0.5359375
0 0.18593750000000003 0.340625 0.17343750000000005 0.340625 0.17343750000000005 0.3625 0.18593750000000003 0.3625
4 0.57421875 0.2062500000000001 0.5296875 0.2062500000000001 0.5296875 0.3000000000000001 0.57421875 0.3000000000000001
0 1 0.76875 0.6218750000000002 0.76875 0.6218750000000002 0.99375 1 0.99375
0 0.2984375000000001 0.46875 0.2843750000000001 0.46875 0.2843750000000001 0.49296875 0.2984375000000001 0.49296875
0 0.3351562500000001 0.6234375 0.3078125000000001 0.6234375 0.3078125000000001 0.66171875 0.3351562500000001 0.66171875
0 0.415625 0.68125 0.3890625000000001 0.68125 0.3890625000000001 0.71640625 0.415625 0.71640625
0 0.2445312500000001 0.6359375 0.2000000000000001 0.6359375 0.2000000000000001 0.7046875 0.2445312500000001 0.7046875
0 0.2867187500000001 0.65 0.26250000000000007 0.65 0.26250000000000007 0.6984375 0.2867187500000001 0.6984375
0 0.7484375 0.2671875000000001 0.728125 0.2671875000000001 0.728125 0.3195312500000001 0.7484375 0.3195312500000001
0 0.8234375 0.2453125000000001 0.803125 0.2453125000000001 0.803125 0.2726562500000001 0.8234375 0.2726562500000001
0 0.1531250000000001 0.8359375 0.1140625000000001 0.8359375 0.1140625000000001 0.90625 0.1531250000000001 0.90625
0 0.9984375 0.9234375 0.9171875 0.9234375 0.9171875 0.99921875 0.9984375 0.99921875
0 0.42890625 0.4265625 0.409375 0.4265625 0.409375 0.459375 0.42890625 0.459375
0 0.11406250000000007 0.5 0.03906250000000007 0.5 0.03906250000000007 0.65625 0.1140625000000001 0.65625
0 0.31328125000000007 0.871875 0.2953125000000001 0.871875 0.2953125000000001 0.89609375 0.31328125000000007 0.89609375
0 0.20468750000000008 0.875 0.1703125000000001 0.875 0.17031250000000012 0.91875 0.20468750000000008 0.91875
4 0.3796875 0.21875000000000006 0.3515625 0.21875 0.3515625 0.26484375000000004 0.3796875 0.2648437500000001
0 0.73515625 0.15781250000000008 0.715625 0.15781250000000008 0.715625 0.21875000000000008 0.73515625 0.21875000000000008
0 0.2656250000000001 0.846875 0.2484375000000001 0.846875 0.2484375000000001 0.8796875 0.2656250000000001 0.8796875
0 0.996875 0.0046875000000001195 0.9515625 0.004687500000000117 0.9515625 0.07500000000000011 0.996875 0.07500000000000011
2 0.06640625000000008 0.6078125 0.0015625000000000742 0.6078125 0.0015625000000000868 0.809375 0.06640625000000008 0.809375
0 0.7039062500000002 0.9046875 0.6640625000000002 0.9046875 0.6640625000000002 0.9984375 0.7039062500000002 0.9984375
0 0.93515625 0.9 0.9140625 0.9 0.9140625 0.92890625 0.93515625 0.92890625
0 0.07421875000000003 0.171875 0.05468750000000002 0.171875 0.05468750000000002 0.20703125 0.07421875000000003 0.20703125
0 0.28203125000000007 0.8546875 0.2656250000000001 0.8546875 0.2656250000000001 0.884375 0.28203125000000007 0.884375
0 0.1593750000000001 0.7078125 0.1468750000000001 0.7078125 0.1468750000000001 0.728125 0.1593750000000001 0.728125
0 0.6468750000000002 0.921875 0.6062500000000002 0.921875 0.6062500000000002 0.99375 0.6468750000000002 0.99375
0 0.12265625000000013 0.91875 0.09375000000000011 0.91875 0.09375000000000011 0.94609375 0.12265625000000013 0.94609375
0 0.7453125000000002 0.9015625 0.6953125000000002 0.9015625 0.6953125000000002 0.996875 0.7453125000000002 0.996875
0 0.06562500000000004 0.35 0.004687500000000043 0.35 0.004687500000000048 0.4390625 0.06562500000000004 0.4390625
0 1 0.010937500000000098 0.621875 0.010937500000000076 0.621875 0.5507812500000001 1 0.5507812500000002
0 0.6484375000000002 0.9234375 0.6328125000000002 0.9234375 0.6328125000000002 0.95625 0.6484375000000002 0.95625
0 0.5289062500000001 0.75 0.004687500000000092 0.75 0.0046875000000001065 0.99609375 0.5289062500000001 0.99609375
0 0.85078125 0.007812500000000097 0.73125 0.007812500000000088 0.73125 0.3125000000000001 0.85078125 0.3125000000000001
0 0.8984375 0.2328125000000001 0.875 0.2328125000000001 0.875 0.2679687500000001 0.8984375 0.2679687500000001
0 0.6421875000000001 0.678125 0.4359375 0.678125 0.4359375000000001 1 0.6421875000000001 1
0 1 0.9453125 0.978125 0.9453125 0.978125 0.99921875 1 0.99921875
0 0.8609375 0.16562500000000008 0.8234375 0.16562500000000008 0.8234375 0.25078125000000007 0.8609375 0.25078125000000007
4 0.959375 0.978125 0.9109375 0.978125 0.9109375 0.99921875 0.959375 0.99921875
0 0.9046875 0.2687500000000001 0.884375 0.2687500000000001 0.884375 0.3023437500000001 0.9046875 0.3023437500000001
0 0.90546875 0.98125 0.8765625 0.98125 0.8765625 0.99921875 0.90546875 0.99921875
0 0.2757812500000001 0.4390625 0.2015625000000001 0.4390625 0.2015625000000001 0.5546875 0.2757812500000001 0.5546875
0 0.6640625000000002 0.978125 0.6484375000000002 0.978125 0.6484375000000002 0.99921875 0.6640625000000002 0.99921875
0 0.2632812500000001 0.8203125 0.16406250000000008 0.8203125 0.1640625000000001 0.92265625 0.2632812500000001 0.92265625
0 0.1968750000000001 0.8921875 0.17968750000000008 0.8921875 0.1796875000000001 0.91640625 0.19687500000000013 0.91640625
0 0.2640625000000001 0.646875 0.2562500000000001 0.646875 0.2562500000000001 0.65859375 0.2640625000000001 0.65859375
0 0.8953125 0.18750000000000008 0.8015625 0.18750000000000008 0.8015625 0.37187500000000007 0.8953125 0.37187500000000007
0 0.98203125 0.4312500000000001 0.70625 0.43125 0.70625 0.83515625 0.98203125 0.83515625
0 0.84140625 0.9484375 0.81875 0.9484375 0.81875 0.990625 0.84140625 0.990625
0 0.6820312500000002 0.890625 0.6718750000000002 0.890625 0.6718750000000002 0.9328125 0.6820312500000002 0.9328125
0 0.82578125 0.2453125000000001 0.81875 0.2453125000000001 0.81875 0.2570312500000001 0.82578125 0.2570312500000001
0 0.3453125000000001 0.8296875 0.3375000000000001 0.8296875 0.3375000000000001 0.84296875 0.3453125000000001 0.84296875
0 0.2632812500000001 0.5484375 0.2562500000000001 0.5484375 0.2562500000000001 0.5609375 0.2632812500000001 0.5609375
0 0.803125 0.91875 0.7421875000000002 0.91875 0.7421875000000002 0.99375 0.803125 0.99375
0 0.7484375 0.004687500000000091 0.734375 0.00468750000000009 0.734375 0.050000000000000086 0.7484375 0.050000000000000086
0 0.7835937500000002 0.8875 0.7546875000000002 0.8875 0.7546875000000002 0.93671875 0.7835937500000002 0.93671875
0 0.21484375000000008 0.478125 0.2062500000000001 0.478125 0.2062500000000001 0.5 0.21484375000000008 0.5
0 0.7796875000000002 0.9484375 0.7531250000000002 0.9484375 0.7531250000000002 0.98359375 0.7796875000000002 0.98359375
0 0.878125 0.9015625 0.8671875 0.9015625 0.8671875 0.925 0.878125 0.925
0 0.8515625 0.004687500000000103 0.840625 0.004687500000000103 0.840625 0.0398437500000001 0.8515625 0.0398437500000001