2 0.9649780859895978 0.8529437693184135 0.8682358500000001 0.8478737234375 0.8602632494720666 0.9999999999723324 0.9570054854616643 1.005070045853246
2 0.35206433281250005 0.7253790187500001 0.21475277187551384 0.7181828249901971 0.2056757546875001 0.8913826359374998 0.34298731562448637 0.8985788296973027
2 0.709611884291985 0.6502386360150365 0.6331543092962647 0.6462316640583736 0.6270211890625 0.7632585625 0.7034787640582202 0.7672655344566629
0 0.9739932343750002 0.7704900859375001 0.8241988026018012 0.7626396937225806 0.8117592781250001 1.0000000000000002 0.9615537098981992 1.0078503922149198
0 0.1764267003925016 0.46426651095807003 0.034434062896781394 0.4568249921264072 0.02175894843750008 0.6986805828125001 0.16375158593322028 0.7061221016441629
4 0.6356208286454328 0.6588780829216622 0.48114532187500003 0.6507823640625002 0.46953328072528766 0.8723532921600011 0.6240087874957203 0.880449011019163
4 0.49381827968750025 0.7672302031250002 0.3752310234084781 0.7610153083662736 0.365826906220978 0.9404565536787735 0.48441416250000013 0.9466714484375001
4 0.25312744375000007 0.8218958359374999 0.1236176750000001 0.8151085171875 0.11560373246891001 0.9680236641263804 0.24511350121891 0.9748109828763803
0 0.9803031734375001 0.7097996484375001 0.727525071875 0.696552109375 0.7116220416707195 0.9999999999729168 0.9644001432332197 1.013247539035417
4 0.33690279583999927 0.8654024234651452 0.26512629740677907 0.8616407765084825 0.2600562515625001 0.9583830125000002 0.3318327499957204 0.9621446594566629
0 0.8440789031258014 0.05489770154721294 0.5600936281250001 0.040014664062500066 0.5323719265616988 0.5689762453277872 0.8163572015625 0.5838592828125002
0 0.8959796125727364 0.049794479862109435 0.7259005203125 0.0408810125000001 0.713143631168337 0.2842969624957203 0.8832227234285736 0.29321042985782964
0 1.0125115627182544 0.055901660933692 0.9240660658510172 0.05126642953557089 0.9115545031250001 0.29000130312500005 0.9999999999922371 0.29463653452312116
0 1.0102726077572517 0.3170799192228967 0.8526763843473864 0.3088206515080939 0.8331321765625 0.68174636875 0.9907283999723653 0.690005636464803
4 0.49989384161693556 0.024342571926985152 0.17845995880871524 0.007496935907822295 0.12906790000000012 0.949953559375 0.4505017828082204 0.9667991953941628
0 0.7716261453418833 0.3327365853768335 0.6436767359375 0.3260310406250001 0.6317375952831167 0.5538434036856666 0.7596870046875001 0.5605489484375001
0 0.6692148984431527 0.3164169295796421 0.5958780421875 0.3125735078125001 0.5865556999943473 0.49045439385785805 0.6598925562500001 0.4942978156250001
2 0.23987398437500004 3.053113317719181e-17 0.03078592451514218 -0.010957840612918797 0.009863929202642193 0.38825762188708113 0.21895198906250007 0.3992154625
0 0.5569840250414014 0.45761172108501585 0.477405734375 0.4534412 0.4707001905835987 0.5813906101649842 0.5502784812500001 0.5855611312500001
2 0.23220400763841037 0.5344693797602637 0.15730679201769018 0.5305441828036007 0.1470849250000001 0.7255890140625001 0.22198214062072036 0.729514211019163
2 0.0875526062500001 0.75689123125 9.43689570931383e-17 0.75230279375 -0.005724245074299317 0.861527900350807 0.08182836117570068 0.866116337850807
0 0.9711178421875001 0.7656454609375001 0.9040224203497805 0.7621291383511457 0.8972351 0.8916389062500002 0.9643305218377195 0.8951552288363546
4 0.5054988250838206 0.48464173746310857 0.3822304907109427 0.47818151867261693 0.3758520468750001 0.59988949375 0.499120381247878 0.6063497125404916
2 0.5448922813555435 0.001666531255531367 0.34984745003552814 -0.008555334595995603 0.32899484367998466 0.38933612164847303 0.5240396749999999 0.39955798750000004
4 0.44773901564488827 0.36270170899551174 0.30262566093750004 0.35509664062500007 0.29191314529261186 0.5595036238169885 0.43702650000000015 0.5671086921875002
0 0.06271940000000005 0.24551573906250002 0.019029357805889085 0.24322604075114485 0.014777060930889072 0.3243646907511448 0.058467103125000044 0.3266543890625
4 0.43423951723073523 0.5904322960500257 0.23607396875000006 0.5800468796875001 0.22863244991833714 0.7220395171832203 0.4267979983990723 0.7324249335457459
2 0.09964650677749934 0.8545329922151451 0.06375825678177913 0.8526521686959823 0.06056903437500014 0.9135061562500001 0.09645728437072035 0.9153869797691628
2 0.16787350781250013 0.7767471140625 0.052406967255593684 0.7706957690131968 0.042921075000000045 0.9516973734375 0.1583876155569065 0.9577487184868032
0 0.1451908328125001 0.702020084375 0.1077422250177498 0.7000574855988152 0.10520720156250007 0.7484286046874999 0.14265580935725036 0.7503912034636848
4 0.24734348437500006 0.6635636374999999 0.14435981251675073 0.6581664918678789 0.13291132187500007 0.876616703125 0.23589499373324943 0.882013848757121
4 0.6653361470552261 0.5994142687594453 0.44688593593750003 0.587965778125 0.4413252404447737 0.6940701671780548 0.6597754515624998 0.7055186578125001
0 0.7576912312500002 0.4493546093750001 0.6952768858660965 0.4460836122999664 0.6899615155535963 0.5475069247999664 0.7523758609375001 0.5507779218750002
4 0.3975467890625001 0.6636122375000001 0.32889100782079206 0.6600141404667791 0.319486890625 0.8394553859375 0.3881426718667081 0.8430534829707209
0 0.09778774375000009 0.6213035796875002 0.06814092971233052 0.619749855776207 0.06593300625000006 0.6618795390625001 0.09557982028766963 0.6634332629737932
0 0.13555018125000004 0.5575675640625 0.10122229062500007 0.555768515625 0.09786951856293136 0.6197432203845834 0.13219740918793133 0.6215422688220833
2 0.6564845484739361 0.6787472352422602 0.6049927140625001 0.6760486625000001 0.6012310671058373 0.7478251609332205 0.6527229015172733 0.7505237336754805
0 0.6357379328501217 0.44765723990713713 0.5842460968750001 0.4449586671875001 0.5806479999183372 0.5136144484332203 0.6321398358934589 0.5163130211528574
0 0.6497126546875002 0.5094107515625002 0.6013415374679671 0.5068757287362257 0.5975798905929671 0.5786522271737257 0.6459510078125001 0.5811872500000002
4 0.6298567719083883 0.589731652487915 0.6158135437500001 0.5889956781250001 0.6122972218416118 0.6560911006370853 0.62634045 0.6568270750000001
0 0.8793129515763592 0.06926139348554823 0.8403039859375001 0.0672170203125001 0.8367058890486406 0.13587280182695197 0.8757148546874998 0.13791717500000011
0 0.5729964875000001 0.45062767812500015 0.5417893140976532 0.44899217901673916 0.5390907406250001 0.5004840140625001 0.570297914027347 0.5021195131707611
4 0.5668545766287962 0.8962294159224911 0.47011234062500007 0.8911593703125 0.46471519523083726 0.9941430421832204 0.5614574312346334 0.9992130877932113
0 0.1528644062896926 0.49588919299262113 0.13101938437500005 0.49474434375 0.12889323585583717 0.5353136687457203 0.15073825777052974 0.5364585179883414
0 0.9583211422324733 0.8306898741418582 0.9349157625000002 0.8294632500000001 0.9327896139808374 0.8700325749957203 0.9561949937133105 0.8712591991375784
2 0.5260354468875394 0.5107523247607375 0.49326791562500005 0.5090350515625002 0.49024224373746084 0.5667683221142628 0.5230097750000001 0.5684855953125001
2 0.7535936953125001 0.8559473812500002 0.7317486734733094 0.8548025321292156 0.729786075 0.8922511406250002 0.7516310968391906 0.8933959897457848
2 0.6086770659512557 0.9938645422045982 0.5805906090453881 0.9923925937327256 0.580191921875 1 0.6082783787808677 1.0014719484718726
0 0.9380364796875001 0.8296268000000001 0.9177518172239362 0.8285637258672602 0.9158709937500003 0.8644519750000004 0.9361556562135643 0.8655150491327401
2 0.804601515625 0.8977366953125001 0.7749547015142216 0.896182971233709 0.7721743530767216 0.949235166546209 0.8018211671875 0.950788890625
0 0.0938272156857123 0.9058612769665425 0.05013717343750011 0.9035715796874998 0.047520376501787955 0.9535030574084573 0.09121041875000013 0.9557927546875
0 0.3917673078458381 0.893312058738875 0.3511979828125001 0.8911859109375 0.3481723109041622 0.9489191818861251 0.38874163593750016 0.9510453296875001
0 0.6543164359994446 0.8992484535055272 0.6340317734375001 0.8981853796875001 0.6326415999380555 0.9247114777444729 0.6529262625000001 0.9257745515625
2 0.8013238828606422 0.9304224522064004 0.7872806546875 0.9296864781249999 0.7860540312018581 0.9530918587310995 0.8000972593750003 0.9538278328124999
4 0.0209677390625001 0.833198525 1.0547118733938987e-16 0.832099653125 -0.006051340778601288 0.9475661941391353 0.014916398283898707 0.9486650660141354
2 0.42102282814070324 0.2455178950128658 0.3944967311683371 0.24412772187072024 0.392125259277634 0.28937812373285443 0.4186513562500001 0.290768296875