2 0.6015625000000001 0.07343750000000004 0.2125 0.07343750000000002 0.21250000000000005 0.7609375 0.6015625000000002 0.7609375
4 1 0.4437500000000001 0.5734375 0.44375 0.5734375 1 1 1
4 0.7625 0.05156250000000008 0.5171875 0.05156250000000007 0.5171875 0.2968750000000001 0.7625 0.2968750000000001
0 0.18125000000000008 0.4859375 0.056250000000000064 0.4859375 0.05625000000000008 0.6859375 0.18125000000000008 0.6859375
0 0.08437500000000007 0.421875 5.166478683902896e-17 0.421875 8.208960575534602e-17 0.91875 0.08437500000000012 0.91875
4 0.6500000000000001 0.6515625 0.2390625000000001 0.6515625 0.2390625000000001 0.9546875 0.6500000000000001 0.9546875
0 1 0.05312500000000011 0.7765625 0.05312500000000009 0.7765625 0.4203125000000002 1 0.4203125000000002
0 0.27031250000000007 0.4609375 5.644856339819831e-17 0.4609375 8.543824934676456e-17 0.934375 0.27031250000000007 0.934375
4 0.36718750000000006 3.329508485181867e-17 0.1765625 2.1622670047445454e-17 0.1765625 0.38281250000000006 0.3671875000000001 0.3828125000000001
0 0.2078125 0.15625000000000003 0.1015625 0.15625 0.10156250000000003 0.321875 0.2078125 0.321875
0 0.03906250000000007 0.4890625 5.989288252080025e-17 0.4890625 6.984313776387249e-17 0.6515625 0.039062500000000076 0.6515625
4 0.6453125 0.02343750000000007 0.50625 0.023437500000000062 0.50625 0.15781250000000008 0.6453125 0.15781250000000008
4 0.35 2.6980499793715128e-17 0.090625 1.1098361617272889e-17 0.09062500000000001 0.12656250000000002 0.35 0.12656250000000005
4 0.7703125 0.2953125000000001 0.5890625 0.2953125000000001 0.5890625 0.5796875000000001 0.7703125 0.5796875000000001
4 1 0.3578125000000001 0.63125 0.3578125000000001 0.63125 0.6515625 1 0.6515625000000002
4 0.7390625 0.020312500000000084 0.628125 0.020312500000000077 0.628125 0.17343750000000008 0.7390625 0.17343750000000008
4 0.784375 0.58125 0.6875 0.58125 0.6875000000000001 0.7578125000000001 0.7843750000000002 0.7578125000000002
0 0.14375 1.3490249896857564e-17 0.0765625 9.376202055971923e-18 0.0765625 0.039062500000000014 0.14375 0.03906250000000002
4 0.9078125 0.5062500000000001 0.6546875 0.50625 0.6546875000000001 0.784375 0.9078125 0.7843750000000002
4 0.9390625 0.05468750000000011 0.8234375 0.05468750000000011 0.8234375 0.18593750000000012 0.9390625 0.18593750000000014
4 0.2640625000000001 0.428125 0.15781250000000005 0.428125 0.15781250000000008 0.5859375 0.2640625000000001 0.5859375
0 0.2515625 0.2390625 0.2203125 0.2390625 0.2203125 0.2828125 0.2515625 0.2828125
0 0.8203125 0.04062500000000009 0.7484375 0.04062500000000009 0.7484375 0.13437500000000008 0.8203125 0.13437500000000008
0 0.9015625 0.19687500000000008 0.8265625 0.19687500000000008 0.8265625 0.2968750000000001 0.9015625 0.2968750000000001
0 0.15625000000000006 0.2265625 0.11875000000000005 0.2265625 0.11875000000000005 0.271875 0.15625000000000006 0.271875
0 0.12343750000000005 0.253125 0.09843750000000002 0.253125 0.09843750000000004 0.29375 0.12343750000000005 0.29375
4 0.61875 0.006250000000000072 0.5578125 0.00625000000000007 0.5578125 0.08281250000000007 0.61875 0.08281250000000007
0 0.2062500000000001 0.4359375 0.18750000000000006 0.4359375 0.18750000000000006 0.4703125 0.2062500000000001 0.4703125
0 0.2078125 0.16250000000000003 0.1640625 0.1625 0.16406250000000003 0.2328125 0.2078125 0.2328125
4 0.525 0.009375000000000053 0.3625 0.009375000000000045 0.3625 0.21875000000000006 0.525 0.21875000000000008
0 0.5859375 0.07500000000000007 0.49375 0.07500000000000007 0.49375 0.18437500000000007 0.5859375 0.1843750000000001
0 0.3281250000000001 0.4109375 0.2140625000000001 0.4109375 0.2140625000000001 0.690625 0.3281250000000001 0.690625
2 0.4328125 4.7837765591693485e-17 0.3484375 4.267128690779059e-17 0.3484375 0.05468750000000004 0.4328125 0.05468750000000004
0 0.3937500000000001 0.459375 0.2875000000000001 0.459375 0.2875000000000001 0.628125 0.3937500000000001 0.628125
0 0.5203125 5.998855805198363e-17 0.459375 5.625721233583154e-17 0.459375 0.10468750000000004 0.5203125 0.10468750000000004