0 0.2828125 1.7604297737743203e-17 0.0046875 5.740531871003218e-19 0.004687500000000044 0.71875 0.2828125000000001 0.71875
2 0.9171875 0.7000000000000001 0.7078125 0.7 0.7078125000000001 0.98828125 0.9171875 0.98828125
4 0.99921875 0.2375000000000001 0.684375 0.2375000000000001 0.6843750000000001 0.7750000000000001 0.99921875 0.7750000000000001
4 0.7140625 0.703125 0.3343750000000001 0.703125 0.3343750000000001 0.984375 0.7140625000000002 0.984375
4 0.71796875 0.09218750000000007 0.5578125 0.09218750000000006 0.5578125 0.31718750000000007 0.71796875 0.31718750000000007
4 0.9984375 0.025000000000000116 0.865625 0.025000000000000112 0.865625 0.29765625000000007 0.9984375 0.29765625000000007
4 0.6875 0.010937500000000076 0.571875 0.010937500000000069 0.571875 0.2750000000000001 0.6875 0.2750000000000001
4 0.98125 0.2515625000000001 0.734375 0.2515625000000001 0.734375 0.5609375000000002 0.98125 0.5609375000000002
4 0.99375 0.006250000000000114 0.8703125 0.006250000000000105 0.8703125 0.2179687500000001 0.99375 0.2179687500000001
4 0.11406250000000004 0.384375 0.06875000000000005 0.384375 0.06875000000000006 0.46640625 0.11406250000000004 0.46640625
4 0.4953125 0.00625000000000005 0.315625 0.0062500000000000385 0.315625 0.27968750000000003 0.4953125 0.2796875000000001
4 0.08671875000000001 0.078125 0.04062500000000001 0.078125 0.040625000000000015 0.17109375 0.08671875000000002 0.17109375
4 0.8 0.010937500000000095 0.7453125 0.010937500000000091 0.7453125 0.19531250000000008 0.8 0.19531250000000008
4 0.10625000000000004 0.25625 0.07031250000000003 0.25625 0.07031250000000003 0.32421875 0.10625000000000004 0.32421875
0 0.4078125000000002 0.7375 0.0015625000000000903 0.7375 0.0015625000000001061 0.99921875 0.4078125000000002 0.99921875
4 0.825 0.02031250000000009 0.665625 0.020312500000000084 0.665625 0.3765625000000001 0.825 0.3765625000000001
0 0.1382812500000001 0.8484375 0.07656250000000012 0.8484375 0.07656250000000012 0.9796875 0.13828125000000013 0.9796875
4 0.834375 0.4859375000000002 0.790625 0.4859375000000002 0.790625 0.5750000000000002 0.834375 0.5750000000000002
4 0.7304687500000002 0.7484375000000001 0.6546875000000002 0.7484375 0.6546875000000002 0.87578125 0.7304687500000002 0.87578125
4 0.80703125 0.6859375000000002 0.7328125 0.6859375000000002 0.7328125000000001 0.7859375000000002 0.80703125 0.7859375000000002
4 0.1320312500000001 0.7828125 0.09375000000000008 0.7828125 0.0937500000000001 0.85546875 0.1320312500000001 0.85546875
4 0.7 0.0015625000000000818 0.6359375 0.0015625000000000777 0.6359375 0.08203125000000008 0.7 0.08203125000000008
4 1 0.7406250000000002 0.91875 0.7406250000000002 0.91875 0.98671875 1 0.98671875
4 0.5468750000000002 0.775 0.46875000000000017 0.775 0.46875000000000017 0.9078125 0.5468750000000002 0.9078125
0 0.23046875 0.15625000000000003 0.1625 0.15625 0.16250000000000003 0.27265625 0.23046875 0.27265625
0 0.14140625000000007 0.4609375 0.003125000000000057 0.4609375 0.0031250000000000674 0.6359375 0.1414062500000001 0.6359375
4 0.796875 0.5765625000000001 0.721875 0.5765625 0.721875 0.6781250000000001 0.796875 0.6781250000000002
4 0.634375 0.3046875000000001 0.5125 0.3046875000000001 0.5125 0.56953125 0.634375 0.56953125
0 0.07421875000000012 0.9453125 0.02968750000000011 0.9453125 0.029687500000000117 0.99765625 0.07421875000000014 0.99765625
0 0.7828125 0.004687500000000089 0.6703125 0.004687500000000082 0.6703125 0.1281250000000001 0.7828125 0.1281250000000001
4 0.5921875 6.946043563913895e-17 0.5421875 6.639881864127056e-17 0.5421875 0.14140625000000007 0.5921875 0.1414062500000001
4 0.940625 0.050000000000000114 0.9125 0.050000000000000114 0.9125 0.08593750000000011 0.940625 0.08593750000000011
0 0.09140625000000006 0.490625 0.050000000000000065 0.490625 0.050000000000000065 0.55234375 0.09140625000000006 0.55234375
4 0.7007812500000001 0.646875 0.65 0.646875 0.6500000000000001 0.728125 0.7007812500000001 0.728125
4 0.3976562500000001 0.725 0.2312500000000001 0.725 0.2312500000000001 0.91640625 0.3976562500000001 0.91640625
4 0.47265625 0.012500000000000056 0.4421875 0.012500000000000056 0.4421875 0.07890625000000005 0.47265625 0.07890625000000007
0 0.028906250000000116 0.9296875 1.1385388210823048e-16 0.9296875 1.1782441665234105e-16 0.99453125 0.028906250000000123 0.99453125
0 0.05234375000000008 0.5546875 0.003125000000000068 0.5546875 0.0031250000000000735 0.6421875 0.05234375000000009 0.6421875
4 0.36796875 0.19375000000000003 0.340625 0.19375000000000003 0.340625 0.24375000000000005 0.36796875 0.24375000000000008
0 0.19375000000000003 0.15156250000000002 0.165625 0.1515625 0.16562500000000002 0.20546875 0.19375000000000003 0.20546875
0 0.10703125000000013 0.95625 0.07500000000000011 0.95625 0.07500000000000012 0.99921875 0.10703125000000013 0.99921875
4 0.59296875 0.5515625 0.425 0.5515625 0.4250000000000001 0.80078125 0.5929687500000002 0.80078125
0 0.2328125 0.13593750000000004 0.20625 0.13593750000000004 0.20625 0.18281250000000004 0.2328125 0.18281250000000004
0 0.52734375 0.001562500000000061 0.46875 0.0015625000000000575 0.46875 0.13125000000000003 0.52734375 0.13125000000000003
0 0.12031250000000007 0.5046875 0.08750000000000006 0.5046875 0.08750000000000006 0.55546875 0.12031250000000009 0.55546875
0 0.046093750000000065 0.515625 0.026562500000000065 0.515625 0.026562500000000065 0.5671875 0.046093750000000065 0.5671875
4 0.884375 0.010937500000000102 0.7671875 0.010937500000000095 0.7671875 0.23203125000000008 0.884375 0.23203125000000008
0 0.44375 0.0031250000000000487 0.346875 0.003125000000000043 0.346875 0.11171875000000005 0.44375 0.11171875000000005
0 0.39140625 0.0015625000000000454 0.353125 0.001562500000000043 0.353125 0.07500000000000004 0.39140625 0.07500000000000004
0 0.10859375000000011 0.8984375 0.08281250000000011 0.8984375 0.08281250000000011 0.94375 0.10859375000000013 0.94375
0 0.10859375000000009 0.8578125 0.08593750000000011 0.8578125 0.08593750000000011 0.9 0.10859375000000009 0.9
4 0.25859375 0.13906250000000003 0.2390625 0.13906250000000003 0.2390625 0.18984375000000003 0.25859375 0.18984375000000003
0 0.0640625000000001 0.90625 0.03750000000000011 0.90625 0.03750000000000011 0.9453125 0.0640625000000001 0.9453125
4 0.74765625 0.3531250000000001 0.665625 0.3531250000000001 0.665625 0.5453125000000001 0.74765625 0.5453125000000002
0 0.050000000000000065 0.5671875 0.023437500000000073 0.5671875 0.023437500000000073 0.60390625 0.050000000000000065 0.60390625
0 0.09609375000000006 0.4640625 0.08281250000000007 0.4640625 0.08281250000000007 0.49375 0.09609375000000006 0.49375
2 0.7062500000000002 0.76875 0.6671875000000002 0.76875 0.6671875000000002 0.83203125 0.7062500000000002 0.83203125
0 0.12890625000000008 0.8609375 0.11250000000000009 0.8609375 0.11250000000000009 0.89765625 0.12890625000000008 0.89765625
4 0.11328125000000008 0.83125 0.09062500000000011 0.83125 0.09062500000000011 0.8515625 0.11328125000000008 0.8515625
4 0.015625000000000108 0.8796875 0.0015625000000001076 0.8796875 0.001562500000000109 0.90234375 0.01562500000000011 0.90234375
0 0.57109375 0.06250000000000007 0.546875 0.06250000000000007 0.546875 0.14453125000000008 0.57109375 0.14453125000000008
0 0.61484375 0.1671875000000001 0.603125 0.1671875000000001 0.603125 0.19531250000000008 0.61484375 0.19531250000000008
0 0.08281250000000011 0.9234375 0.06875000000000012 0.9234375 0.06875000000000012 0.94765625 0.08281250000000011 0.94765625
2 0.6937500000000002 0.753125 0.6609375000000002 0.753125 0.6609375000000002 0.79921875 0.6937500000000002 0.79921875
0 0.4187500000000002 0.759375 0.3984375000000001 0.759375 0.3984375000000001 0.78984375 0.4187500000000002 0.78984375
1 0.88046875 0.006250000000000105 0.8421875 0.006250000000000103 0.8421875 0.1820312500000001 0.88046875 0.1820312500000001
0 0.35546875 0.2 0.340625 0.2 0.340625 0.2171875 0.35546875 0.2171875
4 0.6375 0.023437500000000066 0.446875 0.023437500000000056 0.446875 0.41953125 0.6375 0.41953125
0 0.3296875 0.12343750000000005 0.3140625 0.12343750000000005 0.3140625 0.14843750000000006 0.3296875 0.14843750000000006
0 0.13046875000000008 0.7828125 0.11562500000000009 0.7828125 0.11562500000000009 0.8140625 0.13046875000000008 0.8140625
0 0.025000000000000116 0.925 0.012500000000000112 0.925 0.012500000000000113 0.959375 0.025000000000000123 0.959375