2 0.3803983687577765 0.4753018093196686 0.20864875003026442 0.4511639747846584 0.16711427812500007 0.7466971015625001 0.33886389685251217 0.7708349360975103
2 0.4408681859375002 0.8309285156250003 0.22734163281250014 0.800919315625 0.20450854597652918 0.963385170405823 0.4180350991015292 0.9933943704058233
2 0.4991134142047707 0.5961245880501933 0.3010598002456062 0.5682899685649228 0.2584380390625001 0.8715595656250003 0.4564916530216646 0.8993941851102708
4 1.0356631038170454 0.18555220936061906 0.9730287505521102 0.17674952598130905 0.9373656467350647 0.43050572130819004 0.9999999999999998 0.4393084046875001
1 0.9421079656250002 0.18344888281250019 0.677520715753519 0.14626356939803972 0.6203292687499999 0.5532018546875002 0.8849165186214811 0.5903871681019606
1 0.6639714765625 0.01813090156250009 0.26322236707804664 -0.03819071247082495 0.24365114987709685 0.10106573462187987 0.6444002593615502 0.1573873486552049
2 0.18054008749999997 1.6653345369377347e-17 0.08615516234983134 -0.013264934868994336 0.07518848891233135 0.06476700888100564 0.16957341406249998 0.07803194375
2 0.3883523799111243 0.1829385344064284 0.32181874400388855 0.17358784200358673 0.30094277968750005 0.3221280515625001 0.36747641559473576 0.33147874396534177
4 0.8279510330252569 0.5129555437986576 0.7474917518081062 0.5016477295024228 0.7140032250000002 0.7399309843750002 0.7944625062171509 0.751238798671235
4 0.9591029406281688 0.7585989468524535 0.8832855421875001 0.7479435062500002 0.8558858374968314 0.942902532835047 0.9317032359375002 0.9535579734375002
4 0.9749188624999998 0.5225655375000001 0.8464934718749998 0.5045165250000002 0.8310539551775559 0.6143743891313731 0.959479345802556 0.632423401631373