0 0.7548050703125 0.008593217187500085 0.14892438124260046 -0.012564603110627398 0.12683954304754044 0.6198624047321644 0.73272023211744 0.6410202250302919
0 0.8681634904571393 0.47846060004870195 0.5043227670215427 0.4657550015567046 0.48878158437500013 0.9107962281249999 0.8526223078105968 0.9235018266169973
0 0.19725800785338515 0.036026816016703864 0.016118420312500003 0.0297012828125 0.0035218843341148637 0.39041891054579614 0.184661471875 0.39674444374999995
0 0.8625518940621193 0.012355818760899525 0.5892809640624999 0.002812987500000072 0.5835552653128806 0.1667755453016006 0.8568261953124999 0.17631837656250007
0 0.8894054939195888 0.5417404828184222 0.4834029703125001 0.5275625625000002 0.47086096389291143 0.8867186406190779 0.8768634875000002 0.9008965609375001
0 0.17517821250000012 0.04150958281250003 0.01590029848113585 0.035947475312932846 0.002758456293635797 0.412280584687933 0.16203637031250007 0.41784269218750014
0 0.8609903453323027 0.0123012884954245 0.598650253125 0.0031401703125000765 0.5864899593205026 0.351365412498097 0.8488300515278052 0.3605265306810214
0 0.7548050703125002 0.008593217187500096 0.3675411243521722 -0.004930338584130611 0.3468740774401486 0.5868964171635845 0.7341380234004766 0.6004199729352152
0 0.7844744848197561 0.00962929532803131 0.6611121796874999 0.005321389062500079 0.6589854917427438 0.06622176873446886 0.782347796875 0.0705296750000001
0 0.5513130343750002 0.015558190625000074 0.24993423750205257 0.005033810878723079 0.2279039296875 0.6358992703125 0.5292827265604476 0.6464236500587771
0 0.7074827109636291 0.11012854300175885 0.5872435015625 0.10592969687500006 0.5798273577580028 0.31830024843559696 0.7000665671591318 0.3224990945623557
0 0.630104246875 0.3560153609375 0.5348498093834603 0.35268900288273053 0.5298875375 0.4947898859375 0.6251419749915398 0.4981162439922695
0 0.4953699515800949 0.005787352621146956 0.34546132812499997 0.0005524281250000429 0.336900045294905 0.2457154911288532 0.48680866875 0.2509504156250001
4 0.47367677812500003 0.35837005625 0.29097564218750005 0.35198999218750004 0.27848816641853136 0.7095845219027109 0.4611893023560313 0.7159645859652108
0 0.6170318625 0.32741672031250013 0.4780540750000001 0.32256350937500006 0.47052887156281475 0.538057156293662 0.6095066590628146 0.5429103672311621
0 0.3931058953229213 0.024104546576576943 0.199473921875 0.017342768750000022 0.18349649525990577 0.47487638275609967 0.377128468707827 0.4816381605826766
0 0.6367421046875001 0.07638917812500008 0.5071336062228591 0.07186314921472203 0.500371828097859 0.265495122652222 0.6299803265625001 0.27002115156250006
0 0.5292084270808978 0.20083711720560288 0.4433232770283036 0.19783794214920256 0.43906990150990594 0.3196386999435997 0.5249550515625001 0.322637875
4 1.0140220656214334 0.017645273435558398 0.76885900312137 0.009083990624873337 0.7517364374999367 0.49941011562681503 0.9968994999999999 0.5079713984375
4 1.0050939296897743 0.36285647926585124 0.798969571865723 0.3556584577216399 0.7809199874884488 0.8725309018932889 0.9870443453125002 0.8797289234375002
0 0.678571746875 0.22168752343750006 0.6129867234375 0.21939724375000008 0.6098784867450472 0.3084054890907003 0.6754635101825471 0.31069576877820027
0 0.8615455343750001 0.2202598468750001 0.8256299265759907 0.21900564648867665 0.82317605625 0.28927531406250007 0.8590916640490095 0.2905295144488235
0 1.0171451624466454 0.017754334312315954 0.27853287806759 -0.008038574946551259 0.2457055390584446 0.9320134219911329 0.9843178234375003 0.9578063312500001
0 0.9306750375002197 0.12104949530621203 0.8775823999999999 0.11919545937500012 0.87474681562478 0.20039596406878818 0.9278394531249999 0.20225000000000012
0 0.7188894625000002 0.007339015625000084 0.5455576150505272 0.0012861343549390365 0.5410861171875 0.1293330843750001 0.7144179646369729 0.13538596564506117
0 0.4046761050899804 0.9016053906390551 0.22822116250000013 0.8954434484375 0.2248948042850198 0.9906978874859449 0.40134974687500014 0.9968598296875001
0 0.7391895882783521 0.008047912527180751 0.6954662390624999 0.0065210593750000875 0.6948664039091479 0.02369808903531943 0.7385897531250001 0.025224942187500092
4 0.3919855000113288 0.36958840436308826 0.29516951250000006 0.3662075156250001 0.2879169609261713 0.5738934221994119 0.38473294843750006 0.5772743109375
0 0.66924212896475 0.13068148596682477 0.600534008654153 0.12828214528732754 0.5972076499999999 0.22353658437500004 0.6659157703105969 0.2259359250544973
0 0.04168319221290292 0.05873616802255731 0.015136871875000004 0.05780915 0.00608481403709712 0.31702614603994267 0.03263113437500004 0.3179531640625
4 0.9942622031249998 0.6282651375 0.8708998968749999 0.62395723125 0.862611267180141 0.8613125531793067 0.9859735734301409 0.8656204594293067
0 0.7875975813044971 0.009738356251903174 0.7454357796894031 0.008266034320502874 0.7439634577599059 0.0504278358810998 0.7861252593749999 0.051900157812500104
0 0.88117636875 0.6430775218750002 0.7546909672146831 0.6386605539090809 0.7483654328125001 0.8198001421875004 0.8748508343478172 0.8242171101534195
0 0.7095201734375001 0.007011832812500082 0.6704814681366607 0.0056485718535818075 0.669390859375 0.03687953593750008 0.7084295646758394 0.03824279689641836
0 0.11890794687499999 0.04110803437500002 0.061130665626358736 0.039090407773590956 0.05889491718750002 0.1031138828125 0.11667219843614127 0.10513150941390906
0 0.7082213265625 0.2680630296875001 0.6723057187391754 0.2668088284349772 0.6702880906141755 0.3245861112474772 0.7062036984375001 0.3258403125000001
0 0.6320772953125 0.030886159375000076 0.5992847827856906 0.0297410195177222 0.5978669905981906 0.0703412726427222 0.630659503125 0.07148641250000007
0 0.17149979457488715 0.8184169797163057 0.03408355551429025 0.8136182984118084 0.028139734375000114 0.9838270484374998 0.165555973435597 0.988625729741997
0 0.7537441140891998 0.710546300797922 0.6428741937500001 0.7066746375000001 0.6372030249733005 0.8690756476395782 0.7480729453125001 0.8729473109375
4 0.8935449000093575 0.06503204816953849 0.8263983281250002 0.06268723750000012 0.8226357249474061 0.17043406244359977 0.8897822968317634 0.17277887311313814
0 0.33810469062500004 0.07690469687500004 0.2834505046599342 0.07499613047688138 0.2811602249724342 0.14058115391438136 0.33581441093750003 0.14248972031250004
0 0.7073537484456441 0.6510785747667868 0.665191946875 0.6496062515625001 0.6629561968668561 0.7136297267957135 0.7051179984375001 0.7151020500000002
0 0.6284683328291787 0.40286180577238684 0.5847449843750001 0.4013349531250001 0.5821820531083215 0.4747277176651134 0.6259054015625001 0.4762545703125001
4 0.8421724266037799 0.19300463163040021 0.6657174828125001 0.18684268906250007 0.6547568593205028 0.500713871873097 0.8312118031117827 0.5068758144409972
0 0.6991692687500002 0.5272800250000003 0.574245415578317 0.522917588836829 0.569010492140817 0.6728262138368291 0.6939343453125002 0.6771886500000002
4 0.4429663093850843 0.5214601262737246 0.3883121234375001 0.519551559375 0.3850948249474059 0.6116829015060998 0.4397490108949901 0.6135914684048245
0 1.0098232203299133 0.13788448266828593 0.6522286890625001 0.1253970062500001 0.632052417170087 0.7031698282692144 0.9896469484375002 0.7156573046875002
0 0.9900435218749999 0.7938437734375 0.8994737281796136 0.7906810062485666 0.8941297421875 0.943712728125 0.9846995358828863 0.9468754953139333
0 0.7740095453125001 0.6674773171874999 0.7365323890620242 0.6661685859511243 0.7347874140620243 0.7161381281386243 0.7722645703125001 0.717446859375
0 0.10481434454664766 0.13129611565281957 0.026736935173550753 0.1285695921608223 0.022101845312500028 0.2613011859375 0.10017925468559694 0.26402770942949727
0 0.7835523765625001 0.3942063890625001 0.7648137984382614 0.39355202341570117 0.7637231890625001 0.4247829859375001 0.7824617671867389 0.42543735158429896
0 0.12157496562500003 0.0990489078125 0.07785161562500001 0.09752205468750001 0.07583398831922508 0.15529933752860797 0.1195573383192251 0.15682619065360798
0 0.5784045906522487 0.49335723359470174 0.5424889828125 0.4921030328125002 0.5399805812227514 0.5639342492177986 0.5758961890625001 0.5651884500000002
0 0.8023553714076648 0.6168732469678078 0.7133471234375002 0.613765009375 0.7089846848404322 0.7386888624616896 0.7979929328105968 0.7417971000544974
0 0.561753096889901 0.029993837073293183 0.5336452296875 0.029012289062500068 0.531954785922599 0.07742028167670696 0.560062653125 0.07840182968750006
0 0.28207238282963154 0.024917527634417756 0.1977487828125 0.02197288281250002 0.1927865108830027 0.1640737671855969 0.27711011090013427 0.16701841200751466
0 0.6854723055008862 0.2031670672159042 0.6417489555027893 0.20164021403640692 0.6397313281250001 0.25941749687500015 0.683454678123097 0.2609443500544974
0 0.9868807546875 0.8844135671875002 0.9603344359096893 0.8834865492338999 0.9579350952846891 0.9521946695463998 0.9844814140624999 0.9531216875
0 0.1377704469148378 0.12775660979669548 0.08311626093750002 0.12584804375000005 0.07902647652266225 0.24296415739080465 0.13368066250000005 0.24487272343750005
0 0.6135667234375 0.24755964218750007 0.58545885625 0.24657809375000003 0.5842046554768813 0.2824937015900658 0.6123125226643813 0.28347525002756585
4 0.43354746563555724 0.3882377575101838 0.3882625687500001 0.3866563734375001 0.385699635926943 0.4600491378023164 0.4309845328125001 0.4616305218750001
0 0.7621963359375001 0.4685063343750001 0.7340884687491845 0.467524785960856 0.7325616156241845 0.5112481359608559 0.7606694828125 0.512229684375
0 0.811590853125 0.3076321781250001 0.7959753718918972 0.3070868729536326 0.7951574140625002 0.3305100968750001 0.8107728952956028 0.3310554020463676
4 0.453817871875 0.21071204062500004 0.3960405884714682 0.2086944140418608 0.392605170310597 0.3070719484919973 0.4503824537141289 0.30908957507513657
0 0.43859889687500003 0.7808407124999999 0.03259637338662347 0.7666627921857233 0.025016639062500116 0.9837179875000001 0.4310191625508767 0.9978959078142766
0 0.7144972390625 0.44651576406250004 0.6973202094197681 0.4459159284055083 0.696393190625 0.47246224843749995 0.7135702202677319 0.47306208409449174
0 0.7106057406249999 0.6027251109375001 0.6778132280767694 0.6015799716936421 0.6763409062017695 0.643741773256142 0.70913341875 0.6448869125000001
0 0.6348136367177986 0.6688703000272487 0.6035826726572018 0.6677796905977516 0.6022194109375002 0.7068183937500001 0.633450374998097 0.7079090031794973
0 0.8231462703125001 0.6035282093750001 0.7700536312499999 0.6016741734375 0.7674361688557887 0.6766284843786942 0.8205288079182887 0.6784825203161942
0 0.7583048383129969 0.6247156828408906 0.7270738742524 0.6236250734113933 0.7252743687500001 0.6751561625000001 0.7565053328105968 0.6762467719294973
0 0.2570776625000001 0.2929585078125001 0.228969795381174 0.2919769589709356 0.22706122812500004 0.3466311468750001 0.2551690952438261 0.34761269571656456
0 0.17625887212477437 0.27919208756328606 0.15283564843750003 0.27837412968749997 0.1517995684983226 0.3080435453037112 0.17522279218559694 0.3088615031794973
0 0.9290886125257026 0.7932786336389807 0.8806806187500001 0.7915881890625001 0.8780631561974059 0.8665425015061 0.9264711499731085 0.8682329460825805
0 0.13977308125000013 0.9658370374999998 0.04920328750000012 0.9626742703124999 0.04843986091494952 0.9845359453117126 0.13900965466494952 0.9876987124992127
0 0.5873227765625 0.4170594953125 0.5638995531356362 0.41624153875791964 0.5626453531250001 0.452157146875 0.5860685765518638 0.45297510342958036
0 0.9800694877654195 0.4526628468842688 0.8848150486503255 0.4493364890153685 0.8790348202599059 0.6148605952560998 0.974289259375 0.6181869531250002
0 0.7473838859375002 0.847908009375 0.7255222109608356 0.8471445821442554 0.7245951921874999 0.8736909015624998 0.7464568671641645 0.8744543287932445
0 0.8743600609583894 0.8382710431518113 0.8337598078125001 0.8368532515625 0.832069364041611 0.8852612443481889 0.8726696171875001 0.8866790359375001
4 0.624462865625 0.2041634750000001 0.5901088062489295 0.20296380471815478 0.5883638312489294 0.2529333469056548 0.6227178906249999 0.2541330171875001
0 0.25777169843750003 0.18354107656250007 0.2296638312502855 0.1825595281168255 0.22748261250000007 0.24502145468750003 0.2555904796872146 0.24600300313317458
0 0.7921978437500001 0.8182038984375002 0.7703361687500002 0.8174404718750002 0.7691364984297151 0.8517945328122284 0.7909981734297149 0.8525579593747283
2 0.9984412125143004 0.5533653558404961 0.9422254781250002 0.5514022593750001 0.9349183968606999 0.7606497144720044 0.9911341312500002 0.7626128109375003
0 0.39152935468750016 0.9199077250000001 0.33843671720555285 0.9180536885455366 0.3357647234375001 0.9945695500000001 0.38885736091944734 0.9964235864544635
0 0.13434484531364194 0.9421956921548016 0.10936007500000007 0.9413232046875001 0.10826946562385824 0.9725541687826983 0.13325423593750013 0.9734266562499998
0 0.9147869031256344 0.12831193123183435 0.8898021328124999 0.1274394437500001 0.8884934015618656 0.16491660001816588 0.913478171875 0.1657890875000001
0 0.7746391000261069 0.8285349008149 0.7543389734375001 0.8278260046875001 0.7532483640080029 0.8590569687480972 0.7735484905966097 0.8597658648754971
0 0.8771262546885875 0.6695147796563589 0.8615107734375 0.6689694750000001 0.8607473468739124 0.6908311500311413 0.876362828125 0.6913764546875001
0 0.4474724359392302 0.9296785624504571 0.39750289531250005 0.9279335874999999 0.39510355468577 0.9966417078620429 0.4450730953125001 0.9983866828125001
0 0.9512923297143683 0.873790077355601 0.91849981875 0.8726449375000002 0.9174092093205027 0.9038759015605973 0.9502017202848709 0.9050210414161981
0 0.3618599390840836 0.9188716462569287 0.2993980125000001 0.9166904281249998 0.2967260202580028 0.9932062890605968 0.3591879468420863 0.9953875071925257
0 0.990098118776604 0.29979471798816043 0.9167053546875001 0.2972317859375001 0.913324465598396 0.39404777263683977 0.9867172296875 0.3966107046875001
0 0.4023115921875002 0.029116373437500054 0.016609195357873884 0.015647348700662096 -0.0038942593780886712 0.6027894610259457 0.38180813745153763 0.6162584857627837
0 0.41758489843750024 0.9348886765625002 0.39728477346353774 0.9341797805043817 0.3960851031250001 0.968533840625 0.41638522809896256 0.9692427366831187
0 0.993478940819809 0.6954662390693029 0.5000297201083714 0.6782346124928716 0.48896003593686216 0.9952288906432696 0.9824092566482998 1.0124605172197008
0 0.26139054380442867 0.03513946875387029 0.10055108281250003 0.02952283125000001 0.08942686869550276 0.34807865781059694 0.2502663296874314 0.35369529531446725
0 0.10448218593750007 0.27512213750000003 0.07637431875000003 0.27414058906250005 0.07506558750000004 0.3116177453125001 0.10317345468750008 0.31259929375000006
0 0.6268968346346042 0.6717207437590657 0.3786106763252559 0.6630503999917152 0.3669956875000002 0.995660159375 0.6152818458093485 1.0043305031423502
0 0.15545311094909456 0.20341981841797674 0.10704511718750002 0.20172937343750003 0.10393687967590551 0.29073761908202334 0.15234487343750003 0.29242806406250005
0 0.10010488906250004 0.31092868437500004 0.07512011718750004 0.3100561968750001 0.07386591646660792 0.34597180471688965 0.0988506883416079 0.3468442922168896
0 0.8064848250272962 0.4090782789058392 0.7174765796875 0.4059700421875001 0.7131141421602037 0.530893896094161 0.8021223875000001 0.5340021328125001
0 0.40469096562500023 0.9907226984375003 0.3859523874818344 0.9900683328118658 0.38573426562500013 0.9963145250000002 0.404472843768166 0.9969688906256347
0 0.8825148203125002 0.7838349796875002 0.7700833515637346 0.7799087859021505 0.7660480968750001 0.8954633500000002 0.8784795656237655 0.89938954378535
0 0.8643364062975263 0.8566824377015315 0.8440362796875002 0.8559735421875002 0.8431092624524741 0.8825198622984688 0.8634093890625001 0.8832287578125001
0 0.7600299781250002 0.6200855687500001 0.7506606890634517 0.6197583859102515 0.7502244453125001 0.6322507703125001 0.7595937343740485 0.6325779531522487
0 0.19389197970450872 0.22196010888793521 0.07521431875000002 0.21781579375 0.06839801092049133 0.4130093161120649 0.18707567187500002 0.41715363125000005
0 0.34520844531250006 0.45550824999999995 0.01572178125000006 0.44400232187499994 0.00039872062896354474 0.8827973562610513 0.32988538469146356 0.8943032843860512
0 0.23626188437500012 0.9785872156250001 0.2081540171511686 0.9776056671862314 0.20771777343750011 0.9900980515625 0.23582564066133163 0.9910796000012686
0 0.37635011721829564 0.9068700359931391 0.36073463437500014 0.90632473125 0.35920778121730157 0.9500480796863581 0.3748232640605971 0.9505933844294973
0 0.1590273109379758 0.28015379998637574 0.14965802187500005 0.2798266171875 0.14922177812452425 0.29231900313862436 0.15859106718750005 0.2926461859375
0 0.6986140140625001 0.8118089749999999 0.6892447250000001 0.8114817921874999 0.6887539508075472 0.8255357250282003 0.6981232398700472 0.8258629078407003
0 0.7493569328125 0.5227788078125001 0.7399876437688001 0.5224516244616353 0.73949686875 0.5365055578125 0.7488661577936998 0.5368327411633648
0 0.3141410065053106 0.9422205031339155 0.24387133906250008 0.9397666328124998 0.24207183411968955 0.9912977234285844 0.31234150156250007 0.9937515937500001
0 0.22240637031250005 0.032214659375000024 0.20210624377756586 0.031505763273118687 0.20047032968750003 0.07835220937500005 0.22077045622243424 0.07906110547688139
0 0.2948224281890025 0.9134037387922092 0.2589068203125001 0.9121495390625001 0.2570527858734978 0.9652421783952907 0.2929683937500001 0.9664963781249998
0 0.7926291781250001 0.44768073906250005 0.7816983406103405 0.44729902541979244 0.7808803827978406 0.4707222488572925 0.7918112203125001 0.47110396250000014
0 0.2989964640625001 0.9729606921875 0.26776550000000016 0.9718700828125 0.26705660390802344 0.9921702094023436 0.29828756797052336 0.9932608187773436
0 0.18140941250000014 0.9375854140625 0.16735547971415402 0.937094639861732 0.16648299218750012 0.9620794109375002 0.18053692497334622 0.9625701851382681
0 0.11573032032484368 0.042560521521523134 0.1001148390625 0.04201521718750001 0.09886063905015634 0.07793082535347688 0.11447612031250001 0.07847612968750002