4 1.003637724977907 0.025708360723402945 0.8538432938522036 0.01785796679983992 0.839778004725002 0.2862396561700783 0.9895724358507054 0.2940900500936413
4 1.0007049406022455 0.49964188119038344 0.8665140967675292 0.49260923749436775 0.8472969889777839 0.8592935203664845 0.9814878328125003 0.8663261640625002
0 0.4412102906633237 0.546987578956242 0.239924025 0.5364386125 0.220706915543337 0.9031228953082202 0.42199318120666074 0.9136718617644621
2 0.7727046452718984 0.013605671954759374 0.5121247499111763 -0.00005074220111330741 0.50231175775953 0.18719229530972398 0.7628916531202521 0.2008487094655967
2 0.8132033093761267 0.43505278747850096 0.5947530984375 0.42360429687499995 0.5815055593738734 0.6763823968964993 0.7999557703125 0.6878308875000001
2 0.3609932265625001 0.25645367500000005 0.28297529375000013 0.252364928125 0.2747978000000001 0.4084007937500001 0.3528157328125 0.4124895406250001
4 0.15596073906250002 0.018834956250000024 0.02489061159500581 0.011965862452571266 0.018757492187500016 0.12899276093750003 0.14982761965499422 0.1358618547349288
0 0.25064765625000013 0.7497922375 0.09305143281149111 0.7415329687692539 0.08062164218649105 0.9787074843942539 0.23821786562500008 0.986966753125
0 0.6285130437500003 0.8243578734375001 0.4802789719562012 0.8165892547005935 0.4707113046497285 0.9991512171855206 0.6189453764435277 1.0069198359224272
2 0.9015116125178994 0.18307916528346346 0.7501568234375 0.17514699687500007 0.737072834293337 0.4248043812457202 0.8884276233737362 0.4327365496541836
2 0.8429207843906565 0.017285543451250718 0.7290146031249999 0.011315973437500081 0.7178114374843431 0.2250851081112494 0.8317176187499997 0.23105467812500002