4 0.28368833604437443 0.588781278885451 0.24237132187500005 0.2947954453125 -0.028405103291735283 0.33285058987296184 0.012911910877639076 0.626836423445913
4 0.3379146331651831 0.3066133983879336 0.29811982496973566 0.02345862165965828 0.0869142125 0.05314163437499999 0.12670902069544748 0.3362964111032753
4 0.5419274625 0.4278375453125 0.5114833471468012 0.2112164046493008 0.29176761875 0.24209543593749988 0.32221173410319875 0.4587165766006991
4 0.9032540861028291 0.5569319356946695 0.8790075218447356 0.3844086700971584 0.6616127341794065 0.4149615156524889 0.6858592984375 0.5874847812499999
4 0.7690660171904959 0.3880260250213171 0.7300323107251543 0.11028677661408146 0.48323894040965837 0.14497132346776434 0.5222726468750001 0.422710571875
0 0.986435715980645 0.3685216952625173 0.9535995624697357 0.13488032322215826 0.8762348687500001 0.14575322187499998 0.9090710222609093 0.379394593915359
0 0.5013799283075465 0.18423494817388572 0.47528497211724785 -0.0014403158970047402 0.348406875 0.0163912375 0.3745018311902987 0.20206650157089046
4 0.6750239906055799 0.34759567947063424 0.6241388250135061 -0.014471083033993215 0.4345953265625 0.012167518749999995 0.48548049215457373 0.37423428125462743
4 1.0061700468135508 0.5819144315021617 0.9917090921875001 0.47901938906249997 0.921307221841787 0.48891372632617786 0.9357681764678377 0.5918087687658395
4 0.02036390789226772 0.26446018494257684 0.011556860937500002 0.201794784375 -0.008807046954767717 0.20465674474492315 0 0.2673221453125
2 0.07491651875538533 0.4224681516008186 0.0658920125 0.35825545624999994 0.015604962494614677 0.3653228405866814 0.02462946875000001 0.42953553593750005
2 0.5196882392170166 0.39309453078694195 0.5141430609375 0.35363853593750005 0.4785553014079835 0.35864006921305813 0.48410047968750003 0.3980960640625001
2 0.0942284375 0.48129040625 0.08857452968750001 0.44106076562499996 0.059949592341619354 0.44508373859661593 0.06560350015411934 0.485313379221616
4 0.739897478125 0.5341323984375 0.7232619439044728 0.41576441850869517 0.6598228952822358 0.42468019509715826 0.6764584295027629 0.5430481750259631
2 0.12050734375000001 0.48864213593750006 0.1143097921365491 0.44454426057496554 0.08259026874999997 0.4490021484375 0.0887878203634509 0.4931000238000345
4 0.8885923 0.10457010781250002 0.8833733093019889 0.06743505604066602 0.8593902530519891 0.070805654478166 0.8646092437500001 0.10794070625
4 0.03888542515506998 0.23345575579088038 0.03149185461049101 0.1808477635145525 -0.00022767019317811442 0.18530565164388105 0.007165900351400856 0.23791364392020892
4 0.026486154687499996 0.19575196874999998 0.01572198622509576 0.11916092317748601 -0.01076416846240424 0.12288330911498602 0 0.1994743546875
0 0.030362807812499996 0.3861276671875 0.013944731987251841 0.269306979583886 -0.016418075825248145 0.273574193646386 1.1102230246251566e-17 0.39039488125000005
4 0.638859121875 0.31480978749999994 0.6175482405887613 0.16317498880464829 0.53167343125 0.17524390625000003 0.5529843125362387 0.32687870494535176
4 0.011117734374999997 0.103240525 0.005790015170642465 0.06533182443317265 -0.005327719204357535 0.06689431974567264 -2.7755575615628915e-18 0.1048030203125
2 1.0167442622661622 0.9275565507694665 1.0000000000000002 0.808414921875 0.8802162106509052 0.8252494338982705 0.8969604729170669 0.9443910627927371
2 0.7674227074150515 0.9657521201487629 0.7622037155947357 0.9286170669721583 0.7343524249999999 0.9325313109375 0.7395714168203156 0.9696663641141047
2 0.987138434375 0.9348730890624999 0.97887503125 0.8760759218749999 0.9076995140093842 0.8860789886845627 0.9159629171343843 0.9448761558720626
0 0.7634872890684002 0.022747568791982187 0.7590525765524473 -0.008807048393275774 0.696387174984047 2.2420398870792724e-12 0.7008218875 0.0315546171875
4 0.1923740046875 0.9999999999999998 0.18128684687499996 0.9211107687499999 0.05982427942521259 0.9381812184462278 0.0709114372377126 1.0170704496962277
2 0.825717775 0.010845932812500014 0.8230626945902006 -0.008045945210987426 0.7658128211527007 1.0151255391832593e-10 0.7684679015625 0.018891878124999994
4 0.7721020937499999 0.5106720671875001 0.7447023890554466 0.31571304213731294 0.6913207515625 0.3232153421875 0.7187204562570533 0.5181743672376872
4 0.5831023672121558 0.9790338095504353 0.542981371875 0.69355809375 0.0385635749570011 0.764449391881547 0.07868457029415689 1.0499251076819822
2 0.7068187781249999 0.309992246875 0.7023608889672216 0.2782727227595589 0.6714150125 0.2826218828125 0.6758729016577785 0.31434140692794105
2 0.8934852296875 0.5772391265625 0.8857654718750002 0.52231019375 0.8586878295061933 0.5261157080849356 0.8664075873186933 0.5810446408974356
2 0.864325109375 0.9142648421875 0.8580188285051994 0.8693933202590663 0.7930324859375001 0.8785265546875 0.7993387668073005 0.9233980766159335
2 0.8995992251651523 0.9014181105501196 0.8940540468248106 0.8619621168303837 0.853050759159658 0.8677247531552643 0.8585959374999999 0.9071807468750002
4 1.0213545151941328 0.8527494076273451 0.9904754831376262 0.6330336811781923 0.9285837288809933 0.6417320001133472 0.9594627609374997 0.8614477265625
0 0.8896419984375001 0.27483098593750005 0.8765945203125 0.181993353125 0.8518378186537753 0.18547268056532512 0.864885296778775 0.27831031337782514
4 0.48958727343749997 0.9984879218750002 0.46697164526679025 0.8375693606122582 0.3354516671874999 0.8560532874999998 0.3580672953582097 1.016971848762742
4 0.9122953862107707 0.857031681631922 0.881525084375 0.6380896 0.7647043968473353 0.6545076763656557 0.7954746986831059 0.8734497579975775
4 0.35568205781249995 0.9999999999999998 0.335234209375 0.8545059937499998 0.22692363901648224 0.8697280512350665 0.24737148745398221 1.0152220574850666
0 0.6137051781252343 0.4445733906266664 0.5953299796875001 0.313827059375 0.5024923484372659 0.3268745374983336 0.5208675468750001 0.45762086875
0 0.35252634687499995 1 0.34899261402511367 0.9748561841089824 0.2994792109375 0.9818148390625 0.3030129437873863 1.0069586549535177
4 0.30024448125000003 0.9367384031249999 0.28969776889977805 0.8616946499789501 0.19763378437500004 0.8746334000000001 0.20818049672522196 0.94967715314605
2 0.5532228593750002 0.9516759890625 0.5488736999423817 0.9207301120900235 0.5217960578125 0.9245356265625002 0.5261452172451185 0.9554815035349767
2 0.3836478203125 0.9912867625 0.3795161186950159 0.9618881792962677 0.35398577031249995 0.9654762359375001 0.35811747192998405 0.9948748191412324
2 0.249965734375 1 0.2478748687432765 0.9851227171396596 0.21538169616854824 0.9896893344742853 0.21747256180027175 1.0045666173346257
4 0.16002796562500002 1 0.158048184375 0.9859131171875 0.11472395555064212 0.9920019373359195 0.11670373680064212 1.0060888201484195
2 0.6095108828125 0.880651 0.6047268077564686 0.8466105355388169 0.5776491640625 0.85041605 0.5824332391185314 0.8844565144611829
0 0.32096923593749993 0.9999999999999998 0.31924275625 0.9877154593749999 0.29603334780626833 0.9909773291884667 0.29775982749376834 1.0032618698134665
2 0.5992318468912684 0.9310091469907558 0.5946652296875 0.8985159765625002 0.5722294687337316 0.9016691170717444 0.5767960859374999 0.9341622875000001
0 0.08849101562500006 0.8670935109375002 0.07794430312500003 0.7920497578125 0.04622477831196148 0.7965076466428 0.05677149081196151 0.8715513997678002
2 0.25641007343750005 0.9728781828124999 0.25140853903187815 0.9372904236613987 0.2227836015318781 0.9413133970988987 0.22778513593750005 0.97690115625
2 0.39700052351758386 0.9010502505698259 0.39265136392724215 0.8701043724750903 0.3678946622846584 0.8735837000302643 0.372243821875 0.9045295781249999
2 0.4093997953553938 0.9387540362427049 0.4050506359375 0.9078081578124999 0.38416216870710623 0.9107438403197949 0.38851132812499994 0.94168971875
0 0.2435758859375 0.9320798109374998 0.23977037031249998 0.9050021671874999 0.21965554995453712 0.9078291215515145 0.2234610655795371 0.9349067653015144
2 0.32069386431869024 0.9812000986978886 0.3160185187500001 0.9479332796875001 0.2873935812394158 0.9519562514871888 0.2920689268081059 0.9852230704975773
4 0.39586714062500006 0.573015575 0.380753810887307 0.4654786515695542 0.3165411155748069 0.4745031578195542 0.3316544453125 0.5820400812500001
0 0.8466023277834335 0.934112027953409 0.84192698125 0.900845209375 0.7970554581540663 0.9071514907965911 0.8017308046875 0.9404183093750001
0 0.6999438062500001 0.418252640625 0.6923327780706422 0.3640973560380445 0.6582923124456421 0.3688814310380445 0.665903340625 0.423036715625
2 0.20657470625 0.9999999999999998 0.2051068296875 0.9895555171874998 0.1764818936395301 0.9935784902233296 0.17794977020203007 1.0040229730358297