0 0.9140625 0.2578125000000001 0.628125 0.2578125000000001 0.628125 0.9171875 0.9140625 0.9171875
4 0.08750000000000004 0.1328125 0.010937500000000017 0.1328125 0.01093750000000003 0.3546875 0.08750000000000005 0.3546875
4 0.6 3.6739403974420595e-17 0 0 6.505936120470317e-18 0.10625000000000004 0.6 0.1062500000000001
4 1 0.007812500000000113 0.8375 0.007812500000000102 0.8375 0.3593750000000001 1 0.3593750000000001
4 0.9921875 0.5250000000000001 0.859375 0.5250000000000001 0.859375 1 0.9921875 1
4 0.5578125 0.5328125 0.48125 0.5328125 0.48125000000000007 0.76953125 0.5578125000000002 0.76953125
4 0.7398437500000001 0.6843750000000001 0.6140625 0.684375 0.6140625000000001 0.9453125 0.7398437500000001 0.9453125
1 0.79765625 0.004687500000000085 0.5859375 0.004687500000000072 0.5859375 0.2757812500000001 0.79765625 0.2757812500000001
1 0.6710937500000002 0.7921875 0.5968750000000002 0.7921875 0.5968750000000002 0.93203125 0.6710937500000002 0.93203125
2 0.6453125 0.4140625 0.5921875 0.4140625 0.5921875 0.49140625 0.6453125 0.49140625
4 0.703125 0.5546875 0.6328125 0.5546875 0.6328125 0.646875 0.703125 0.646875
4 0.1218750000000001 0.7421875 0.001562500000000091 0.7421875 0.0015625000000001003 0.89296875 0.1218750000000001 0.89296875
1 0.4828125000000002 0.878125 0.3281250000000001 0.878125 0.3281250000000001 0.996875 0.4828125000000002 0.996875
1 0.18984375000000003 0.031250000000000014 0.084375 0.031250000000000014 0.08437500000000002 0.33828125 0.18984375000000003 0.33828125
2 0.13281250000000006 0.26875 0.08750000000000002 0.26875 0.08750000000000004 0.33671875 0.13281250000000006 0.33671875
2 0.66875 0.3109375000000001 0.615625 0.3109375000000001 0.615625 0.3726562500000001 0.66875 0.3726562500000001
2 0.1429687500000001 0.6328125 0.08906250000000007 0.6328125 0.08906250000000007 0.7359375 0.1429687500000001 0.7359375
1 0.11250000000000009 0.7359375 0.0671875000000001 0.7359375 0.0671875000000001 0.78828125 0.11250000000000009 0.78828125
2 0.24375 0.043750000000000025 0.2 0.043750000000000025 0.2 0.08984375000000003 0.24375 0.08984375000000003
2 0.24140625 0.08750000000000002 0.1921875 0.08750000000000002 0.1921875 0.15781250000000005 0.24140625 0.15781250000000005
2 0.6570312500000002 0.80625 0.6312500000000002 0.80625 0.6312500000000002 0.85234375 0.6570312500000002 0.85234375
2 0.13046875000000002 0.153125 0.08593750000000003 0.153125 0.08593750000000003 0.26328125 0.13046875000000005 0.26328125
2 0.2023437500000001 0.634375 0.1453125000000001 0.634375 0.1453125000000001 0.7484375 0.2023437500000001 0.7484375
2 0.12968750000000004 0.3625 0.08906250000000004 0.3625 0.08906250000000004 0.42265625 0.12968750000000004 0.42265625
2 0.13125 0.09531250000000001 0.08750000000000002 0.0953125 0.08750000000000002 0.15703125 0.13125 0.15703125
2 0.109375 0.03437500000000001 0.0796875 0.03437500000000001 0.07968750000000001 0.1 0.109375 0.1
2 0.615625 0.5828125 0.5765625 0.5828125 0.5765625 0.6640625 0.615625 0.6640625
2 0.39453125 0.22343750000000004 0.3515625 0.2234375 0.3515625 0.33515625000000004 0.39453125 0.3351562500000001
2 0.18359375 0.03437500000000002 0.134375 0.03437500000000001 0.134375 0.10000000000000002 0.18359375 0.10000000000000005
2 0.18125 0.09375000000000003 0.13125 0.09375000000000003 0.13125 0.15703125 0.18125 0.15703125
2 0.29375 0.2640625 0.2421875 0.2640625 0.2421875 0.3359375 0.29375 0.3359375
2 0.64921875 0.6078125 0.6109375 0.6078125 0.6109375 0.684375 0.64921875 0.684375
0 0.78046875 0.4640625000000001 0.725 0.4640625 0.725 0.5703125000000001 0.78046875 0.5703125000000002
1 0.18437500000000007 0.353125 0.08125000000000004 0.353125 0.08125000000000006 0.603125 0.1843750000000001 0.603125
1 0.59453125 0.017187500000000067 0.5140625 0.01718750000000006 0.5140625 0.2828125000000001 0.59453125 0.2828125000000001
1 0.4984375 0.04687500000000005 0.378125 0.04687500000000004 0.378125 0.3281250000000001 0.4984375 0.3281250000000001
1 0.5328125000000001 0.7296875 0.4984375000000002 0.7296875 0.4984375000000002 1 0.5328125000000001 1
1 0.08593750000000011 0.8609375 1.0543443536409245e-16 0.8609375 1.1375820657704711e-16 0.996875 0.08593750000000011 0.996875
0 0.7921875 0.41718750000000016 0.7578125 0.41718750000000016 0.7578125 0.4867187500000002 0.7921875 0.4867187500000002
0 0.7484375 0.4171875000000001 0.7109375 0.4171875 0.7109375 0.4835937500000001 0.7484375 0.48359375000000016
0 0.67109375 0.3671875000000001 0.63125 0.3671875000000001 0.63125 0.4296875 0.67109375 0.4296875
0 0.8609375 0.3750000000000001 0.809375 0.3750000000000001 0.809375 0.4437500000000002 0.8609375 0.4437500000000002
0 0.88828125 0.4390625000000002 0.85625 0.4390625000000002 0.85625 0.5000000000000002 0.88828125 0.5000000000000002
4 0.06093750000000001 0.04843750000000001 0.0015625000000000062 0.0484375 0.0015625000000000096 0.10625 0.06093750000000002 0.10625
0 0.74375 0.5625000000000001 0.7109375 0.5625 0.7109375 0.6218750000000001 0.74375 0.6218750000000002
0 0.84921875 0.44843750000000016 0.8109375 0.44843750000000016 0.8109375 0.5039062500000002 0.84921875 0.5039062500000002
0 0.71171875 0.415625 0.6828125 0.415625 0.6828125 0.47265625 0.71171875 0.47265625
2 0.12734375000000006 0.490625 0.08437500000000006 0.490625 0.08437500000000006 0.5453125 0.1273437500000001 0.5453125
1 0.465625 0.4875 0.4171875 0.4875 0.4171875 0.55390625 0.465625 0.55390625
1 0.3531250000000001 0.4234375 0.3062500000000001 0.4234375 0.3062500000000001 0.4765625 0.3531250000000001 0.4765625
1 0.2812500000000001 0.5296875 0.2390625000000001 0.5296875 0.2390625000000001 0.61171875 0.2812500000000001 0.61171875
1 0.3984375000000001 0.534375 0.3515625000000001 0.534375 0.3515625000000001 0.6125 0.3984375000000001 0.6125
1 0.39921875000000007 0.48125 0.3531250000000001 0.48125 0.3531250000000001 0.54921875 0.39921875000000007 0.54921875
1 0.56796875 0.41875 0.4828125 0.41875 0.4828125 0.559375 0.56796875 0.559375
1 0.35234375 0.2734375 0.3015625 0.2734375 0.3015625 0.3453125 0.35234375 0.3453125
1 0.39687500000000003 0.35468750000000004 0.3609375 0.3546875 0.3609375 0.42578125 0.3968750000000001 0.42578125
1 0.3843750000000001 0.6359375 0.3515625000000001 0.6359375 0.3515625000000001 0.740625 0.3843750000000001 0.740625
1 0.353125 0.3609375 0.3046875 0.3609375 0.30468750000000006 0.428125 0.3531250000000001 0.428125
1 0.465625 0.5984375 0.4203125 0.5984375 0.4203125 0.6765625 0.465625 0.6765625
1 0.4320312500000001 0.64375 0.403125 0.64375 0.40312500000000007 0.73125 0.4320312500000002 0.73125
1 0.3382812500000001 0.628125 0.2828125000000001 0.628125 0.2828125000000001 0.7265625 0.3382812500000001 0.7265625
4 0.4421875000000002 0.878125 0.4031250000000002 0.878125 0.4031250000000002 0.9328125 0.4421875000000002 0.9328125
1 0.6625 0.48125 0.590625 0.48125 0.590625 0.56171875 0.6625 0.56171875
1 0.56484375 0.3843750000000001 0.540625 0.3843750000000001 0.540625 0.43203125 0.56484375 0.43203125
1 0.3546875000000001 0.803125 0.3218750000000001 0.803125 0.3218750000000001 0.86328125 0.3546875000000001 0.86328125
1 0.40625 0.421875 0.3500000000000001 0.421875 0.3500000000000001 0.46796875 0.40625 0.46796875
1 0.4054687500000001 0.6421875 0.37968750000000007 0.6421875 0.37968750000000007 0.7296875 0.40546875000000016 0.7296875
1 0.5015625 0.6296875 0.4640625 0.6296875 0.4640625 0.68515625 0.5015625 0.68515625
1 0.020312500000000074 0.553125 6.773827607783798e-17 0.553125 7.376583454239135e-17 0.6515625 0.020312500000000077 0.6515625
1 0.2812500000000001 0.6375 0.21093750000000008 0.6375 0.21093750000000008 0.7546875 0.2812500000000001 0.7546875
0 0.5531250000000002 0.809375 0.5171875000000001 0.809375 0.5171875000000001 0.8984375 0.5531250000000002 0.8984375
1 0.017968750000000096 0.7390625 9.050905249948406e-17 0.7390625 9.476661363714479e-17 0.80859375 0.0179687500000001 0.80859375