4 1.0004437499672787 0.5365491307952379 0.7133968250000001 0.49108536406250003 0.6640221967357661 0.8028244968529478 0.9510691217030447 0.8482882635856855
4 0.792462865625 0.7709622671875002 0.5625166733850264 0.7345423687416892 0.5204723156250002 1.0000000000000002 0.7504185078649739 1.036419898445811
4 0.6538087281250001 0.5876399796875 0.42077600851010644 0.5507312233005144 0.3841116812500001 0.7822206781250001 0.6171444008648937 0.8191294345119857
4 0.3612548133990248 0.3372289892048915 0.132851883749762 0.3010535186509721 0.10327599218750008 0.48778834687500006 0.3316789218367629 0.5239638174289196
4 0.4544066781250001 0.5481479140625001 0.18896543593750006 0.5061061515625 0.142523954365623 0.7993261267589954 0.407965196553123 0.8413678892589955
0 0.07453390156380485 0.45950639530426196 0.0020005390551931955 0.4480182390613427 -0.03564150469611159 0.6856807453195808 0.03689185781250006 0.6971689015625
0 0.512034775 0.8135555421875 0.37314110156250013 0.7915569453125001 0.3430763525565389 0.9813782986534447 0.4819700259940388 1.0033768955284448
4 0.4715982812500002 0.6094039359375001 0.2570847186008711 0.5754283259415639 0.19793293735087109 0.9488979806290638 0.41244650000000005 0.9828735906249999
4 0.1260509531250001 0.25409903125 0.04888780169499161 0.2418775882259811 0.031777781249999984 0.3499060015625 0.10894093268000844 0.3621274445865189
4 0.8975150546875004 0.8967572953125 0.8589334783689189 0.8906465734599587 0.8486674656632374 0.9554636216335805 0.8872490419818189 0.9615743434861219
2 0.9203379875000003 0.7326825562500001 0.8663237814226983 0.7241275457846272 0.8555689109375002 0.7920311203125003 0.9095831170148022 0.8005861307778732
2 0.47972676420791904 0.5980355468980321 0.4411451874422367 0.5919248263058755 0.4345456091718177 0.6335929294078433 0.4731271859375001 0.6397036499999998
2 0.9005487140765787 0.6678511499111108 0.869683453125 0.6629625734375001 0.8630838749859212 0.7046306750888894 0.8939491359374999 0.7095192515625002
4 0.35245537355283824 0.39278645864678385 0.28146527500000007 0.38154273125000004 0.26215539507108054 0.503460510899263 0.3331454936239187 0.5147042382960467
2 0.8808984625 0.6520830421875001 0.8469466766141329 0.6467056074865032 0.8396138109375 0.6930034984375001 0.8735655968233672 0.6983809331384971
4 0.0199782954486696 0.7340394757027594 8.881784197001253e-17 0.730875225 -0.006110720448669426 0.7694568008597407 0.013867575000000087 0.7726210515625
4 0.8671242923003911 0.9188374758497349 0.8316292421875 0.9132156125000002 0.823074232699609 0.9672298194627655 0.8585692828125001 0.9728516828125002
4 0.8746585095656755 0.9611621737961222 0.8283606179141149 0.9538293092426086 0.8210479000000002 1 0.8673457916515606 1.0073328645535136
0 0.9472013375000001 0.7828146187500001 0.8885573421878077 0.773526321873058 0.8694918906250001 0.8939008390625002 0.9281358859371925 0.9031891359394425
4 0.38986767187500015 0.6360084984375001 0.2941853640946071 0.6208539091722844 0.2692536203125001 0.7782667390625001 0.3649359280928931 0.7934213283277156
2 0.2801986125 3.3306690738754695e-17 0.10735315320117504 -0.02737603188639671 0.0978071843509822 0.03289484218369596 0.2706526436498072 0.060270874070092705
2 0.4415602421874999 6.661338147750939e-17 0.4106949805701482 -0.004888576424172253 0.4086883680701482 0.007780678263327745 0.4395536296874999 0.012669254687500065
0 0.14533733399208043 0.8614688158118273 0.07897702309281765 0.8509583749454077 0.06968872656250011 0.9096023703125002 0.13604903746176292 0.9201128111789199
4 1.0200431637629095 0.11093767021507617 0.9663718682395055 0.10243697310917008 0.9463287044765961 0.22898454351909403 1 0.23748524062500015
2 0.07922145156250016 0.8494151124999998 0.017490929928919652 0.8396379578507369 0.007713775241419607 0.9013684797257371 0.06944429687500012 0.911145634375
4 0.30371319512674433 0.400886223655555 0.23735288422748138 0.39037578278913543 0.20606599062500006 0.5879134515625 0.272426301524263 0.5984238924289196
4 1.0505967730034425 0.09362921357031495 0.5747185388044371 0.018257504646626933 0.524121765625 0.33771295312500016 0.9999999998240053 0.41308466204868816
2 0.2691720360350699 0.6089823040714687 0.23676351250000005 0.6038492984375001 0.23138607802743025 0.6378010849910315 0.26379460156250006 0.6429340906250001
2 0.18671270958934744 0.29060051427166383 0.15584744871715667 0.2857119372968176 0.14680358125000006 0.3428126703125 0.17766884212219083 0.3477012472873463
2 0.3735352421875 4.4408920985006264e-17 0.30563166841087985 -0.010754870656666388 0.2989345949285021 0.03152878275168073 0.3668381687051222 0.04228365340834716
2 0.3102561703125001 4.4408920985006264e-17 0.2670448044850732 -0.0068440065344267335 0.26214071073507317 0.024119229403073268 0.3053520765625 0.030963235937500045
4 0.2010997734375001 3.8857805861880476e-17 0.12393662190657591 -0.012221442386862008 0.08968359531250003 0.204043659375 0.1668467468434242 0.21626510176186203
0 0.0800839703125001 0.5742877656250001 0.04921870950207656 0.5693991882601707 0.034308548475737166 0.6635382341335805 0.0651738092861607 0.6684268114984098
4 0.8198529313313138 0.05866495573660487 0.6778727328124999 0.03617750156250007 0.6509855592936862 0.20593643488839525 0.7929657578124999 0.22842388906250005
4 0.3596107110186426 0.03797498230018622 0.22843335312499996 0.01719852968750003 0.1927467403835804 0.2425149327742629 0.323924098277223 0.2632913853869491
4 0.9259259140624998 0.0881210796875001 0.8070946593749999 0.0693000578125001 0.7806963431695956 0.23597246578054873 0.8995275978570956 0.25479348765554877
0 0.46733268906250014 0.5264655406250001 0.3654773283251832 0.5103332362360931 0.3439675890625 0.6461403843750001 0.4458229497998169 0.6622726887639071
0 0.8703684442462055 0.07932164070359136 0.8178975015625 0.07101105937500009 0.8110534932537942 0.11422242492140881 0.8635244359374997 0.12253300625000008
4 0.9353868437499997 0.1782102421875001 0.838161271875 0.1628112250000001 0.8252065432295226 0.24460416579004018 0.9224321151045223 0.26000318297754016
2 0.6403312031262495 0.06345301874211084 0.61100920625 0.05880887031250008 0.6058761999987505 0.09121739375788933 0.635198196875 0.09586154218750009
2 0.8105789953124999 0.08725366718750009 0.782800259375 0.08285394687500011 0.7779116814760079 0.11371920760082051 0.8056904174135079 0.11811892791332049
2 0.9492282390625 0.11079552656250011 0.9152764516007371 0.10541809194608061 0.9098990171875 0.1393698781250001 0.9438508046492629 0.1447473127414196
2 0.5618405 0.10955445312500009 0.5325185015984555 0.10491030446048692 0.5268966374999999 0.14040535468750004 0.5562186359015445 0.14504950335201322
0 0.8749982328446089 0.08005492635977328 0.850306023475737 0.0761440653835806 0.8446841609375 0.1116391156250001 0.8693763703063718 0.11554997660119279
2 0.5846059953125 0.06570085000000007 0.5599137857688743 0.06178998856466047 0.5545363513938744 0.09574177606466047 0.5792285609375 0.09965263750000009
2 0.9254083375000002 0.15131817343750015 0.8945430766154825 0.14642959654048304 0.8886767843750001 0.18346790937500013 0.9195420452595178 0.18835648627201723
2 0.7647268843750001 0.16700012812500015 0.738491412535738 0.16284483727435906 0.73335840625 0.19525336093750015 0.7595938780892622 0.1994086517881412
2 0.763121290625 0.1271964078125001 0.7399723453469884 0.12352997478224825 0.7348393390625 0.15593849843750013 0.7579882843405115 0.15960493146775195
0 0.9141789687500002 0.19225298906250016 0.8925732860038943 0.18883098551830194 0.8881735671875 0.21660972031250014 0.9097792499336057 0.22003172385669836
2 0.8686430828843129 0.12017976517159042 0.837777821875 0.11529118906250009 0.832155959303187 0.15078623951590978 0.8630212203124998 0.1556748156250001
4 0.6883834984790695 0.47921375911254005 0.6173933984375 0.46797003125000003 0.5997945201093174 0.5790849700328433 0.6707846201508871 0.5903286978953834
0 0.37353524218749995 5.551115123125783e-17 0.327237351513556 -0.007332867562307999 0.32518442621542315 0.0056287890075284504 0.3714823168893671 0.012961656569836505
0 0.3179572938727093 0.5107166867252442 0.28091897968750007 0.5048503937499998 0.27211954042181763 0.5604078637828434 0.3091578546070269 0.5662741567580876
2 0.9858543843750001 0.1292523515625001 0.9549891229160788 0.12436377491741513 0.9508338328124999 0.1505992468750001 0.9816990942714211 0.15548782352008508