2 0.35937500000000006 0.2984375 0.11093750000000005 0.2984375 0.11093750000000006 0.6234375 0.3593750000000001 0.6234375
2 0.3500000000000001 0.5875 0.2140625000000001 0.5875 0.2140625000000001 0.8015625 0.3500000000000001 0.8015625
0 0.20312500000000008 0.7609375 0.018750000000000093 0.7609375 0.018750000000000107 1 0.20312500000000008 1
4 1 0.44531250000000017 0.8984375 0.44531250000000017 0.8984375 0.7796875000000002 1 0.7796875000000002
4 0.6609375 0.16093750000000007 0.48125 0.16093750000000004 0.48125 0.3906250000000001 0.6609375 0.3906250000000001
0 0.93125 0.0953125000000001 0.7828125 0.09531250000000009 0.7828125 0.6046875000000002 0.93125 0.6046875000000002
1 0.7734375000000001 0.4687500000000001 0.50625 0.46875 0.5062500000000001 0.7968750000000001 0.7734375000000002 0.7968750000000002
0 0.4171875 0.08750000000000004 0.228125 0.08750000000000002 0.228125 0.28437500000000004 0.4171875 0.2843750000000001
2 0.6265625 0.1671875000000001 0.590625 0.1671875000000001 0.590625 0.22031250000000008 0.6265625 0.22031250000000008
4 0.4796875 0.004687500000000049 0.3265625 0.004687500000000041 0.3265625 0.24062500000000003 0.4796875 0.2406250000000001
4 0.1453125 0.08750000000000001 0.0671875 0.0875 0.06718750000000001 0.1859375 0.14531250000000004 0.1859375
4 0.853125 0.16406250000000008 0.8 0.16406250000000008 0.8 0.2484375000000001 0.853125 0.2484375000000001
2 0.6796875 0.1375000000000001 0.6453125 0.1375000000000001 0.6453125 0.1859375000000001 0.6796875 0.1859375000000001
4 0.16093750000000012 0.9421875 0.13281250000000014 0.9421875 0.13281250000000014 0.9796875 0.16093750000000012 0.9796875
2 0.4078125 0.3421875000000001 0.384375 0.3421875000000001 0.384375 0.3828125000000001 0.4078125 0.3828125000000001
0 0.809375 0.16562500000000008 0.7421875 0.16562500000000008 0.7421875 0.3062500000000001 0.809375 0.3062500000000001
2 0.1375000000000001 0.7875 0.10468750000000009 0.7875 0.10468750000000009 0.834375 0.1375000000000001 0.834375
2 0.340625 0.017187500000000043 0.3046875 0.01718750000000004 0.3046875 0.05468750000000004 0.340625 0.05468750000000004
2 0.30937500000000007 0.95 0.2656250000000001 0.95 0.2656250000000001 1 0.30937500000000007 1
4 0.39531250000000007 0.6421875 0.3390625000000001 0.6421875 0.3390625000000001 0.7296875 0.39531250000000007 0.7296875
0 0.8296875 9.395337162208599e-17 0.7046875 8.629932912741505e-17 0.7046875 0.1921875000000001 0.8296875 0.1921875000000001
4 0.16875 0.05625000000000001 6.888638245203862e-18 0.05625 2.6502122137798194e-17 0.3765625 0.16875000000000004 0.3765625
2 0.5125 0.5140625 0.3921875000000001 0.5140625 0.3921875000000001 0.6515625 0.5125 0.6515625
2 0.7734375 0.01562500000000009 0.728125 0.01562500000000009 0.728125 0.07031250000000008 0.7734375 0.07031250000000008
2 0.484375 0.15937500000000004 0.4515625 0.15937500000000004 0.4515625 0.20468750000000008 0.484375 0.20468750000000008
2 0.1921875000000001 0.7921875 0.1593750000000001 0.7921875 0.1593750000000001 0.8296875 0.1921875000000001 0.8296875
2 0.7140625000000002 0.8765625 0.5656250000000002 0.8765625 0.5656250000000002 0.9953125 0.7140625000000002 0.9953125
2 0.1468750000000001 0.8359375 0.12031250000000009 0.8359375 0.12031250000000009 0.8828125 0.1468750000000001 0.8828125
1 0.621875 0.515625 0.5375 0.515625 0.5375 0.640625 0.621875 0.640625
2 0.9546875 0.3296875000000001 0.90625 0.3296875000000001 0.90625 0.44843750000000016 0.9546875 0.44843750000000016
4 0.75625 0.5109375 0.646875 0.5109375 0.646875 0.6062500000000001 0.75625 0.6062500000000002
0 0.8484375 0.80625 0.6921875000000002 0.80625 0.6921875000000002 0.984375 0.8484375 0.984375
2 0.828125 0.9125 0.7953125000000002 0.9125 0.7953125000000002 0.9609375 0.828125 0.9609375
0 0.27656250000000004 0.20625 0.11875000000000005 0.20625 0.11875000000000005 0.396875 0.2765625000000001 0.396875
0 0.5375000000000002 0.8328125 0.3828125000000001 0.8328125 0.3828125000000001 1 0.5375000000000002 1
0 0.09062500000000007 0.4734375 0.0015625000000000582 0.4734375 0.0015625000000000667 0.6140625 0.09062500000000007 0.6140625
2 0.9328125 0.5250000000000001 0.875 0.5250000000000001 0.875 0.6093750000000002 0.9328125 0.6093750000000002
2 0.3421875000000001 0.471875 0.2921875000000001 0.471875 0.2921875000000001 0.5375 0.3421875000000001 0.5375
0 1 0.7437500000000001 0.9359375 0.7437500000000001 0.9359375 0.96875 1 0.96875
0 0.4171875 0.35625000000000007 0.3296875 0.35625 0.3296875 0.5109375 0.4171875 0.5109375
4 0.8109375 0.809375 0.7640625000000002 0.809375 0.7640625000000002 0.8703125 0.8109375 0.8703125
2 0.7312500000000001 0.6375000000000001 0.659375 0.6375 0.659375 0.753125 0.7312500000000002 0.7531250000000002
4 0.7828125000000001 0.7750000000000001 0.6875000000000002 0.775 0.6875000000000002 0.8328125 0.7828125000000001 0.8328125
2 0.1484375 0.08125000000000002 0.1265625 0.08125000000000002 0.1265625 0.1078125 0.1484375 0.1078125
2 0.3062500000000001 0.5765625 0.2734375000000001 0.5765625 0.2734375000000001 0.6453125 0.3062500000000001 0.6453125
0 0.05625000000000009 0.5171875 6.333720164340217e-17 0.5171875 9.127445674895118e-17 0.9734375 0.05625000000000011 0.9734375
2 0.7578125 0.37968750000000007 0.68125 0.37968750000000007 0.68125 0.5000000000000001 0.7578125 0.5000000000000002
4 0.253125 0.020312500000000018 2.487563810768061e-18 0.0203125 1.0237281836622406e-17 0.14687500000000003 0.253125 0.14687500000000003
0 0.16718750000000002 0.08125000000000002 0.1234375 0.08125000000000002 0.12343750000000002 0.196875 0.16718750000000004 0.196875
0 0.45000000000000007 0.6203125 0.3765625000000001 0.6203125 0.3765625000000001 0.78125 0.4500000000000002 0.78125
2 0.6234375 0.5203125 0.5765625 0.5203125 0.5765625 0.5953125 0.6234375 0.5953125
4 0.675 7.127827073162329e-17 0.4890625 5.989288252080025e-17 0.4890625 0.060937500000000075 0.675 0.06093750000000009
4 1 0.3296875000000001 0.925 0.3296875000000001 0.925 0.5421875000000002 1 0.5421875000000002
0 0.7015625 0.4671875 0.65625 0.4671875 0.65625 0.5359375 0.7015625 0.5359375
4 0.7328125000000001 0.6937500000000001 0.6953125 0.69375 0.6953125000000001 0.753125 0.7328125000000002 0.7531250000000002
0 0.3375000000000001 0.7234375 0.2984375000000001 0.7234375 0.2984375000000001 0.7734375 0.3375000000000001 0.7734375
4 0.4078125 0.3906250000000001 0.36406250000000007 0.3906250000000001 0.36406250000000007 0.4609375 0.4078125 0.4609375
2 0.8140625 0.8109375 0.7921875000000002 0.8109375 0.7921875000000002 0.859375 0.8140625 0.859375
0 0.15937500000000002 0.1578125 0.09531250000000002 0.1578125 0.09531250000000002 0.225 0.15937500000000004 0.225
4 0.4437500000000002 0.775 0.3234375000000001 0.775 0.3234375000000001 0.9515625 0.4437500000000002 0.9515625
0 0.20312500000000008 0.478125 0.007812500000000059 0.478125 0.007812500000000073 0.7203125 0.20312500000000008 0.7203125
0 0.3 0.015625000000000035 0.209375 0.015625000000000028 0.209375 0.08593750000000003 0.3 0.08593750000000004
4 0.5390625 0.4640625 0.43125 0.4640625 0.43125 0.5453125 0.5390625 0.5453125
0 0.5171875 0.006250000000000059 0.446875 0.006250000000000056 0.446875 0.10937500000000004 0.5171875 0.10937500000000004
0 0.3578125000000001 0.55625 0.34062500000000007 0.55625 0.34062500000000007 0.6140625 0.3578125000000001 0.6140625
2 0.646875 0.403125 0.63125 0.403125 0.63125 0.4234375 0.646875 0.4234375
4 0.7046875 0.5359375 0.69375 0.5359375 0.69375 0.559375 0.7046875 0.559375
4 0.2296875 0.021875000000000023 0.1328125 0.021875000000000016 0.1328125 0.08125000000000002 0.2296875 0.08125000000000002
4 0.61875 0.3921875000000001 0.5953125 0.3921875000000001 0.5953125 0.4265625 0.61875 0.4265625