0 0.741990410975646 0.6244429651548595 0.7199055738844937 -0.00798404333028308 0.11402488435203742 0.013173775904936486 0.13610972144318972 0.6456007843900792
0 0.8813053312499999 0.8978725093749998 0.86576414861562 0.4528312812437799 0.5019234251781199 0.46553687968128 0.5174646078124998 0.9105781078124998
0 0.17822687656250003 0.4189928734375 0.1656303412858699 0.05827524523485822 -0.012596535276630136 0.06449906398485823 2.7755575615628915e-18 0.4252166921875
0 0.8333780953124998 0.1522159109375 0.8277293555017069 -0.00954283122386904 0.554458425814207 2.6130966834791992e-11 0.5601071656250001 0.1617587421875
0 0.9039105970445889 0.8736313296815779 0.8913685906250002 0.5144752515625 0.48536606701791135 0.528653171880922 0.4979080734375 0.8878092499999999
0 0.15712862815899659 0.4416179744110341 0.14398678746944646 0.06528486475006097 -0.013141840689550119 0.07077191690152686 0 0.4471050265625
0 0.8382511421874999 0.33653312656249995 0.8261792336112037 -0.00916111758312177 0.563839140625 0 0.575911049201296 0.3456942441456217
0 0.7405726191191768 0.583842710924608 0.7199055738663279 -0.007984043764975048 0.33264162812500003 0.005539510937499999 0.353308673377849 0.5973662656270831
0 0.7517016765625 0.05188025625000001 0.7497395428529925 -0.004307906273239509 0.6263772375000001 0 0.6283393712095076 0.056188162523239514
0 0.5394253937391384 0.6440243093208156 0.517395085935597 0.013158849945502787 0.21601628906249998 0.02368322968750001 0.23804659686604138 0.6545486890628128
0 0.687197378125 0.3089755390625 0.6797812357553129 0.09660498745179842 0.5595420263803128 0.10080383276429838 0.56695816875 0.31317438437499995
0 0.62470573125 0.48939137031249996 0.6197434593665397 0.3472904872577305 0.5244890218749999 0.3506168453125 0.5294512937584602 0.49271772836726946
0 0.46946798126643136 0.2524772676580299 0.46090669839943404 0.00731420515993299 0.3109980749455027 0.012549129689403088 0.3195593578125 0.25771219218749997
4 0.476348771875 0.7181458046875001 0.46386129529834214 0.36055127459457137 0.28116015937499994 0.36693133906250003 0.2936476359516579 0.7245258691554287
0 0.6122331813133882 0.5351670424402036 0.6047079781249999 0.3196733937499999 0.4657301906180119 0.32452660448739035 0.4732553938064002 0.5400202531775941
0 0.37614692031249997 0.4902539734375 0.3601694953125 0.03272035937500001 0.16653752184070975 0.03948213651805578 0.1825149468407097 0.4970157505805558
0 0.6136211874999999 0.2615143984375 0.6068594105998406 0.06788242651972762 0.4772509121623405 0.07240845464472763 0.48401268906249995 0.26604042656250004
0 0.5125221052058977 0.32132914373189714 0.5082687296875 0.19952838593750002 0.4223835796349058 0.2025275609939003 0.42663695515330347 0.3243283187882975
4 0.9962451346601264 0.47329002342754317 0.9794185162274511 -0.008561282833537997 0.7342554531250001 0 0.7510820715576754 0.4818513062610812
4 1.0123464812951446 0.8448294263496612 0.9942968968749998 0.3279569828125 0.788172539051853 0.33515500438261203 0.8062221234719977 0.8520274479197731
0 0.6618308937693768 0.2989171896173788 0.6587226578125 0.20990894374999997 0.5931376343556232 0.21219922288262114 0.5962458703125 0.30120746875
0 0.8436050125 0.26599080625 0.8411511405836551 0.19572113787853812 0.8052355328124999 0.19697533906249998 0.8076894047288448 0.26724500743396185
0 1.0150730047306173 0.9229068343869239 0.9822456655232216 -0.017145162490971682 0.2436333826676042 0.008647746872104494 0.27646072187500004 0.94869974375
0 0.9060272672233524 0.17313073383917849 0.9031916843750001 0.09193022812500003 0.8500990468391476 0.09378426303582152 0.8529346296875 0.17498476874999996
0 0.6884614625323542 0.12131710717650142 0.6840136053613609 -0.006052880345900477 0.5106817593749999 2.7755575615628915e-18 0.5151296165459932 0.1273699875224019
0 0.436160859375 0.9999999999999998 0.4329228859375 0.9072765593749998 0.2564679421650138 0.9134385009185799 0.25970591560251377 1.0061619415435799
0 0.7048899265624999 0.009738290625000002 0.7044965390349783 -0.0015268531240389266 0.6607731905974784 9.610728879394515e-13 0.6611665781250001 0.011265143750000001
4 0.39040411563823174 0.585126698816409 0.3831515640625 0.37744079218750004 0.2863355781117682 0.380821680871091 0.2935881296874999 0.5885075875
0 0.6463938640625001 0.21502983125 0.6430675055383972 0.119775393720286 0.5743593852258974 0.122174734345286 0.5776857437500003 0.21742917187500002
0 0.021070676562499994 0.35099862499999995 0.01201863329926085 0.0917816288375284 -0.009052043263239145 0.09251743196252844 0 0.351734428125
4 1.008288630206246 0.8309000577897967 1.0000000000000002 0.5935447359375001 0.8786432229187542 0.5977826078352038 0.8869318531249999 0.8351379296875002
0 0.7541704078125 0.0330326171875 0.7529654693439081 -0.0014723218957397143 0.7108036671875 -2.7755575615628915e-18 0.7120086056560919 0.03450493908323972
0 0.8965539593858711 0.7972790612488078 0.8902284265624999 0.6161394734375 0.7637430249891288 0.6205564403136921 0.7700685578125 0.8016960281250001
0 0.6757112859375001 0.024828303124999996 0.6747966568151672 -0.0013632609572360676 0.6357579515625 -2.7755575615628915e-18 0.6366725806848329 0.026191564082236062
0 0.09006133281455499 0.1328329844338471 0.08782558281250001 0.068809509375 0.030048299997945026 0.07082713744115293 0.03228405 0.13485061250000002
0 0.6935526312935183 0.3118805137462012 0.6915350046765211 0.2541032309356043 0.6556193968205027 0.2553574312519031 0.6576370234375 0.31313471406250004
0 0.6004496265877723 0.06341590384870519 0.599031834345775 0.022815650725608275 0.5662393218205027 0.023960790626903084 0.5676571140625 0.06456104375
0 0.2000795453125 1 0.19451164999999998 0.8405563468749999 0.057095410929768296 0.8453550279035931 0.06266330624226828 1.0047986810285932
0 0.7734841421875001 0.8547341359375 0.7678129734097024 0.6923331257664812 0.656943053125 0.6962047890625 0.6626142219027976 0.8586057992335189
4 0.866007015625 0.14638612812500001 0.8622444140625 0.038639303124999996 0.7950978421429946 0.04098411278803051 0.7988604437054947 0.1487309377880305
0 0.3112757031250001 0.1548136046875 0.3089854234375001 0.08922858125000002 0.25433123747243425 0.09113714764811867 0.25662151715993425 0.15672217108561867
0 0.7196231031318907 0.7002697626973249 0.7173873530792965 0.6362462877537252 0.6752255515099058 0.6377186109939003 0.6774613015625001 0.7017420859375
0 0.6239423047030448 0.4675296957576469 0.6213793733985475 0.39413693169705 0.5776560249455027 0.39566378437690314 0.58021895625 0.4690565484375001
4 0.8308846203125 0.483754896875 0.8199239975482557 0.1698837156014894 0.6434690537982556 0.17604565778898937 0.6544296765625 0.48991683906250005
0 0.7058219859375 0.6632288515625001 0.7005870609375 0.5133202265625 0.5756632078112313 0.5176826640261686 0.5808981328112313 0.6675912890261686
4 0.4478195203125 0.6175176609374999 0.44460222343750005 0.5253863187500001 0.38994803745645795 0.527294884690618 0.3931653343314579 0.6194262268781179
0 1.0034976859499367 0.6809759299880952 0.9833214140625 0.10320310781249997 0.6257268843658832 0.1156905841694724 0.6459031562533197 0.6934634063450675
0 1.0053439858575783 0.9123024120111716 0.9999999999847562 0.7592706917509766 0.9187775110021781 0.7621070438023052 0.9241214968750002 0.9151387640625002
0 0.7867696734375 0.697924953125 0.7850246984365484 0.6479554124727512 0.7475475421875 0.6492641437499999 0.7492925171884515 0.6992336844022486
0 0.084692603125 0.2924926109375 0.0800575133565946 0.1597610171575871 0.0019801039815946 0.16248754059508708 0.006615193749999998 0.295219134375
0 0.7765724765625002 0.4059154453125 0.7754818671867388 0.3746844827907011 0.7567432890625 0.37533884843750004 0.7578338984382612 0.4065698109592989
0 0.09654548281250001 0.1842004828125 0.09452785550862818 0.1264232000258893 0.05080450550862815 0.12795005315088928 0.05282213281249999 0.1857273359375
0 0.5802586265897486 0.5597354039052984 0.5777502250000001 0.48790418750000003 0.5418346171602514 0.4891583882822016 0.54434301875 0.5609896046875
0 0.8141339500000001 0.7204211578125002 0.809771513669731 0.5954973046466521 0.7207632667947308 0.5986055405841519 0.7251257031249999 0.72352939375
0 0.5305071406399009 0.0752390629267069 0.528816696875 0.0268310703125 0.5007088296725991 0.027812618323293105 0.5023992734375 0.07622061093750002
0 0.25442543906250004 0.18337755000000006 0.24946316645071284 0.04127666715866547 0.16513956488821285 0.044221312471165466 0.1701018375 0.18632219531250005
0 0.6663321125 0.24872952656249997 0.6643144843552538 0.19095224318454312 0.6205911344314002 0.19247909692759418 0.6226087625761465 0.250256380305551
0 1.002399334683384 0.9186590526492411 1.0000000000000002 0.8499509328125001 0.9859637530943333 0.8504410881843153 0.988363087777717 0.9191492080210564
0 0.11677621874999997 0.27104734531249997 0.11268643277240846 0.1539312316644291 0.058032246875000006 0.1558397984375 0.062122032852591526 0.2729559120855708
0 0.5969349312710768 0.27616816779106 0.5956807312499999 0.240252559375 0.567572864041423 0.24123410720894004 0.5688270640624999 0.277149715625
4 0.4284761312941831 0.4665382637652377 0.4259132000000001 0.39314549843749996 0.3806283030808169 0.3947268815472622 0.38319123437499997 0.46811964687499996
0 0.7608876046874999 0.4940165093749999 0.7593607515261683 0.4502931593762686 0.7312528843386683 0.45127470781376866 0.7327797374999999 0.49499805781249995
0 0.7982308898427984 0.3097885202852514 0.7974129328105969 0.28636529838300273 0.78179745 0.286910603125 0.7826154070322016 0.3103338250272486
4 0.43718607968750006 0.31301576875000003 0.43375066092537856 0.21463823402788607 0.375973378125 0.2166558609375 0.3794087968871215 0.31503339565961397
0 0.46586645625 0.9999999999999998 0.4583389249580751 0.7844397222369287 0.052336400797278325 0.7986176437767221 0.059863932089203244 1.0141779215397935
0 0.711170881257826 0.45822979709910794 0.7102438624999999 0.4316834781250001 0.6930668312421739 0.43228331383839225 0.6939938499999999 0.45882963281250005
0 0.7187307796875 0.6299455656250001 0.7172584578125 0.5877837640625001 0.6844659452642695 0.588928903306358 0.6859382671392695 0.6310907048688581
0 0.6476282953339183 0.6980935209258393 0.646265034375 0.659054815625 0.6150340702910817 0.6601454243866607 0.61639733125 0.6991841296875
0 0.8321983265631344 0.6556887875181656 0.8295808640625 0.5807344750000001 0.7764882265618654 0.5825885109193345 0.7791056890624999 0.6575428234375
0 0.7681748523754969 0.6579245359091095 0.766375346873097 0.6063934468205028 0.7351443828125 0.60748405625 0.7369438883148999 0.6590151453386068
0 0.2451354906388504 0.3650624425841251 0.24322692499999995 0.31040825625 0.21511905779864954 0.3113898042908748 0.21702762343749998 0.366043990625
0 0.1626807859425354 0.33198241889419544 0.16164470625 0.302313003125 0.1382214828074646 0.30313096079330454 0.13925756250000002 0.33280037656249994
0 0.9511189203382024 0.8375868257360194 0.9485014577837052 0.7626325132379226 0.900093464008003 0.7643229578144031 0.9027109265625002 0.8392772703125001
0 0.17350085312500002 1 0.173145725 0.9898304406250003 0.08257593101792665 0.9929932011667754 0.08293105914292664 1.0031627605417752
0 0.5825786265625 0.4470858140624999 0.5813244270276202 0.411170206179194 0.5579012031230968 0.41198816244550274 0.5591554026579766 0.44790377032880874
0 0.9813782190154197 0.5848143093657313 0.9755979906230969 0.4192902030705028 0.8803435515624999 0.4226165609375001 0.8861237799548226 0.5881406672327286
0 0.7719771249999999 0.8563502140624998 0.7710501062266643 0.8298038946442556 0.7491884312499999 0.8305673218750002 0.7501154500233356 0.8571136412932443
0 0.8987351781474855 0.859740988143896 0.8970447343750001 0.81133299375 0.8564444812275147 0.812750785293604 0.8581349250000001 0.8611587796875
4 0.6052681421874999 0.24617156874999999 0.6035231671872621 0.19620202811818785 0.5691691078125001 0.19740169843750002 0.5709140828127379 0.24737123906931213
0 0.23846791406249998 0.26367087343749995 0.2362866952761684 0.20120894531376865 0.20817882808866844 0.20219049375126869 0.21036004687500004 0.264652421875
0 0.8148825156258649 0.8314001390872715 0.8136828453124998 0.7970460796874999 0.7918211718741348 0.7978095062252284 0.7930208421874998 0.832163565625
2 1.0073070851457857 0.7277464746082415 0.9999999999891781 0.5184990200025995 0.9447338773433922 0.5204289563318579 0.9520409624999997 0.7296764109374999
0 0.4236532390625 1 0.42108486562499997 0.9264513812500003 0.36799222809539256 0.9283054163396512 0.37056060153289255 1.001854035089651
0 0.16717218437500003 0.997856303125 0.1660815749996194 0.9666253406141004 0.1410968046875 0.9674978281250001 0.14218741406288063 0.9987287906358995
0 0.8891575859381342 0.13776042970566577 0.8878488546875 0.10028327343750003 0.8628640843743657 0.10115576091933424 0.864172815625 0.13863291718749998
0 0.7979781390886067 0.8398077148100999 0.7968875296591095 0.8085767507495032 0.7765874030705028 0.8092856468769032 0.7776780125 0.8405166109375
0 0.8887957734385873 0.6646565281561413 0.888032346875 0.6427948531250001 0.8724168656239124 0.6433401577813587 0.8731802921874998 0.6652018328125
0 0.4799375265625 1 0.4775732515625 0.932296025 0.4276037108681007 0.9340409998825715 0.42996798586810064 1.0017449748825715
0 0.9773578906518681 0.8726299460818991 0.9762672812223709 0.8413989820213021 0.943474770258003 0.8425441218769032 0.9445653796875002 0.8737750859375002
0 0.39394764531250004 1.0000000000000002 0.3914154499593896 0.9274874582120691 0.328953523010711 0.9296686781399037 0.3314857183638215 1.0021812199278348
0 0.9783195375134193 0.36291087850927595 0.9749386500000001 0.26609489218750004 0.9015458859240809 0.26865782305322405 0.9049267734375 0.36547380937499996
0 0.3902058296966234 0.624219933073759 0.36970237499999997 0.03707782187499999 -0.016000021884123385 0.050546846613740946 0.0045034328124999995 0.6376889578125
0 0.44932162818566246 0.9739323579871494 0.448121959375 0.9395782968749999 0.4278218328082377 0.9402871920654448 0.4290215016189003 0.9746412531775942
0 1.0110696842783913 0.9777674677895523 0.9999999999999998 0.6607731890624999 0.512462665604119 0.6777983681520502 0.5235323498825103 0.9947926468791026
0 0.24066896723810113 0.371472226560733 0.22954475312500003 0.052916399999999995 0.06870529213300276 0.058533037501903105 0.07982950624610391 0.3770888640626361
0 0.09106769066634865 0.34073701368407194 0.0897589609224484 0.3032598573814778 0.06165109375 0.30424140468749994 0.06295982349390025 0.34171856099009407
0 0.6501813421874999 0.9950603234374998 0.638566353362789 0.6624505640541962 0.3902801951955836 0.6711209078161756 0.40189518402029456 1.0037306671994792
0 0.13871225785563643 0.31718489498526625 0.135604021875 0.2281766484375 0.08719602808376663 0.22986709256923094 0.09030426406440309 0.3188753391169972
0 0.08914426562500001 0.37520013437500005 0.08789006398946086 0.33928452447093405 0.06290529375000001 0.3401570125 0.06415949538553915 0.376072622404066
0 0.8037583015625002 0.5128443125000002 0.7993958640352992 0.38792045859606406 0.7103876187499999 0.3910286953125 0.7147500562772009 0.5159525492164361
0 0.4392877640625 1 0.43915421875 0.99617574375 0.4204156405104529 0.9968301060947841 0.42054918582295286 1.000654362344784
0 0.9054176140933269 0.8720152515614232 0.9013823609374999 0.7564606859374999 0.7889508921349058 0.7603868781814003 0.7929861452907327 0.8759414438053238
0 0.889256828172526 0.8569450747984686 0.8883298109375 0.8303987546875 0.8680296843274737 0.8311076502015313 0.8689567015624998 0.8576539703124999
0 0.768209546875 0.6141466562499999 0.7677733031240483 0.6016542718477513 0.7584040140624999 0.6019814546875 0.7588402578134514 0.6144738390897485
0 0.1820588687658516 0.4391839379539304 0.17524256093749999 0.24399041718750003 0.05656489998414839 0.2481347323585695 0.06338120781249998 0.44332825312499996
0 0.3578049825667107 0.9052093765165194 0.34248192187309695 0.4664143421330026 0.012995257812500004 0.47792027031249995 0.028318318506113726 0.916715304696017
0 0.270434903125 1.0000000000000002 0.2702888936687854 0.9958188398618212 0.24218102640213462 0.9968003890681002 0.24232703585834922 1.0009815492062792
0 0.40655999375 0.9582276484375003 0.4050331406235047 0.9145042999571809 0.38941765781250004 0.9150496046875001 0.3909445109389953 0.9587729531678194
0 0.1449584515969284 0.31696677181923405 0.14452220781059694 0.3044743874455027 0.13515291871366847 0.30480157031376864 0.13558916249999997 0.3172939546875
0 0.7203716687675312 0.8112487442520331 0.7198808953124999 0.7971948109375 0.7105116062324685 0.7975219932479668 0.7110023796874998 0.8115759265625
0 0.7508292547050314 0.5193829926895333 0.7503384812499999 0.505329059375 0.7409691921699685 0.5056562416854667 0.7414599656249999 0.519710175
0 0.34704407187499997 0.9999999999999998 0.3454414921829866 0.9541081436207524 0.27517182500000004 0.9565620156250002 0.2767744046920134 1.0024538720042477
0 0.19208743281250001 0.09956455937500001 0.19045151875000002 0.0527181140625 0.17015139216056857 0.053427010166284414 0.17178730622306856 0.10027345547878444
0 0.3260138547146367 0.9798018117145929 0.32415981872263944 0.926709172653996 0.2882442108830028 0.9279633734394033 0.290098246875 0.9810560125000002
0 0.789084696875 0.4508186296875 0.7882667406097063 0.427395407374542 0.777335903125 0.4277771203125001 0.7781538593902938 0.4512003426254581
0 0.3329730000000001 1 0.33247816870944363 0.9858298816511155 0.30124720468750005 0.9869204906250001 0.3017420359780565 1.0010906089738847
0 0.21358238593750004 0.9837280046875 0.21270989841084612 0.9587432336117319 0.19865596562499999 0.9592340078125 0.1995284531516539 0.9842187788882681
0 0.08601121874999998 0.1063957265625 0.08475701806044376 0.07048011871951612 0.06914153524794378 0.07102542340701612 0.0703957359375 0.10694103125000001