4 0.7467599511652568 0.8668624297078397 0.42962075866372995 0.8613267453000848 0.4272210531250001 0.998805803125 0.7443602456265269 1.004341487532755
4 0.40516995548198514 0.8296451937638679 1.0269562977782698e-16 0.822572925 -0.00283601642440478 0.9850481768304871 0.4023339390575803 0.9921204455943549
4 0.9602717297004111 0.9002813133228333 0.8993435104369981 0.8992178078037639 0.8975843515624999 1 0.9585125708259129 1.0010635055190693
4 1.0018327047178701 0.3993678602888619 0.820610309384491 0.39620461195626777 0.8157563593541208 0.674287253229906 0.9969787546875001 0.6774505015625001
4 1.005481143009424 0.04625275333494287 0.9267579570494995 0.04487863586963485 0.9212768140400758 0.3588933044096921 1.0000000000000002 0.36026742187500005
4 0.35959521093750013 0.5756861265625002 0.1908709125103777 0.5727410322179662 0.18735316093750004 0.7742728328125 0.3560774593646225 0.777217927157034
2 0.8217864421914373 0.06023647008692815 0.3437342625 0.05189203750000004 0.33484444216023473 0.561189457812024 0.8128966218516721 0.5695338903989522
2 0.23681111875 2.914335439641036e-17 0.043090627351761494 -0.0033814049630841157 0.040963299194922934 0.11849309998594733 0.2346837905931614 0.12187450494903147
2 0.7284992968750001 0.4805474000000001 0.4644770140625002 0.4759388734375002 0.45989575689597767 0.7383988937612758 0.7239180397084776 0.7430074203237756
4 0.8547662781536134 0.767169715548248 0.7079136469027414 0.7646063937232108 0.704941284374128 0.9348929547374631 0.8517939156250002 0.9374562765625003
4 0.299761315625 0.24334126250000007 0.2029010687527327 0.24165056078094568 0.19932877968750004 0.4463068859375 0.2961890265597674 0.4479975876565544
1 0.6932102796938597 0.6221405871356607 0.597912296875 0.6204771546875001 0.5916676078061405 0.9782351581768396 0.6869655906250001 0.9798985906250002
4 0.7495299721365188 0.8872263750045649 0.6448584165048755 0.8853993265505847 0.6428580546875001 1.0000000000000002 0.7475296103191434 1.0018270484539804
4 0.2095907875000001 0.5746305265625 0.07992303909073317 0.5723671671325266 0.074469160937976 0.8848195734102348 0.20413690934724293 0.8870829328402081
1 0.9089150640625 0.35086383750000005 0.6589531405889673 0.34650073593687114 0.6547263859375 0.58865135 0.9046883094110327 0.593014451563129
2 0.6037329406277171 0.7346586295318425 0.46937840781249995 0.7323134624999998 0.466624199997283 0.8901019267181576 0.6009787328125001 0.8924470937500001
4 0.10823464062500006 0.5619221828125001 6.800116025829084e-17 0.5600329406250001 -0.005372067459082963 0.867798559397533 0.10286257316591703 0.8696878015850331
4 0.12838397970333562 0.30285938034278287 0.0034030171875000354 0.3006778296875 -0.0009055453380016704 0.5475152295859906 0.12407541717783392 0.5496967802412736
4 0.234563257818112 0.3078382231159933 0.11114455781250003 0.30568394218750006 0.10667237968188814 0.5618949143840068 0.23009107968750006 0.5640491953125001
4 0.9236958828124999 0.1307757781250001 0.792465871875 0.1284851500000001 0.7898207418087583 0.2800245656456627 0.9210507527462581 0.28231519377066266
4 0.2670004447188034 0.15056787657941054 0.024849830656779353 0.1463411218646453 0.022259239062500037 0.29475601406249996 0.26440985312452414 0.2989827687772652
2 0.9110507944813631 0.944741562512766 0.7470132827078756 0.9418782765606737 0.7459987640625001 1 0.9100362758359875 1.0028632859520923
1 0.4311363906250002 0.9535547421875001 0.38426852967867164 0.9527366598807907 0.3835595249911716 0.9933554739432905 0.4304273859375002 0.99417355625
4 0.8395985203125 0.0246044062500001 0.7224288671875 0.022559203125000087 0.7209835903244795 0.10535909064702802 0.8381532434494796 0.10740429377202802
4 0.6403976937500001 0.9618956265625002 0.5904053078125001 0.9610230062500001 0.5897249618794312 0.9999999999891681 0.6397173478169312 1.0008726203016682
2 0.43552240158198663 0.34416347544611386 0.39959037500000005 0.3435362796875 0.3980360202852348 0.432585215624524 0.43396804686722146 0.43321241138313793
1 0.39278093593750013 0.8231779906250001 0.23967925780065374 0.8205055906247931 0.23907933125000014 0.85487535625 0.3921810093868465 0.857547756250207
2 0.7861350156250001 0.1330628578125001 0.7220822734338446 0.13194481270942898 0.7206915343713445 0.21162017677192901 0.7847442765625001 0.2127382218750001
4 0.08626970937500017 0.74594186875 0.025341490625000084 0.7448783625 0.023214478125000014 0.8667348 0.0841426968750001 0.8677983062500001
4 0.4960107625000002 0.6390140500000001 0.42258444687661223 0.6377323889701447 0.4185485781250001 0.8689471687500001 0.4919748937483881 0.8702288297798555
4 0.8986345062500002 0.9398366203125003 0.8767628371497004 0.9394548499938857 0.876244720312024 0.9691378281522652 0.8981163894123239 0.9695195984708798
2 0.3514681234375 0.41458225156250006 0.328034192187738 0.41417321092386744 0.3272161109375001 0.461041071875 0.3506500421872621 0.4614501125136326
2 0.11074342500000009 0.41819407656249996 0.0529397296911856 0.41718510916385565 0.05173987656250003 0.48592463906249994 0.10954357187131454 0.4869336064611443
4 0.1439097875000001 0.7563244078125002 0.0876683546937855 0.7553427105774091 0.08649577187500009 0.8225199781249998 0.14273720468121467 0.823501675360091
2 0.21538771127748882 0.4215833875059346 0.1653953253404647 0.4207107671661693 0.16444089687500002 0.47538993749999997 0.21443328281202417 0.47626255783976523
2 0.4168807875000001 0.6063780718750001 0.40438269063064347 0.6061599168641892 0.4041099968750001 0.6217825375000001 0.4166080937443568 0.622000692510811