0 0.4311831812500002 0.06904098593750009 0.1480284047462634 0.029246177706878256 0.0562611421875001 0.6822041859375 0.3394159186912369 0.7219989941681219
4 0.9640793869692457 0.7119626735825026 0.8882619869995096 0.7013072327421608 0.8573829546875 0.9210229609375002 0.933200354657236 0.9316784017778419
4 0.9403346271940503 0.9595046032137589 0.346173784278459 0.8760007421739322 0.33138664218750014 0.9812167250000003 0.9255474851030915 1.064720586039827
4 0.14621330937500013 0.592285525 7.771561172376095e-17 0.571736584375 -0.04892804361842854 0.9198777031434912 0.09728526575657151 0.9404266437684912
4 0.2073636328125001 3.8857805861880476e-17 0.07584365455781135 -0.018483927202216345 0.01608176237031128 0.40674403842278367 0.14760174062500003 0.4252279656250001
4 0.5560790265625001 0.23570130468750006 0.48026162657872706 0.22504586394703888 0.447316743766227 0.4594608842595389 0.52313414375 0.4701163250000001
4 0.44902307037173905 0.04314681832849279 0.3244659140625 0.025641451562500035 0.28815043275326097 0.2840395269840073 0.4127075890625 0.30154489375000004
1 0.3836936187500001 0.7100764796875 0.1740353015872428 0.6806109248239464 0.13630634375000006 0.9490664093749999 0.34596466091275735 0.9785319642385536
1 0.46419490959351506 0.05869085313268444 0.390698450245606 0.048361599814922676 0.3712359625 0.18684440156250007 0.44473242184790907 0.1971736548802618
2 0.40751364375000004 0.49568009531250007 0.35490565305452454 0.4882865239389593 0.3441414827420245 0.5648775708139593 0.3967494734375 0.5722711421875
4 0.38892107196778547 0.336070449339798 0.31929284843750005 0.32628484062500007 0.3064628280322147 0.417575178785202 0.3760910515625001 0.42736078749999995
4 1.0209846960631874 0.1763889460380313 0.9291357937500001 0.16348042343750008 0.9081510976013611 0.31279428113248847 0.9999999999145484 0.32570280373301963
1 0.739353959375 0.03188092968750008 0.5861718666117507 0.010352590544083783 0.5696450609375001 0.12794692343750008 0.7228271537007493 0.14947526258091637
1 0.8890732656250003 0.7179887343750002 0.784630930448729 0.7033103214958383 0.742933915625 1.0000000000000002 0.8473762508012713 1.014678412879162
2 0.8857612203125 0.7191011125000001 0.8408896984375002 0.7127948312500001 0.8314302765625001 0.7801021140625002 0.8763017984375001 0.7864083953125002
2 0.36777742981063943 0.610012559392306 0.3151694374380621 0.6026189888342002 0.3065798482524227 0.663737096629394 0.3591878406250001 0.6711306671874999
2 0.9397744388186954 0.32355007362283067 0.8863927997864598 0.316047773407489 0.8720405734375001 0.41816916875000015 0.9254222124697357 0.42567146896534175
1 0.9687213937616402 0.27476014054217623 0.923849871875 0.2684538593750001 0.9165650296758597 0.32028820477032394 0.9614365515625 0.3265944859375001
2 0.7399977031250001 0.9479165671875002 0.6966734750833747 0.941827744719259 0.6902584656250003 0.9874729140625002 0.7335826936666257 0.9935617365307413
2 0.7571935939037656 0.8816965739059007 0.7084538375000001 0.8748466484374999 0.6986682295337345 0.9444748729690995 0.7474079859375 0.9513247984375003
2 0.4190640875254899 0.13281876544363044 0.3935337390625 0.12923070937500009 0.3871187296620102 0.17487587830636966 0.4126490781250001 0.17846393437500005
2 0.8770879890625002 0.79204138125 0.8329901140893468 0.7858438294964772 0.8176593281250002 0.894928046875 0.8617572030981536 0.9011255986285229
2 0.8858115234374997 0.3033432359375 0.8293352966596583 0.29540602028223584 0.8134608655947357 0.4083584720903418 0.8699370923725771 0.416295687745606
2 0.8961741156249999 0.6337824921875 0.8559444750076036 0.6281285843208959 0.8475723421874998 0.6876993984374999 0.8878019828048961 0.6933533063041042
2 0.8607535543737136 0.8970399064254954 0.8174293264943195 0.890951082802918 0.8088397359375004 0.9520691906250003 0.8521639638168944 0.9581580142475776
2 0.8605528078125001 0.9546034218750001 0.8311542234375 0.9504717203125003 0.8241934777183737 0.9999999999428525 0.8535920620933737 1.0041317015053524
2 0.447015687641763 0.3268787036788046 0.4083333408706061 0.32144225450242275 0.3970255265625001 0.4019015359375001 0.43570787333365707 0.407337985113882
2 0.6240511000000002 0.6838980093750002 0.5815005185369865 0.6779179155781712 0.5659522747869865 0.7885494265156712 0.6085028562500001 0.7945295203125002
2 0.8063975218750002 0.9469923921875001 0.7576577644921707 0.9401424665856408 0.7492453375 1.0000000000000002 0.7979850948828295 1.0068499256018595
2 0.8174293265625 0.8909510828125002 0.7679159220136896 0.8839924271381726 0.7591088735761896 0.9466578287006726 0.8086222781249999 0.9536164843750002
2 0.7324704000000002 0.6983464203125 0.6814097015625002 0.6911703078125001 0.6714066358831423 0.7623458252119556 0.7224673343206424 0.7695219377119557
2 0.41580217656250007 0.301979809375 0.37789347657763217 0.2966520889548292 0.36723803593750004 0.3724694875000001 0.4051467359223679 0.3777972079201709
0 0.28697529375 0.399057828125 0.23204636098254547 0.3913380699919849 0.21725921874999993 0.4965540531250001 0.27218815151745457 0.5042738112580152
1 0.929026979789904 0.45615734145885956 0.8269055844052644 0.4418051154096583 0.7921123093028606 0.6893721333257988 0.8942337046875002 0.7037243593750001
1 0.4558476969604281 0.7131167243921481 0.3761620640625 0.7019176390625 0.33919420915965837 0.9649575952822358 0.41887984205758644 0.976156680611884
1 0.5967685437500001 0.6871640453125001 0.47762691710591587 0.6704197818305013 0.43848448273091584 0.9489326771430013 0.557626109375 0.965676940625
1 0.5711338437500001 0.005083423437500079 0.537093378174198 0.0002993480874386889 0.49947315000000003 0.26798118593750003 0.5335136155758022 0.2727652612875614
1 1.0189188415638673 0.0711712116963085 0.9791845055276827 0.06558691552348503 0.9602656639638155 0.20020148195217669 1.0000000000000002 0.20578577812500015
0 0.24284812031250008 0.4772714328125002 0.20880765628376935 0.47248735757221894 0.19913077656250003 0.541341934375 0.2331712405912308 0.5461260096152812
0 0.2888320203125 0.486889759375 0.2516969688455309 0.4816707680702625 0.24245500468749998 0.5474307578125 0.27959005615446914 0.5526497491172374
0 0.36024170781250003 0.5513617546875001 0.32078571409520873 0.5458165763297657 0.31208739531249996 0.6077083296875001 0.3515433890297913 0.6132535080452346
0 0.18580732968750008 0.5126459 0.13474663141150633 0.5054697863508232 0.12517847984900635 0.5735507176008232 0.1762391781250001 0.58072683125
0 0.14721700010304478 0.45041958207929894 0.11549747656250009 0.44596169375 0.10701661552195538 0.5063061554207011 0.13873613906250007 0.5107640437500001
4 0.9387873315810766 0.9592871429567678 0.879990164070558 0.9510237419690375 0.8731070015625002 1.0000000000000002 0.931904169073019 1.0082634009877305
0 0.3080770515625001 0.34995425312500006 0.27558387974318865 0.3453876355412545 0.2673204765625 0.40418480312500005 0.29981364838181135 0.40875142070874554
0 0.19263216718750006 0.4528576296875001 0.15472346718805752 0.4475299093710336 0.14700370937500007 0.5024588406250001 0.18491240937444262 0.5077865609414667
0 0.3151611046875 0.5016350593750001 0.286536167261008 0.4976120869769636 0.27859895156250003 0.5540883140625 0.30722388898899206 0.5581112864605366
2 0.9178864468927929 0.5129722983108985 0.8753358656250001 0.5069922046875001 0.8677248374822074 0.5611474891891016 0.9102754187500002 0.5671275828125001
1 0.5895088750000002 0.4581436343750001 0.5415427640625 0.4514024375 0.532300800832778 0.5171624266795393 0.5802669117702781 0.5239036235545393
1 0.6886025688188819 0.5501741963848796 0.6421837531250001 0.5436504578125001 0.634790182743618 0.5962584489276205 0.6812089984374999 0.6027821875000001
1 0.7739463187886454 0.42568397003752595 0.7321693843750002 0.4198126046875002 0.720752840586355 0.5010455330874743 0.7625297750000002 0.5069168984375001
1 0.6626498906250002 0.40925335000000007 0.6162310750060529 0.40272961089443166 0.6053581765624999 0.4800943031250002 0.6517769921814472 0.48661804223056854
1 0.6522955484375002 0.4717012921875002 0.6066503798052658 0.46528628197455435 0.5971909578125001 0.5325935656250002 0.6428361264447344 0.539008575837946
1 0.525283635955497 0.4435948701844456 0.44095612031250003 0.4317434109375001 0.42138490310700316 0.5709998595030547 0.5057124187500002 0.5828513187500002
1 0.6749779812500002 0.6807992546875001 0.6246909312534035 0.6737318702882832 0.6146878640625 0.7449073875000001 0.6649749140590967 0.7519747718992169
1 0.6273799000000002 0.5928502171875002 0.5917921406987932 0.587848683849935 0.5818978031250001 0.6582505546875 0.617485562426207 0.6632520880250652
1 0.68048144375 0.282375253125 0.6479882732467763 0.2778086357320703 0.6334185888717763 0.38147732479457036 0.6659117593749999 0.38604394218750004
1 0.6834086656549665 0.5983577638492775 0.6354425547177643 0.5916165669721585 0.6260918625 0.6581502031250002 0.6740579734372022 0.6648914000021192
1 0.6034847375312188 0.3362461497778672 0.5586132156250001 0.3299398687500001 0.5477403171562812 0.40730456272213295 0.5926118390624999 0.41361084375000007
1 0.6281159984375001 0.28448290312500013 0.5994910609907224 0.2804599308713039 0.587313415625 0.36710838749999997 0.6159383530717777 0.3711313597536962
1 0.7466052519832671 0.30586904849663504 0.6916763192010315 0.29814929046879335 0.6779764671875 0.3956288031250001 0.7329053999697357 0.4033485611528418
4 0.6561680766005995 0.08488199531785463 0.6174857295405223 0.07944554663474868 0.6098747013774227 0.13360083256689415 0.6485570484375 0.1390372812500001
1 0.4188465468750001 0.4262693296875001 0.34767102833445396 0.4162662625721585 0.33647194239695405 0.4959518969471584 0.4076474609375002 0.5059549640625
1 0.4503109375499189 0.5616533746448092 0.4263278828125 0.5582827765625 0.4196954155750812 0.605475239417691 0.44367847031250013 0.6088458375000002
1 0.7269504782149461 0.1650443868600004 0.6944573062500001 0.16047776875000014 0.6860851732524227 0.22004858256689414 0.7185783452173687 0.2246152006768944
1 0.6440823231445013 0.5525954892409168 0.5883797434872655 0.5447670015255752 0.5819647328125002 0.5904121703125 0.637667312469736 0.5982406580278418
1 0.6511079484375 0.28929206718750006 0.6255775998369348 0.28570401053526934 0.6133999529619347 0.3723524667852694 0.6389303015625 0.37594052343750006
1 0.5613565281249999 0.3216472109375001 0.5242214748626632 0.31642821972720137 0.5165017170501633 0.37135715253970136 0.5536367703125 0.37657614375000004
1 1.013699843695879 0.4191438112065038 0.9961126293921391 0.41667209104801534 0.9824127856962601 0.5141516079665118 1.0000000000000002 0.5166233281250002
1 0.8216950125 0.28802082500000015 0.7520667888720682 0.27823521697999365 0.7357574419970682 0.39428225760499364 0.805385665625 0.4040678656250001
0 0.5384315500000001 0.1030480281250001 0.5028437907273512 0.09804649458423387 0.4904486859677644 0.18624224509715837 0.5260364452404133 0.19124377863792458