0 0.5640625 0.259375 0.2796875 0.259375 0.27968750000000003 0.39843750000000006 0.5640625 0.3984375000000001
0 1 0.007812500000000094 0.5375 0.007812500000000066 0.5375 0.26250000000000007 1 0.26250000000000007
0 1 0.2531250000000001 0.909375 0.2531250000000001 0.909375 1 1 1
0 0.965625 0.6812500000000001 0.803125 0.6812500000000001 0.803125 0.99921875 0.965625 0.99921875
4 0.06093750000000009 0.2984375 3.654805291205382e-17 0.2984375 7.950636641339458e-17 1 0.06093750000000013 1
4 0.5515625000000001 0.5015625 6.142369101973443e-17 0.5015625 9.18485099360515e-17 0.9984375 0.5515625000000002 0.9984375
0 0.7625000000000001 0.4984375000000001 0.6 0.4984375 0.6000000000000001 0.7320312500000001 0.7625000000000002 0.7320312500000001
4 0.1437500000000001 0.578125 0.0015625000000000708 0.578125 0.0015625000000000964 0.99765625 0.14375000000000013 0.99765625
0 0.55234375 0.4578125 0.4234375 0.4578125 0.4234375 0.64921875 0.55234375 0.64921875
0 0.6781250000000001 0.4734375 0.5140625 0.4734375 0.5140625000000001 0.7421875 0.6781250000000002 0.7421875
0 0.99921875 0.2875000000000001 0.8625 0.2875000000000001 0.8625 0.4898437500000002 0.99921875 0.4898437500000002
0 0.44453125 0.453125 0.3343750000000001 0.453125 0.3343750000000001 0.57734375 0.44453125 0.57734375
4 0.2609375000000001 0.5109375 0.010937500000000063 0.5109375 0.010937500000000076 0.725 0.2609375000000001 0.725
4 0.3281250000000001 0.459375 0.17343750000000005 0.459375 0.17343750000000008 0.60078125 0.3281250000000001 0.60078125
0 0.73359375 0.45781250000000007 0.6703125 0.4578125 0.6703125 0.5726562500000001 0.73359375 0.5726562500000002
0 0.6609375 0.009375000000000074 0.55 0.009375000000000067 0.55 0.1671875000000001 0.6609375 0.1671875000000001
4 0.07031250000000008 0.55 0.003125000000000068 0.55 0.0031250000000000743 0.659375 0.07031250000000008 0.659375
0 0.35546875000000006 0.2671875 0.2765625 0.2671875 0.27656250000000004 0.371875 0.3554687500000001 0.371875
0 0.79296875 0.47187500000000016 0.7375 0.47187500000000016 0.7375 0.5187500000000002 0.79296875 0.5187500000000002
0 0.259375 0.1921875 0.10781250000000005 0.1921875 0.10781250000000005 0.3078125 0.259375 0.3078125
4 0.14140625000000007 0.3328125 0.0015625000000000409 0.3328125 0.0015625000000000552 0.56796875 0.1414062500000001 0.56796875
0 0.55 0.006250000000000061 0.44375 0.006250000000000056 0.44375 0.2179687500000001 0.55 0.2179687500000001
0 0.9296875 0.35625000000000007 0.8640625 0.35625000000000007 0.8640625 0.4539062500000002 0.9296875 0.4539062500000002
0 0.99765625 0.0015625000000001165 0.9078125 0.0015625000000001111 0.9078125 0.05937500000000012 0.99765625 0.059375000000000136
0 0.39375 0.24687500000000004 0.346875 0.246875 0.346875 0.33671875000000007 0.39375 0.33671875000000007
4 0.9640625 0.4390625000000002 0.840625 0.4390625000000002 0.840625 0.6742187500000002 0.9640625 0.6742187500000002
0 0.75859375 0.03906250000000008 0.675 0.039062500000000076 0.675 0.1906250000000001 0.75859375 0.1906250000000001
0 0.07734375000000002 0.04687500000000001 0.0031250000000000054 0.046875 0.003125000000000012 0.14296875 0.07734375000000002 0.14296875
4 0.22421875 0.08437500000000002 0.2 0.08437500000000002 0.2 0.12734375000000003 0.22421875 0.12734375000000003
0 0.790625 0.40625000000000017 0.7703125 0.40625000000000017 0.7703125 0.4273437500000002 0.790625 0.4273437500000002
0 0.64765625 0.484375 0.55625 0.484375 0.55625 0.55078125 0.64765625 0.55078125
4 0.86953125 1.042384912243001e-16 0.8328125 1.019901162414905e-16 0.8328125 0.027343750000000104 0.86953125 0.02734375000000011
0 0.56171875 0.4671875 0.4890625 0.4671875 0.4890625 0.5328125 0.56171875 0.5328125
0 0.3937500000000001 0.4703125 0.3468750000000001 0.4703125 0.3468750000000001 0.5203125 0.3937500000000001 0.5203125
4 0.034375 0.0421875 0.007812500000000005 0.0421875 0.007812500000000009 0.08359375 0.03437500000000001 0.08359375
0 0.6953125 0.4859375 0.6625 0.4859375 0.6625 0.53046875 0.6953125 0.53046875
0 0.74296875 0.44843750000000016 0.7265625 0.44843750000000016 0.7265625 0.4734375000000002 0.74296875 0.4734375000000002
0 0.4453125 0.471875 0.4015625 0.471875 0.4015625 0.515625 0.4453125 0.515625
0 0.7296875 0.0046875000000000866 0.696875 0.004687500000000085 0.696875 0.05156250000000009 0.7296875 0.05156250000000009
0 0.66328125 0.5390625 0.6109375 0.5390625 0.6109375 0.5921875 0.66328125 0.5921875
0 0.7125 0.453125 0.6953125 0.453125 0.6953125 0.48828125 0.7125 0.48828125
0 0.178125 0.01406250000000002 0.146875 0.014062500000000016 0.146875 0.08046875000000002 0.178125 0.08046875000000002
0 0.92109375 0.02968750000000011 0.89375 0.02968750000000011 0.89375 0.07343750000000011 0.92109375 0.07343750000000011
0 0.6640625 0.01718750000000008 0.634375 0.017187500000000078 0.634375 0.05390625000000008 0.6640625 0.053906250000000086
0 0.790625 0.05312500000000009 0.7640625 0.05312500000000009 0.7640625 0.0906250000000001 0.790625 0.0906250000000001
0 0.35625000000000007 0.46875 0.3359375000000001 0.46875 0.3359375000000001 0.5109375 0.35625000000000007 0.5109375
4 0.3453125 3.444319122601931e-17 0.2171875 2.659779766898158e-17 0.2171875 0.08750000000000004 0.3453125 0.08750000000000005
0 0.7875 0.006250000000000096 0.7625 0.006250000000000094 0.7625 0.03671875000000009 0.7875 0.0367187500000001
0 0.753125 0.4859375000000002 0.734375 0.4859375000000002 0.734375 0.5093750000000001 0.753125 0.5093750000000001