0 0.7380722282296507 0.4451612962142632 0.21490605913764088 0.36229991558740604 0.12238973906250013 0.9464249734375001 0.6455559081545099 1.0292863540643573
0 0.8736706812500004 0.13837780312500017 0.5665613374016589 0.0897364615584022 0.5030098358391588 0.49098485062090225 0.8101191796875001 0.5396261921875002
0 0.17969394558037446 0.6145850748712081 8.881784197001253e-17 0.5861243499999998 -0.0526744174553743 0.918697534503792 0.1270195281250001 0.9471582593750002
0 0.8390387986169803 0.8764217285543066 0.5921167125 0.8373131125000001 0.566349641138092 0.9999999998337902 0.8132717272550722 1.0391086158880967
0 0.8955064333346613 0.17031182820770227 0.5328396203125 0.11287104843750007 0.4841982791653391 0.41998039210479804 0.8468650921875002 0.4774211718750002
0 0.15854595625000006 0.5882969000000001 5.551115123125783e-17 0.5631856890625 -0.055485346033023145 0.9135063990658073 0.10306061021697685 0.9386176100033075
0 0.842134789262032 0.6870748737402051 0.6283928592922904 0.6532214781119002 0.5736407968750001 0.9989123984375002 0.7873827268447416 1.0327657940658053
0 0.7381489173821628 0.4546653018959487 0.4310395733787137 0.40602396092818926 0.34243411562500015 0.9654568109375001 0.6495434596284493 1.0140981519052594
0 0.7595560205332312 0.9587514986063596 0.64844108125 0.9411526218750002 0.6391205726130151 0.9999999998694147 0.7502355118962462 1.0175988766007742
0 0.5354302718749999 0.3861723578125001 0.31860181549040306 0.3518301039748121 0.22364120611540309 0.951387793037312 0.44046966249999997 0.9857300468749999
0 0.6896585079023654 0.7008924463076126 0.5978343578125 0.6863489296875 0.5663030358476346 0.8854298615048876 0.6581271859375001 0.8999733781250002
0 0.624882090661689 0.5205703685183551 0.5484905703125001 0.5084711406250001 0.5278363327758112 0.638876867419145 0.604227853125 0.6509760953125001
0 0.47221424843750015 0.7653262062499999 0.3541546267549546 0.74662739878489 0.3181013703125 0.9742586968749999 0.4361609919950455 0.9929575043401098
4 0.47296401723044135 0.30113477941637984 0.3379285015625 0.27974725468750006 0.2843985825710803 0.6177218593367628 0.41943409823902167 0.6391093840656425
0 0.6109303937500001 0.47881121718750014 0.499815454928934 0.4612123391006463 0.46816191722573713 0.6610649028835804 0.5792768560468032 0.6786637809704342
0 0.3764335500324097 0.5310522529203735 0.24448455937500002 0.5101535859374999 0.17506676559259038 0.9484402877046266 0.30701575625 0.9693389546875
0 0.6167297843750001 0.7518297531250002 0.5117878983663129 0.7352085910744586 0.4835563655538128 0.9134554723244583 0.5884982515625001 0.930076634375
0 0.5144909750000001 0.6881774140625 0.4450441390676967 0.6771781155921899 0.42732304687500006 0.7890646859375 0.49676988280730344 0.8000639844078103
4 0.9950806734375 0.5404456328125 0.8237784767017169 0.513314030371019 0.7466949921163939 0.9999999999887381 0.917997188852177 1.027131602430219
4 1.0565856951319295 0.17209462526035754 0.8690792355983931 0.14239652001131517 0.791595290466464 0.6316109025634578 0.9791017500000002 0.6613090078125002
0 0.6636219409871292 0.7054695313073557 0.6096077347753664 0.6969145216909362 0.5967752203125001 0.7779358312500001 0.6507894265242629 0.7864908408664196
0 0.8475146703618514 0.733013301250909 0.8205075671875 0.728735796875 0.8101193421381488 0.7943244768740911 0.8371264453125 0.7986019812500001
0 1.056753434044403 0.16104735562505482 0.39778011874999997 0.05667623593750004 0.25356709632586844 0.9672014250889177 0.9125404116202713 1.0715725447764726
0 0.9101798308174246 0.8267832564289626 0.8669684652306616 0.819939248375043 0.8551136656250001 0.8947875062500001 0.898325031211763 0.9016315143039197
0 0.6949665953124999 0.8971072953124999 0.5406402921875001 0.872664409375 0.5204723152897941 0.9999999999469086 0.6747986184147939 1.0244428858844086
0 0.4257404750000001 6.661338147750939e-17 0.2644694881425775 -0.025542816763237292 0.2496508533728027 0.06801835447927243 0.4109218402302253 0.0935611712425098
0 0.7147415079221301 0.9919939852453229 0.6769315640625 0.9860054781250002 0.6747150494420119 0.9999999999116234 0.712524993301642 1.005988507031946
4 0.38805827817435123 0.427691974688409 0.31861144218750004 0.4166926765625 0.2874467640131489 0.613458712811591 0.35689360000000003 0.6244580109375001
0 0.6515994031526137 0.7913650592006553 0.5952703031250001 0.78244340625 0.5815822874723866 0.8688661361118448 0.6379113875000002 0.8777877890625001
4 1.002648179532152 0.1730436241789705 0.9115956593749999 0.1586223218750001 0.8761534763377211 0.3823954609018986 0.9672059964948732 0.396816763205869
0 0.762963664169414 0.9672011008874737 0.7259253511477034 0.9613348093093028 0.7198013875000001 1.0000000000000002 0.7568397005217106 1.005866291578171
0 0.8908167611180995 0.20990946448474182 0.7874181375000001 0.1935327312500001 0.7611420356960804 0.359433507774263 0.8645406593141798 0.3758102410090047
0 0.6840439872684863 0.9760581377108075 0.6508638308894541 0.970802917130395 0.6462394671875 0.9999999999999998 0.6794196235665323 1.0052552205804122
0 0.09642741469208649 0.8806158516622167 0.047042997784243125 0.8727941280215343 0.03799912968750012 0.9298948609374997 0.08738354659534349 0.9377165845781821
0 0.6963659421875 0.6885079968750001 0.6685872078864971 0.6841082776578007 0.6601544125000001 0.7373508531249999 0.687933146801003 0.7417505723421993
0 0.6075829562500001 0.9394272609375 0.5805758531364027 0.9351497561780079 0.5747095609375001 0.9721880687500001 0.6017166640510977 0.9764655735094921
0 0.18528000625000002 2.2204460492503132e-17 0.07802322659653227 -0.016987804902371298 0.0522234890625 0.145905328125 0.15948026871596777 0.16289313302737135
0 0.7668045298615703 0.15388239108846405 0.6765236421874999 0.13958330312500006 0.6529362576384297 0.28850818703653613 0.7432171453125 0.30280727500000004
4 0.8723938718750001 0.8556020375000001 0.8191512968951212 0.8471692420604601 0.8033856359375001 0.9467097078125002 0.856628210917379 0.9551425032520402
0 0.3170205328229384 0.8562302405590956 0.2714942718750001 0.8490195890625 0.2620837609270618 0.9084352156909045 0.30761002187500014 0.9156458671875001
0 0.7149495531250001 0.3014940812500001 0.680997765625 0.2961166468750001 0.67170947005608 0.35476064239436284 0.70566125755608 0.3601380767693628
0 0.6241032799480382 0.5354757952300274 0.5901514922257372 0.5300983606960805 0.579396623215199 0.5980019357785532 0.6133484109375 0.6033793703125001
4 0.8304715515625002 0.530984865625 0.6962076670037464 0.5097195558476756 0.6496439716912462 0.8037111636601756 0.7839078562500001 0.8249764734375
0 0.7027424688958307 0.348601947516762 0.5970289515625 0.3318585718750001 0.5757636420416695 0.46612245717073825 0.6814771593750001 0.4828658328125002
4 0.44607439531250004 0.39100349843750004 0.4036346626972991 0.38428170500430214 0.39006886093749993 0.46993280468750004 0.4325085935527008 0.47665459812069794
0 0.9982988781250001 0.3503271468750001 0.7174250061484603 0.3058410959535985 0.6322415514609601 0.8436682631410983 0.9131154234375 0.8881543140625
0 1.0211430964711776 0.0913371751507779 0.9354754453125 0.0777687515625001 0.9143323488413223 0.2112610029742223 1 0.2248294265625001
0 0.7828986516260255 0.3019733120989163 0.751261759375 0.2969625203125001 0.7440511077489745 0.34248878008858397 0.7756879999999999 0.3474995718750001
0 0.0880951328125001 0.7234714359375001 0.027136242234962516 0.7138164965753342 0.007459720312500107 0.8380491718749999 0.06841861089003769 0.8477041112371657
0 0.7766275328949729 0.5912727994792883 0.7619665328125003 0.5889507250000002 0.7573223841718179 0.6182727231578435 0.7719833842542905 0.6205947976371317
0 0.10165147031250013 0.8276560500000001 0.06538478906545504 0.8219119718563433 0.057074207812500125 0.8743829156249999 0.09334088905954521 0.8801269937686568
0 0.5786584421971701 0.44285129525144573 0.5516513390625 0.4385737906250001 0.5408964703028298 0.5064773641235545 0.5679035734375001 0.5107548687500001
0 0.8108906487231394 0.28505012163404275 0.7375856546875 0.2734397515625001 0.7194979200268604 0.3876412174284575 0.7928029140624999 0.3992515875000001
0 0.5382583344004027 0.9276563310896145 0.5158810203125002 0.9241121124999999 0.5086703687245975 0.9696383720353856 0.5310476828125001 0.9731825906250002
0 0.25939977663131575 0.830493252690515 0.19381109843750005 0.8201050265625 0.17279021694608046 0.9528256483992628 0.23837889513989613 0.9632138745272778
0 0.6704228718749999 0.7524240187500001 0.6349278217945267 0.7468021551955878 0.6264950264820268 0.8000447301955876 0.6619900765625 0.80566659375
0 0.12151253750000013 0.7422110359375 0.0821593296875001 0.7359781 0.06456045184123319 0.8470930391066469 0.1039136596537332 0.853325975044147
0 0.6003337984375001 0.7255032328125002 0.5764132203994884 0.7217145853882776 0.571158 0.7548947406250001 0.5950785780380118 0.7586833880492226
4 0.42890449226474986 0.539362833887264 0.3926378109375 0.5336187562500001 0.3818829421102502 0.6015223301752363 0.4181496234375001 0.6072664078125001
0 0.760260264088424 0.5048357107738223 0.73711131875 0.5011692781250001 0.730756168724076 0.5412941173511779 0.7539051140625 0.5449605500000001
0 0.8010322362613923 0.6868927768612754 0.78868613125 0.6849373453125001 0.7852641262003704 0.7065430280676445 0.7976102312117629 0.7084984596164198
4 0.4393911093750001 0.6928935203125002 0.39540811259154446 0.6859272978595115 0.38074238125000015 0.7785230796875 0.4247253780334558 0.7854893021404886
0 0.45579803281250014 6.661338147750939e-17 0.08232837994844773 -0.059151782897558534 0.04819759218750001 0.15634152656250005 0.42166724505155245 0.21549330946005862
0 0.7118703687500002 0.5406758656250001 0.6979810015817759 0.5384760061282974 0.6941923546875001 0.5623965828125 0.7080817218557243 0.5645964423092028
0 0.7151197390860636 0.3703370248512252 0.6881126359374999 0.36605952031250005 0.6821241296639363 0.403869464211275 0.7091312328125 0.4081469687500001
0 0.6434250718750001 0.3036125187500001 0.617189600073409 0.2994572276615147 0.6116899499999999 0.33418064687500015 0.6379254218015912 0.33833593796348554
0 0.8283266815297672 0.3447628810461182 0.7843436844132371 0.3377966591335806 0.7735888153834696 0.40570023433746244 0.8175718124999998 0.41266645625000004
0 0.7656184453125 0.34115877968750014 0.7416978688515913 0.3373701321710785 0.7341205734375001 0.3852112875000001 0.7580411498984089 0.38899993501642177
0 0.24645206562500005 0.6425602671874999 0.2263896453125001 0.6393826921875 0.21820127915932055 0.6910820048513203 0.23826369947182052 0.6942595798513203
0 0.16504257346877527 0.677125573240036 0.14498015468750003 0.6739479984375 0.1407026499687248 0.7009551017599639 0.16076506875000005 0.7041326765625
0 0.9447374703125 0.1591255375000001 0.9061558951980382 0.15301481634768294 0.8951565967605383 0.2224616538476829 0.9337381718750001 0.22857237500000008
0 0.5831541062500001 0.5543017125 0.5638633172078682 0.5512463514339011 0.5587303109578682 0.583654874871401 0.5780211000000002 0.5867102359375
0 0.9797054796875002 0.4177802078125 0.9056288548104592 0.406047622661167 0.88118596875 0.5603739265625001 0.9552625936270411 0.5721065117138332
0 0.7641301718794743 0.14080300153425013 0.7463826468749999 0.13799206875000009 0.7425939981960803 0.16191264683676293 0.7603415232005547 0.16472357962101297
0 0.89113543125 0.1379799953125001 0.8571836453615015 0.13260256062811654 0.8503396375 0.1758139250000001 0.8842914233884984 0.18119135968438366
4 0.609823445332756 0.755481826434609 0.5820447109375001 0.7510821078125001 0.5748340609172441 0.796608367315391 0.6026127953125 0.8010080859375
0 0.24303250787458514 0.7440561636705106 0.22374172031250011 0.7410008031250002 0.21420899507108054 0.8011880624617629 0.23349978263316565 0.8042434230072733
0 0.8078615593749999 0.16434012812500015 0.7908856656952266 0.16165141049410725 0.785752659375 0.19405993437500013 0.8027285530547734 0.19674865200589303
2 1.0315313177178156 0.27095489130377903 0.9766524004955066 0.26226292589855366 0.9451210827776911 0.46134385803227485 1.0000000000000002 0.47003582343750017
0 0.4130846609375001 4.4408920985006264e-17 0.373731453100331 -0.0062329357817460075 0.36191124685033105 0.06839690953075399 0.4012644546875001 0.07462984531250004
0 0.1581310163303251 0.011600651674212528 0.1372969645646427 0.008300862332055927 0.1327750310468176 0.036851229407843425 0.15360908281250002 0.040151018750000024
0 0.8939995546875001 0.859024040625 0.87470876719733 0.8559686796254351 0.8692091171874999 0.8906920984375002 0.88849990467767 0.8937474594370652
0 0.791618951714344 0.15702162091629437 0.7754146893421565 0.1544551185468177 0.7707705421875 0.1837771171875001 0.7869748045596875 0.18634361955697676
0 0.8844640578125003 0.32992451718750015 0.8721179530477757 0.32796908642507483 0.8689403780477758 0.3480315067375749 0.8812864828125002 0.34998693750000015
0 0.4716178015625 4.4408920985006264e-17 0.4314929619380517 -0.00635515131615374 0.4209290633491837 0.06034266838954607 0.461053902973632 0.06669781970569985
0 0.9710328258610275 0.12294990638637353 0.942482459375 0.11842797187500013 0.9382049538264722 0.1454350748636267 0.9667553203124998 0.1499570093750001
0 0.381445125 5.551115123125783e-17 0.33206070775724716 -0.007821723088647559 0.32052591869474717 0.06500607066135244 0.3699103359375 0.07282779375000006
0 0.97968165625 0.6376712046875002 0.9194943985518567 0.6281384789654808 0.9055619531250001 0.7161044718750001 0.9657492108231434 0.7256371975970195
0 0.3875694218904326 0.43077850146506363 0.014099767187500046 0.37162671875000003 -0.07035040185137119 0.9048240971363606 0.3031192528515613 0.9639758798514242
0 0.4401958672194895 0.02859074198552668 0.42476323593750004 0.026146453125000045 0.4196302294843176 0.0585549778453434 0.43506286076630707 0.06099926670587004
0 1.0384975440859823 0.0830120103762548 0.54905579375 0.005492053125000085 0.5105582496640177 0.24855598181124536 1 0.3260759390625001
0 0.24226560944330816 0.6490160933187201 0.12420598750000005 0.6303172859374999 0.07654236069608049 0.931253578086763 0.1946019826393886 0.9499523854679832
0 0.09331918759321893 0.6705116353489393 0.07017024218750008 0.6668452031250001 0.06467059365678121 0.7015686224635609 0.08781953906250006 0.7052350546875001
0 0.6414910171875 0.01617741250000011 0.43778029700479415 -0.016087196131987603 0.387427953125 0.30182498906250005 0.5911386733077059 0.3340895976944877
0 0.14155815016942758 0.6955536812768346 0.10451983742800812 0.6896873890510975 0.0911984653835806 0.7737952249617628 0.12823677812500006 0.7796615171874999
0 0.08943704375000006 0.6350932765625 0.06937462500233653 0.6319157015477482 0.06411940468750008 0.66509585625 0.0841818234351636 0.6682734312647518
0 0.80331824848172 0.49267170440830566 0.7300132546874999 0.481061334375 0.7119255202682797 0.5952627987166943 0.7852305140624999 0.60687316875
0 0.8979195564454617 0.13509955189090367 0.799922353125 0.11957832031250011 0.7839122638210806 0.22066204996176308 0.8819094671415423 0.2361832815401666
0 0.8815092111694389 0.13882831572309556 0.8645333171875 0.13613959843750012 0.8607446700710806 0.16006017652426308 0.8777205640530195 0.16274889380985852
0 0.7655585612996292 0.38148970318235575 0.757842245471447 0.38026755915269916 0.7560090294843177 0.3918420325328435 0.7637253453124999 0.39306417656250003
0 0.18210706877114552 0.579372799866493 0.08951128750000006 0.5647070687500001 0.06066868279135462 0.7468121063835071 0.1532644640625001 0.7614778375
0 0.34871926901055056 0.13670547022994914 0.0763333424671567 0.09356377792181758 0.013148484375000057 0.4924972734375001 0.2855344109183939 0.5356389657456317
0 0.3979478580871167 0.045628965453638023 0.38791664843749996 0.04404017812500005 0.3813170700378832 0.08570828142136208 0.39134827968749997 0.08729706875000005
0 0.14716565551748045 0.690113915756456 0.14022097118071755 0.6890139858275364 0.1383877546875001 0.7005884593750001 0.14533243902426302 0.7016883893039197
0 0.7141514878049717 0.18667436369948365 0.7064351721546565 0.18545222010931775 0.7043575280996849 0.19856995640983421 0.71207384375 0.19979210000000008
0 0.750281758954381 0.47794364236835635 0.7433370746176181 0.47684371243943674 0.74138164375 0.4891898171875001 0.7483263280867629 0.4902897471164196
0 0.333985821875 3.3306690738754695e-17 0.2737985638973747 -0.009532723957440042 0.2661139045223747 0.03898631198005996 0.32630116249999996 0.04851903593750004
0 0.1981150359375001 0.9077954250000001 0.18422566882929273 0.9055955651243666 0.1771372312500002 0.95035019375 0.19102659835820757 0.9525500536256335
0 0.3167659892678719 0.02881607839083261 0.28821562343750007 0.024294145312500043 0.2805161154196281 0.07290693254666746 0.30906648124999997 0.07742886562500002
0 0.7901334500000001 0.5459526234375001 0.7816455032125871 0.5446082650719983 0.7782235000000002 0.5662139484375002 0.7867114467874133 0.5675583068030019
0 0.322911984375 3.8857805861880476e-17 0.29667651391900324 -0.004155289718997146 0.29390699829400324 0.013330746218502854 0.32014246874999996 0.01748603593750004
0 0.20381783437500003 0.022791675000000032 0.19301499380163284 0.021080673111503113 0.18934856093750002 0.04422961875000002 0.20015140151086724 0.045940620638496944
0 0.09158436250000015 0.9012054734375001 0.08078152043397624 0.89949447110803 0.0752818704339762 0.93421788985803 0.08608471250000012 0.9359288921875001