0 0.39375000000000004 0.2828125 0.265625 0.2828125 0.26562500000000006 0.4921875 0.3937500000000001 0.4921875
0 0.4796875000000001 0.7203125 0.25468750000000007 0.7203125 0.25468750000000007 0.9421875 0.47968750000000016 0.9421875
0 0.859375 0.6609375000000001 0.6421875 0.6609375 0.6421875000000001 0.9796875 0.859375 0.9796875
4 0.9640625 9.070040356185083e-17 0.5171875 6.333720164340217e-17 0.5171875 0.2640625000000001 0.9640625 0.2640625000000001
4 0.9984375 0.3625000000000001 0.5859375 0.3625000000000001 0.5859375000000001 0.815625 0.9984375 0.815625
4 0.6578125000000001 0.04062500000000004 0.0921875 0.04062500000000001 0.09218750000000006 0.89375 0.6578125000000001 0.89375
4 0.3031250000000001 0.496875 0.025000000000000057 0.496875 0.025000000000000088 1 0.3031250000000001 1
4 1 0.6750000000000002 0.8984375 0.6750000000000002 0.8984375 0.94375 1 0.94375
4 0.08125000000000002 0.05625 6.888638245203862e-18 0.05625 1.5977813707625624e-17 0.2046875 0.08125000000000002 0.2046875
4 0.15625000000000008 0.803125 0.09531250000000009 0.803125 0.0953125000000001 0.896875 0.15625000000000008 0.896875
0 0.30000000000000004 0.246875 0.2140625 0.246875 0.21406250000000004 0.3890625 0.3000000000000001 0.3890625
2 0.4640625 0.010937500000000037 0.1515625 0.01093750000000002 0.15156250000000002 0.25468750000000007 0.4640625 0.25468750000000007
4 0.09062500000000004 0.2078125 2.5449691294780934e-17 0.2078125 4.0949127346489623e-17 0.4609375 0.09062500000000007 0.4609375
2 0.1437500000000001 0.6734375 0.08750000000000009 0.6734375 0.08750000000000009 0.7765625 0.1437500000000001 0.7765625
2 0.16718750000000002 0.048437500000000015 0.0515625 0.04843750000000001 0.05156250000000001 0.2234375 0.16718750000000004 0.2234375
4 0.046875000000000014 0.0609375 7.462691432304185e-18 0.0609375 1.1289712679639664e-17 0.1234375 0.046875000000000014 0.1234375
2 0.2328125 0.07031250000000003 0.1453125 0.07031250000000003 0.1453125 0.184375 0.2328125 0.18437500000000004
4 0.58125 6.735557395310443e-17 0.51875 6.352855270576895e-17 0.51875 0.07500000000000007 0.58125 0.07500000000000007
4 0.8296875 8.907391953173326e-17 0.625 7.654042494670958e-17 0.625 0.06875000000000009 0.8296875 0.06875000000000012
0 0.12031250000000011 0.903125 0.05937500000000011 0.903125 0.05937500000000012 1 0.12031250000000013 1
4 0.0875000000000001 0.8125 0.0406250000000001 0.8125 0.040625000000000105 0.878125 0.0875000000000001 0.878125
4 0.3125 0.13906250000000003 0.234375 0.13906250000000003 0.234375 0.25625 0.3125 0.25625
2 0.715625 0.08125000000000009 0.68125 0.08125000000000009 0.68125 0.1312500000000001 0.715625 0.1312500000000001
2 0.246875 0.215625 0.21875 0.215625 0.21875 0.265625 0.246875 0.265625
2 0.49375 5.788369636594911e-17 0.4515625 5.5300457023997667e-17 0.4515625 0.06718750000000005 0.49375 0.06718750000000007
4 0.07656250000000007 0.534375 0.0031250000000000652 0.534375 0.0031250000000000735 0.671875 0.07656250000000009 0.671875
2 0.2765625 0.09062500000000004 0.24375 0.09062500000000002 0.24375 0.12812500000000004 0.2765625 0.12812500000000004
2 0.140625 0.050000000000000024 0.1046875 0.050000000000000024 0.1046875 0.10625 0.140625 0.10625
4 0.9109375 0.27812500000000007 0.8359375 0.27812500000000007 0.8359375 0.5484375000000001 0.9109375 0.5484375000000001
1 0.6484375 0.2234375000000001 0.6078125 0.2234375000000001 0.6078125 0.2953125000000001 0.6484375 0.2953125000000001
1 1 0.42968750000000017 0.9671875 0.42968750000000017 0.9671875 0.5281250000000002 1 0.5281250000000002
2 0.3421875 0.018750000000000037 0.2578125 0.018750000000000034 0.2578125 0.07500000000000004 0.3421875 0.07500000000000004
2 0.196875 0.08906250000000002 0.1796875 0.08906250000000002 0.1796875 0.11562500000000002 0.196875 0.11562500000000005
0 0.084375 0.0546875 0.059375 0.0546875 0.059375 0.090625 0.084375 0.090625
2 0.1625 0.05312500000000002 0.1515625 0.05312500000000002 0.1515625 0.07187500000000002 0.1625 0.07187500000000002
2 0.1359375 0.04843750000000001 0.1234375 0.04843750000000001 0.1234375 0.07187500000000002 0.1359375 0.07187500000000002
4 0.0828125000000001 0.7609375 0.034375000000000086 0.7609375 0.03437500000000009 0.8296875 0.08281250000000011 0.8296875
2 0.4703125 5.644856339819831e-17 0.4515625 5.5300457023997667e-17 0.4515625 0.03281250000000006 0.4703125 0.03281250000000006
2 0.15781250000000008 0.8078125 0.15000000000000008 0.8078125 0.15000000000000008 0.821875 0.15781250000000008 0.821875
2 0.2984375 0.10937500000000004 0.278125 0.10937500000000004 0.278125 0.14531250000000004 0.2984375 0.14531250000000004