4 0.150045679696111 0.00288405929307303 0.05059348974326848 -0.007568787301511004 0.01727504129715756 0.309435067467916 0.11672723125000004 0.31988791406250006
4 0.17319191093750003 0.530066459375 0.002258459375000055 0.5121006296874999 -0.03612308578603768 0.8772766390784194 0.13481036577646227 0.8952424687659193
0 0.8001578437646067 0.5441167139235281 0.5996995234375001 0.5230476953125002 0.5613179779796413 0.888223704507997 0.761776298306748 0.9092927231190251
2 0.4816836078125001 0.0016051562500000616 0.22217554996792402 -0.025670238757316825 0.19979992653042394 0.1872196049926832 0.459307984375 0.21449500000000005
2 0.4281033859728492 0.45159458716367673 0.21055172187500007 0.4287289859375 0.18409295465215095 0.6804673409613233 0.40164461875000007 0.7033329421875001
2 0.7211072938226795 0.24986674930850175 0.6434102703125 0.24170046250000016 0.6270776967296412 0.3970945091954968 0.7047747202398207 0.40526079600399856
4 0.9749360374999998 0.04716364843750011 0.8257577530674747 0.031484378672317646 0.8184080952549746 0.10141170054731767 0.9675863796874997 0.11709097031250013
0 0.9495276072637349 0.7373511641690478 0.7925796202775303 0.7208552656213245 0.7635076406231704 0.9974566687674059 0.920455627609375 1.0139525673151293
0 0.5547661813150062 0.8309752415690088 0.4071418372677881 0.8154592984130936 0.3886860312108086 0.9910545706853829 0.5363103752580267 1.006570513841298
2 0.25926032501710594 0.20446689046224825 0.10852810000000002 0.18862429531250002 0.08239598435789411 0.4372547689127518 0.23312820937500006 0.45309736406249995
2 0.26945175939185584 0.002865290464627862 0.1560141048018689 -0.00905748702564732 0.130045315625 0.23801904687500003 0.24348297021498694 0.2499418243652752