4 0.593223335963873 0.9487540642290127 0.5250276859374999 0.5181836781250001 0.3136006499736269 0.5516704310834877 0.3817963 0.9822408171875002
4 0.8968055921874999 0.31850391093749997 0.8369205235727215 -0.05959553127141691 0.0838081640625 0.059685748437499984 0.1436932326772784 0.4377851906464169
4 1.002288878246971 0.5849708413636989 0.9365375171874998 0.169833084375 0.4041117701486351 0.2541610380278981 0.4698631312081063 0.6692987950165971
4 0.2222511609532499 0.2845469063494409 0.18705340625 0.062317029687500004 0.03118384060925008 0.08700434365055906 0.0663815953125 0.3092342203124999
4 0.47355371262201035 0.4029421679578431 0.4219792248423538 0.07731366775466064 0.1580812453125 0.11911100156250001 0.2096557330921566 0.44473950176568244
0 0.12998596261263878 0.4810876053986732 0.09478820770297358 0.2588577274334774 -0.03519775490966523 0.27944548140980413 -1.1102230246251566e-17 0.501675359375
4 0.11407426514336994 0.160884510766307 0.10136396378284333 0.08063483260931757 0.036546915624999995 0.0909008453125 0.04925721698552661 0.17115052346948945
0 0.5492457208714663 0.03184500772396844 0.5421572841819817 -0.012909620529404586 0.39554729531249994 0.01031112031250001 0.40263573200198444 0.05506574856587304
0 0.37083583437500006 0.143947125 0.3522592414944084 0.026659134237299244 0.23342798680690832 0.04548015611229927 0.2520045796875 0.16276814687500002
0 0.09879012033635744 0.30410121381124566 0.0811912421492629 0.19298627475858046 0.0024848265004054847 0.2054521468848348 0.020083704687500002 0.3165670859375
4 0.21815298281249995 0.8879291390624999 0.205198253125 0.8061361984375003 0.1527273094014251 0.8144467798543416 0.16568203908892504 0.8962397204793412
0 0.2564689625 1 0.24799255623901373 0.9464820843056353 0.19089182237161315 0.95552595329382 0.19936822863259945 1.0090438689881847
0 0.9094346328124999 0.058641456250000015 0.8991401803825678 -0.006355150782715979 0.8590153414622315 1.1487124584874663e-10 0.8693097938921636 0.06499660714758723
0 0.22995801249999998 0.09348905 0.2236028629478722 0.05336421086656401 0.1757617078125 0.0609415046875 0.18211685736462774 0.101066343820936
0 0.8604623828125 0.07905371250000001 0.8553293764922735 0.04664518861910709 0.8383534828124999 0.049333906250000024 0.8434864891327265 0.08174243013089295
0 0.20551937366017348 0.7981754544047563 0.2003863671492629 0.7657669294460805 0.17415089505158945 0.7699222203538242 0.17928390156250001 0.8023307453124999
0 0.33506763784148935 0.08791515775841341 0.3260237703125 0.030814424999999996 0.2596634590335106 0.0413248656790866 0.26870732656249996 0.09842559843750003
0 0.5324998972367105 0.006021703067710693 0.5298111796978426 -0.010954190626638072 0.448018238711132 0.0020005391181512344 0.45070695625 0.0189764328125
0 0.7420912687500001 0.040850692187500016 0.7354916912675306 -0.0008174099210673136 0.7169725328125001 0.0021157359374999853 0.7235721102949696 0.043783838046067315
0 0.8446032250842135 0.0388521849067035 0.8377140830075831 -0.004644147923356501 0.8083920859375 0 0.8152812280141305 0.043496332830060006
4 1.0677067918188912 0.914734663316441 0.9999999999999998 0.48725080312499996 0.4114971779339334 0.5804604930548444 0.47920396975282464 1.0079443532462853
4 0.3637330378900585 0.0691372140007208 0.3566446015242629 0.024382585696080473 0.32577934062499997 0.029271162499999996 0.3328677769907956 0.07402579080464033
4 0.15410805320124954 0.13397808485642088 0.14433089999999998 0.0722475625 0.10420606061983095 0.07860271205681627 0.1139832138210805 0.14033323441323714
4 0.2868861109375 0.233178340625 0.27490909678007247 0.15755845096315124 0.2178083640625 0.16660231874999998 0.22978537821992756 0.24222220841184874
4 0.6326677547311055 0.7083741221503149 0.6265570326529231 0.6697925458674716 0.6018648232343177 0.6737034080921566 0.6079755453125 0.7122849843749999
4 0.1898759265625 0.6994066203125 0.18400963451664354 0.6623683075425902 0.1639472140242629 0.6655458825710806 0.16981350607011936 0.7025841953409904
4 0.16873038290638537 0.6458045818427689 0.155531225 0.562468378125 0.07682481084361462 0.574934249407231 0.09002396874999999 0.658270453125