4 0.978125 0.7312500000000002 0.828125 0.7312500000000002 0.828125 1 0.978125 1
4 1 0.1593750000000001 0.865625 0.1593750000000001 0.865625 0.5265625000000002 1 0.5265625000000002
0 0.44375 0.08281250000000004 0.2421875 0.08281250000000002 0.24218750000000006 0.45 0.44375 0.45
2 0.7468750000000002 0.8125 0.4859375000000002 0.8125 0.4859375000000002 1 0.7468750000000002 1
2 0.809375 0.3281250000000001 0.590625 0.3281250000000001 0.590625 0.58125 0.809375 0.5812500000000002
2 0.34843750000000007 0.5796875 0.27031250000000007 0.5796875 0.27031250000000007 0.7359375 0.34843750000000007 0.7359375
4 0.13125000000000012 0.8453125 1.0352092474042469e-16 0.8453125 1.106965895791787e-16 0.9625 0.13125000000000014 0.9625
0 0.2640625 2.2675100890462708e-17 0.10625 1.3011872240940627e-17 0.10625000000000002 0.2375 0.2640625 0.2375
0 0.6453125 6.993881329505588e-17 0.496875 6.084963783263412e-17 0.496875 0.18281250000000007 0.6453125 0.1828125000000001
2 0.884375 0.5875000000000001 0.7328125 0.5875000000000001 0.7328125000000001 0.8375 0.884375 0.8375
2 0.8171875 0.7859375000000001 0.7031250000000002 0.7859375 0.7031250000000002 1 0.8171875 1