4 0.515625 4.4202095406724777e-17 0.20625 2.525834023241416e-17 0.20625 0.13906250000000003 0.515625 0.13906250000000003
4 0.9921875 9.433607374681956e-17 0.5484375 6.716422289073765e-17 0.5484375 0.12343750000000012 0.9921875 0.12343750000000013
4 0.04218750000000001 0.007812500000000003 9.567553118338697e-19 0.0078125 1.0045930774255633e-17 0.15625 0.042187500000000024 0.15625
4 0.17187500000000006 0.3796875 4.649830815512607e-17 0.3796875 6.285882398748523e-17 0.646875 0.17187500000000008 0.646875
4 0.10468750000000011 0.6984375 0.014062500000000084 0.6984375 0.014062500000000103 1 0.10468750000000013 1
4 0.78125 0.2015625000000001 0.625 0.2015625000000001 0.625 0.3937500000000001 0.78125 0.3937500000000001
2 0.6687500000000001 0.4578125 0.2218750000000001 0.4578125 0.2218750000000001 0.9375 0.6687500000000002 0.9375
2 1 0.8390625 0.821875 0.8390625 0.821875 0.99375 1 0.99375
2 0.5171875 0.27968750000000003 0.26875 0.2796875 0.26875000000000004 0.525 0.5171875 0.525
4 0.2484375 0.10625000000000002 0.1125 0.10625 0.11250000000000002 0.2671875 0.2484375 0.2671875
4 0.809375 0.5234375000000002 0.7265625 0.5234375000000002 0.7265625 0.7234375000000002 0.809375 0.7234375000000002
1 0.35781250000000003 0.04218750000000004 0.2875 0.04218750000000003 0.28750000000000003 0.396875 0.3578125000000001 0.396875
4 0.2984375 0.0031250000000000305 0.203125 0.003125000000000025 0.203125 0.13906250000000003 0.2984375 0.13906250000000003
4 0.88125 0.0765625000000001 0.771875 0.07656250000000009 0.771875 0.3828125000000001 0.88125 0.3828125000000001
1 0.3421875000000001 0.4515625 0.10625000000000004 0.4515625 0.10625000000000007 0.678125 0.3421875000000001 0.678125
2 0.4890625 0.12031250000000004 0.3640625 0.12031250000000004 0.3640625 0.27031250000000007 0.4890625 0.27031250000000007
4 0.99375 0.08125000000000011 0.875 0.08125000000000011 0.875 0.3812500000000001 0.99375 0.3812500000000001
4 0.9984375 0.40156250000000016 0.8890625 0.40156250000000016 0.8890625 0.6421875000000001 0.9984375 0.6421875000000001
4 0.8890625 0.4000000000000002 0.7828125 0.4000000000000002 0.7828125 0.6500000000000001 0.8890625 0.6500000000000001
4 0.24218750000000008 0.7640625 0.12031250000000009 0.7640625 0.12031250000000011 0.9078125 0.24218750000000008 0.9078125
4 1 0.6640625000000002 0.76875 0.6640625000000002 0.76875 0.7968750000000002 1 0.7968750000000002
2 0.19375 0.007812500000000016 0.0359375 0.007812500000000005 0.035937500000000004 0.09531250000000001 0.19375 0.09531250000000002
1 0.55625 6.544206332943669e-17 0.5125 6.276314845630185e-17 0.5125 0.03750000000000007 0.55625 0.03750000000000007
4 0.3296875000000001 0.9265625 0.2171875000000001 0.9265625 0.2171875000000001 1 0.3296875000000001 1
4 0.35 0.004687500000000041 0.303125 0.004687500000000037 0.303125 0.05625000000000004 0.35 0.05625000000000004
2 0.6109375 0.5578125 0.58125 0.5578125 0.58125 0.6453125 0.6109375 0.6453125
1 0.71875 0.1281250000000001 0.565625 0.1281250000000001 0.565625 0.1531250000000001 0.71875 0.1531250000000001
2 0.31718750000000007 0.81875 0.2578125000000001 0.81875 0.2578125000000001 0.89375 0.31718750000000007 0.89375
4 0.93125 0.08281250000000011 0.878125 0.08281250000000011 0.878125 0.2015625000000001 0.93125 0.2015625000000001
4 0.5390625 0.12812500000000004 0.48125 0.12812500000000004 0.48125 0.3578125000000001 0.5390625 0.3578125000000001
4 0.07031250000000001 0.0828125 0.05 0.0828125 0.05000000000000001 0.1109375 0.07031250000000003 0.1109375
2 0.6765625 0.51875 0.65625 0.51875 0.65625 0.565625 0.6765625 0.565625
2 0.9484375 0.46406250000000016 0.89375 0.46406250000000016 0.89375 0.5296875000000002 0.9484375 0.5296875000000002
4 0.8734375 0.13437500000000008 0.8203125 0.13437500000000008 0.8203125 0.1984375000000001 0.8734375 0.1984375000000001
2 0.8375 0.48750000000000016 0.790625 0.48750000000000016 0.790625 0.5390625000000002 0.8375 0.5390625000000002
2 0.5796875 0.3671875000000001 0.56875 0.3671875000000001 0.56875 0.3828125000000001 0.5796875 0.3828125000000001