4 0.34510486562500003 0.9844699281250001 0.2818978093750001 0.3830949687500001 -0.01179693779136739 0.4139635310588912 0.05141011845863251 1.0153384904338911
0 0.45256939999999996 0.9904571234375 0.408961431170859 0.5755550195595236 0.16654671875 0.6010338328125001 0.210154687579141 1.0159359366904765
4 0.2930414969072368 0.24995075811921236 0.26903261561726743 0.021521510863929734 -0.012230607898791952 0.05108346681208609 0.011778273391177383 0.2795127140673687
4 0.8137931967218142 0.6005630748518752 0.7963173437329277 0.4342914451500691 0.6828796890625 0.4462142234375001 0.7003555420513863 0.6124858531393061
4 0.810960803125 0.40918575468749996 0.7936482753480678 0.2444680655884166 0.6615633347230678 0.2583507530884167 0.6788758625 0.4230684421875
4 0.28915876718749994 0.49702260000000004 0.26776309687499994 0.2934563984375 0.10149146715246546 0.31093225122916873 0.12288713746496546 0.5144984527916688
4 0.669206800133261 0.5403465965803934 0.6494443874708299 0.3523197997224655 0.383720568587569 0.3802484984545722 0.40348298125 0.5682752953125001
2 1.024046359226027 0.7025820062268509 0.9982409021237529 0.4570594108785101 0.928313580997461 0.46440906634725126 0.954119038099735 0.709931661695592
4 0.2586581859375 0.9841291999999999 0.2108037484101243 0.5288246434895376 0.002575726510604692 0.5507102906304544 0.05043016403798041 1.0060148471409167
4 0.18902981406250002 0.6505172859374999 0.16175441718750003 0.391009228125 -0.012286915405142335 0.4093017099043058 0.01498848146985764 0.6688097677168058
4 0.646237971875 0.9795283765624999 0.6114495921168198 0.6485390571400236 0.476256771875 0.6627483953125001 0.5110451516331802 0.9937377147349766
4 0.3571031672498818 0.09710468340602293 0.34828357812499994 0.013191898437500005 0.28923384056261814 0.019398275968977065 0.2980534296875 0.1033110609375
4 0.8216797524894295 0.3766370139650759 0.8032239453125 0.2010417421875 0.5561474115730703 0.22701053290992418 0.57460321875 0.40260580468749996
4 0.9521544453124997 0.7211358968750001 0.9407216447158921 0.6123600639609806 0.8164064072158924 0.6254261217734807 0.8278392078125 0.7342019546875002
4 0.3188751141030689 0.316364230073487 0.3111988046875 0.24332902812499996 0.2490411858969311 0.24986205742651296 0.2567174953125 0.322897259375
4 0.6572699466998626 0.5164635029791823 0.650736917170428 0.45430588421256884 0.597902940625 0.459858959375 0.6044359701544348 0.5220165781416134
4 0.9775590828124999 0.39481778437500004 0.9612265109374999 0.23942373750000004 0.8073864046110746 0.2555929836478602 0.8237189764860746 0.41098703052286023
4 0.2722010454490863 0.15630367013391885 0.2581550327954278 0.022664790462568984 0.14471737797134146 0.03458756876615017 0.158763390625 0.16822644843750004
4 0.5727174843922844 0.9526913439144502 0.5652045015624999 0.8812100828125 0.5077087046702154 0.8872531342105499 0.5152216874999999 0.9587343953125
1 0.9957300171965308 0.8218200672734228 0.9900136171874999 0.7674321515625 0.952719046865969 0.771351968664077 0.9584354468749998 0.8257398843749998
4 0.48726952812499996 0.8422681781250001 0.45999413275508705 0.582760120154309 0.31858554994258703 0.597622760779309 0.34586094531249995 0.85713081875
4 0.39413163626271025 0.225185796840819 0.383842115625 0.12728754687499996 0.27972810436228973 0.13823037034668098 0.290017625 0.2361286203125
4 0.7527694734374999 0.6776767265624999 0.7385601345423456 0.5424839062324113 0.5800582064173456 0.5591431312324112 0.5942675453124999 0.6943359515624998
4 0.6447074921875001 0.8304341015625003 0.6004462202198235 0.4093162350557419 0.4916703875 0.42074903593750007 0.5359316594676765 0.8418669024442584
1 0.7247516234375 0.9791317921874999 0.7193618747262482 0.9278517576770471 0.6587581953125 0.9342214609374999 0.6641479440237518 0.9855014954479527
4 0.8001667781249999 0.9193588187499999 0.7872640458711094 0.7965975233787879 0.6303160583711096 0.8130934218162877 0.643218790625 0.9358547171874999
1 0.49767121093750005 0.746908515625 0.48329854682506906 0.6101617542124382 0.40560152343750006 0.618328040625 0.4199741875499311 0.7550748020375618
4 0.8262622564354988 0.3604443080149034 0.8133595250000001 0.23768301093749997 0.7356625013770012 0.24584929667259664 0.7485652328124999 0.36861059375
2 1.0024639095522825 0.6467194647706765 0.9960942062500001 0.5861157859375001 0.9572456951352175 0.5901989289793236 0.9636153984375 0.6508026078125001
1 0.8785917287812272 0.9629625452435278 0.8759785171874999 0.9380994984375001 0.8293603024687725 0.9429992703814722 0.8319735140624998 0.9678623171874999
1 0.830419575 0.9680256437500001 0.8271530613270887 0.936946834169827 0.7774269654454968 0.942173256104641 0.7806934791184081 0.9732520656848139
4 0.9923607265625 0.9242961281250001 0.9786413659406792 0.793765129654321 0.8310170206281791 0.809281073404321 0.8447363812500001 0.939812071875
1 0.628589859375 0.34822727343749993 0.6235267609088153 0.3000551184770835 0.5940018921875 0.3031583078125 0.5990649906536847 0.35133046277291646
4 0.5014516126544031 0.11021297178154739 0.4896921604000264 -0.0016707423724588444 0.40888725625 0.006822195312500006 0.4206467085043767 0.11870590946650623
1 0.40854652812500014 0.093268875 0.4010335453089583 0.02178761402880227 0.34975351093749996 0.027177362499999996 0.3572664937535418 0.09865862347119772
1 0.7713698366661248 0.9742320202359187 0.7672866937329278 0.9353835092125692 0.7299921218749998 0.9393033265625 0.7340752648081968 0.9781518375858494
2 0.478095134375 0.9343566328125 0.46878556772874685 0.8457820265056124 0.41905947241624686 0.8510084499431125 0.4283690390625 0.93958305625
1 0.9360875252678081 0.9569194937218525 0.9339642906250003 0.9367182671875 0.8811303153571922 0.9422713422156477 0.88325355 0.9624725687500002
1 0.2859579421875 0.0480225078125 0.28301807976807314 0.02005157951480609 0.2441695671875 0.024134721874999994 0.24710942960692686 0.052105650172693904
1 0.6528690859375 0.9379826437500001 0.6453561014981978 0.866501382200705 0.60184576875 0.8710745031249999 0.6093587531893021 0.9425557646742948
1 0.7635536625 0.750385278125 0.7571839592949788 0.6897815992386499 0.7183354484375 0.6938647421875002 0.7247051516425211 0.7544684210738503
2 0.6868506703515922 0.6783206456844375 0.6811342703125 0.6239327296875 0.6345160562109078 0.6288325011905627 0.6402324562499999 0.6832204171875002
1 0.7998401265624999 0.9162509390624999 0.7906938858523125 0.8292302726269956 0.74873749375 0.8336400671875 0.7578837344601874 0.9206607336230043
2 0.7872034984375 0.6614887125000001 0.7808337957907405 0.6008850341605095 0.7124604140454278 0.608071365462569 0.7188301166921873 0.6686750438020594
4 0.7449528485058832 0.9770085584631214 0.7407063795934521 0.9366061053551936 0.7049657498375691 0.9403625968920724 0.7092122187500001 0.9807650500000001
4 0.5119504812500001 0.9575071062499999 0.5016609592646687 0.8596088567627668 0.45038092345457226 0.8649986064124311 0.4606704454399037 0.9628968558996643
1 0.4578427438208698 0.7416680162992811 0.452779646875 0.6934958609374999 0.42325477805413014 0.6965990493257188 0.42831787499999996 0.7447712046875
1 0.7536325734375 0.9101098015625002 0.7449763105644294 0.8277509561249861 0.7076817386894294 0.8316707733124862 0.7163380015625 0.9140296187500002
1 0.4967330359793465 0.9920997644606429 0.49052665781250016 0.9330500265625 0.4454623843331536 0.9377864730393574 0.45166876250000004 0.9968362109375002
2 0.9737420438175389 0.223968342830089 0.958879403125 0.08255975937499997 0.822132642119961 0.09693242279491095 0.8369952828124999 0.23834100625
2 0.6157425328124999 0.9136048812500001 0.6098628070443104 0.8576630249165144 0.5694603539193105 0.8619094936665143 0.5753400796875001 0.91785135
2 0.7463021344206844 0.19759782543465804 0.7343793561332533 0.08416017076423024 0.5152737514000688 0.10718909845457217 0.5271965296874999 0.22062675312499996
1 0.8403782016642138 0.5694889578018094 0.8367850359375 0.5353022671875 0.7994904639607862 0.5392220843856904 0.8030836296875 0.573408775
0 0.2802594110142518 0.9205856585427445 0.27323640460182075 0.8537662179348168 0.22817213108756892 0.8585026640795721 0.23519513749999996 0.9253221046875
0 0.3762676828245099 0.967054623551767 0.37022463125 0.9095588265625002 0.32982217967549 0.9138052951982333 0.33586523124999995 0.9713010921875
0 0.3083936641180582 0.9191997364661008 0.3018606359375 0.8570421171874999 0.2614581843194418 0.8612885854088992 0.2679912125 0.9234462046875
2 0.9499706630575835 0.5658258593163957 0.9403344453125 0.47414337187500005 0.8331125525674166 0.4854128469336044 0.8427487703125 0.577095334375
0 0.8411812031249999 0.14363464687500005 0.823868677217674 -0.021083041026461045 0.5596987984029242 0.006682330921034485 0.5770113243102504 0.1714000188224956
1 0.7962328843750001 0.9716188093750002 0.7923130671875 0.9343242374999999 0.7550184953125 0.9382440546874999 0.7589383125 0.9755386265625002
1 0.961455076667777 0.34623496975164414 0.9557386765053459 0.2918470525812163 0.913782284212569 0.2962568468920721 0.9194986843749999 0.35064476406249995
0 0.3905051750085421 0.9231383219562724 0.3838088203125 0.8594267625 0.3402984874914579 0.8639998827312277 0.3469948421875 0.9277114421875001
2 0.6100073640625 0.978623046875 0.604780941085999 0.928896951514047 0.5301917984374999 0.9367365859374999 0.5354182214140009 0.9864626812984529
1 0.24992774844644558 0.33303752977261175 0.2311452890625 0.1543343765625 0.17209554999105442 0.1605407546023882 0.190878009375 0.33924390781249997
0 0.3489594421875001 0.9165072078125001 0.3438963453125 0.8683350531250001 0.30504783270438574 0.8724181958463613 0.31011092957938574 0.9205903505338611
0 0.35469461103546485 0.8514890431195731 0.34865155937500003 0.7939932453125 0.30669516708953515 0.7984030396929269 0.31273821874999996 0.8558988374999998
2 0.169883615625 0.18433983906249998 0.161227353125 0.10198099375 0.13636430611903555 0.10459420500395625 0.14502056861903556 0.1869530503164562