0 0.7557933453125146 0.6914988656251392 0.7339076984374999 0.48327084375 0.6064845796874854 0.4966635531248607 0.6283702265625001 0.7048915749999999
0 0.7209397250734815 0.25525225624227676 0.6977474718749999 0.03459271093750001 0.4739800452390184 0.05811161563272318 0.4971722984374999 0.2787711609375
0 0.34176886875 0.35480677343750006 0.3084504203125 0.037802918750000004 0.09245269543641063 0.06050519492893088 0.12577114387391067 0.37750904961643095
4 0.5351708859455198 0.9990575313263015 0.5075688390625 0.7364415921875 0.06314186700405708 0.783152748254657 0.09074391388707667 1.0457686873934586
4 0.42890593906249996 0.6457296750000001 0.3815414780425754 0.1950869409974509 -0.028698804769924636 0.23820493318495078 0.018665656249999996 0.6888476671875
4 0.9535962234833086 0.9142304816858389 0.864420378125 0.06577898906250002 0.3018939312041915 0.12490290112666139 0.39106977656249997 0.9733543937500002
4 0.9727245515625003 0.45345686093750004 0.9220087276000021 -0.029071978492738106 0.6454073250000001 0 0.6961231489624982 0.48252883943023817
4 0.0854527015625 0.36760672812500006 0.05736067774775022 0.10032896862542517 -0.02809202381474978 0.10931040925042515 0 0.37658816875
4 1.0155159438693084 0.8920113898143736 0.9999999999170341 0.7443870460856333 0.9473246060477256 0.7499234531462599 0.9628405499999999 0.8975477968750001
4 0.8707853890624999 0.1562341875 0.8609858452706242 0.06299776053907741 0.8003821671875 0.06936746406250002 0.8101817109793759 0.1626038910234226
0 0.8108298719742072 0.7218497478188929 0.7959672311697041 0.5804411648610339 0.7105005046875001 0.5894240796875001 0.7253631454920032 0.730832662645359
2 0.897649675 0.9499617281250001 0.872170861586673 0.7075470155567692 0.5613827687499999 0.7402121609375001 0.586861582163327 0.9826268735057312
4 1.0264587666790583 0.7384639044324961 0.9999999999679355 0.48672554969492676 0.91121554375 0.496057171875 0.9376743104611229 0.7477955266125693
2 0.8921111265803706 0.2843946173575264 0.8813316281250001 0.181834546875 0.8253897718571297 0.1877142732674736 0.8361692703125001 0.29027434375000005
2 0.9931820468750002 0.9022143109374999 0.9748895655682086 0.7281729791471637 0.8598979718749998 0.7402590828125002 0.8781904531817915 0.9143004146028364
2 0.897659059375 0.8902586875000003 0.8857362812343108 0.7768210342257278 0.7987156156249999 0.7859672750000002 0.8106383937656891 0.8994049282742725
4 0.5336169468774655 0.999220856273458 0.5257773109075827 0.9246317137778568 0.46361969218750004 0.9311647437499999 0.47145932815738273 1.0057538862456012
4 0.42686358281250014 1 0.42076266238863635 0.9419536239404458 0.2171964616816159 0.9633492953985158 0.22329738210547964 1.02139567145807
0 0.8960731734375 0.05302550625000001 0.8898304854817202 -0.0063697032413209675 0.82922680625 0 0.8354694942057799 0.059395209491320974
4 0.9241933515625 0.1411941453125 0.9173336702685301 0.07592864489415366 0.8707154562499999 0.08082841718749999 0.8775751375439697 0.1460939176058463
4 0.8018981203124997 0.8311948734375001 0.7896486914789291 0.7146493389727485 0.7119516680414291 0.7228156249102486 0.7242010968749999 0.8393611593750002
2 0.3635142 0.935401828125 0.3582877765277455 0.8856757324818328 0.3241010875 0.8892688984375001 0.32932751097225454 0.9389949940806671
2 0.8094345640881391 0.7534185346189382 0.8042081421875 0.7036924390625 0.776237214036861 0.7066323013185618 0.7814636359375 0.756358396875
2 0.60043638600689 0.9921978506601988 0.5934133795944588 0.925378410052271 0.551456987337569 0.9297882047045724 0.55847999375 0.9966076453125001
4 0.9905599015653381 0.41387572971450287 0.9761872374999999 0.27712896875 0.9031520343721618 0.2848052780979972 0.9175246984375001 0.42155203906250005
2 0.7976375750000001 0.8803469828125001 0.7937177578125 0.8430524109375002 0.7610850077473204 0.846482250942357 0.7650048249348205 0.8837768228173569
2 0.9401847453124998 0.9062134453124999 0.9343050187499997 0.8502715875 0.8985643876384483 0.8540280794422491 0.9044441142009484 0.9099699372547491
4 0.189095053125 0.7557745765624999 0.1608397030931758 0.4869428762597132 0.0862505609375 0.49478251093750003 0.11450591096932417 0.7636142112402868
1 0.4216867609616557 0.7863169361673265 0.414173778125 0.714835675 0.3737713265383443 0.7190821435201735 0.381284309375 0.7905634046875
1 0.04272145942914367 0.6187617130151426 0.03243193906250001 0.5208634625 -0.0002008110482747072 0.5242933026158096 0.010088709318368949 0.6221915531309522
2 0.7911650947802852 0.9532981748917125 0.7852853687329278 0.8973563185875688 0.7013725828124999 0.9061759078125 0.7072523088598573 0.9621177641166436
2 0.8615124608385759 0.875204568596172 0.8587359234204278 0.8487875795250691 0.8416425781250002 0.8505841625000002 0.8444191155431483 0.8770011515711031
0 0.9847590421875001 0.896815178125 0.981002551540206 0.861074546713118 0.9561395031027059 0.8636877576506181 0.95989599375 0.8994283890625002
2 0.8932398800242973 0.9080053359021013 0.8912799718579277 0.8893580498375693 0.8804023875 0.8905013296875002 0.8823622956663696 0.9091486157520322
2 0.9217007859796768 0.9097272941512852 0.9192508998797455 0.8864181863558576 0.9068193764000687 0.8877247922045722 0.9092692625 0.9110338999999998
4 0.9357988610933129 0.19182087804495818 0.9286125296638096 0.12344749664959935 0.880440375 0.12851059375 0.8876267064295034 0.19688397514535882
2 0.6004363859814702 0.9921978504183464 0.5970065453125002 0.9595650999999998 0.57835925933103 0.9615250089566535 0.5817891000000002 0.9941577593750001
2 0.8159074953125 0.1572887671875 0.8144375640339918 0.1433033028537632 0.8066678625 0.14411993125000003 0.8081377937785079 0.15810539558373687
2 0.7614909765625 0.8652928624999999 0.7577344850068793 0.8295522311835868 0.7375332584443793 0.8316754655585867 0.74128975 0.867416096875