4 1.024687313875356 0.1243290457312716 0.9196618123821395 0.10769464060633285 0.8949744984375 0.2635642078125001 0.9999999999307165 0.28019861293743886
4 0.7865577421875001 0.03915372500000005 0.4902512384140474 -0.007776614152231742 0.4665416401215011 0.14191989993322673 0.7628481438949538 0.1888502390854585
4 0.4194125671875 4.4408920985006264e-17 0.14008195711533114 -0.044241619450652116 0.13006232742783116 0.019019836799347885 0.4093929375 0.06326145625000004
4 1.0505516639061498 0.22018020951910372 0.5196691811861723 0.13609668436489075 0.3847444546875002 0.9879778781249999 0.9156269374074778 1.0720614032792128
4 0.4222520469854546 0.3516359321151176 0.3234832125000001 0.3359924859375001 0.29537389520204554 0.5134677350723825 0.3941427296875 0.52911118125
4 0.4746704484375 0.639948078125 0.2740462548539578 0.6081723270740271 0.21856090468750003 0.9584930359375001 0.4191850982710422 0.990268786988473
2 0.197572987564522 0.17209038084262446 0.05867931406250001 0.150091784375 0.02910342337297802 0.3368266113448756 0.16799709687500003 0.35882520781250005
2 0.27646639531250006 0.303234125 0.10053440944936691 0.2753692354679661 0.043582485937500005 0.6349495234375 0.21951447180063316 0.6628144129695339
2 0.5018451282600143 0.3784800288350542 0.248749990625 0.33839369687500004 0.18055434048998587 0.768964083664946 0.4336494781250001 0.809050415625
2 0.16976585937500005 0.7371977968750001 0.009266503125000103 0.7117771968749999 -0.018353956494882962 0.88616592052119 0.14214539975511697 0.91158652052119
2 0.18851019075881928 0.608862536655099 0.0635058846546568 0.5890637997968176 0.03075241875000012 0.7958610468749999 0.1557567248541626 0.8156597837332814