4 0.6955293703125 0.6857620062500001 0.6134012765624999 0.16722562656249998 0.43901255453233523 0.1948460865203287 0.5211406482823353 0.7133824662078287
4 0.7508182624999999 0.9649248765624998 0.7112207890625 0.7149162640625 0.5522646967758665 0.7400924353115955 0.5918621702133665 0.9901010478115954
4 0.5051424703125 0.7222442359375 0.46994471559341167 0.5000143591755585 0.32024820156249995 0.5237239578124999 0.3554459562815884 0.7459538345744414
2 0.3195534230309773 0.2596438810669112 0.2836223812117629 0.03278421538358048 0.1215797625 0.058449245312499995 0.15751080431921435 0.2853089109958308
0 0.7559901002666147 0.22848654543333913 0.716781716936366 -0.019065450044633246 0.5964072 1.1102230246251566e-17 0.6356155833302487 0.24755199547797235
0 0.1565425531287196 0.4689715703359843 0.09347990937499999 0.07080970781250001 -0.06306264375371959 0.09560361247651564 -1.1102230246251566e-17 0.4937654749999999
0 0.16335294843749998 0.6118527953124999 0.12986619531250004 0.400425759375 -0.018287056043074422 0.4238909294314765 0.015199697081925534 0.6353179653689764
1 0.5735874437499999 0.99457745625 0.5227462421230216 0.673578746467899 0.326751837417466 0.7046212109505722 0.37759303904444447 1.025619920732673
4 1.0266427450702387 0.9180746162044839 0.9999999999999998 0.7498589453125 0.7206001342913934 0.7941115369721283 0.7472428793616324 0.9623272078641124
4 0.9398299641097028 0.4303377768605257 0.8877666187500001 0.1016227515625 0.7889977843277973 0.11726619813947432 0.8410611296875 0.44598122343749996
1 0.8668028500540718 0.5985198347163955 0.8218279404376521 0.31455943631713257 0.6412661653835803 0.34315761253823707 0.6862410749999999 0.6271180109375
4 0.6746184687500001 0.9532640859375 0.6205996921228452 0.6122029558417852 0.5172010687499999 0.6285796890625 0.5712198453771549 0.9696408191582149
2 0.6792870890625001 0.18368394531250004 0.6709765078125001 0.1312130015625 0.6354814577653981 0.13683486532761013 0.6437920390153982 0.18930580907761022
4 0.5682341577801784 0.6711200981951436 0.4638630374617628 0.012146784133580547 0.28484452499408447 0.04050053125093694 0.3892156453125001 0.6994738453125
4 0.6169381531566043 0.429273583012042 0.5487425034420611 -0.0012968030966034605 0.3666374656055421 0.0275458014396483 0.4348331153200854 0.45811618754829375
2 0.049084582862618006 0.31988368156643265 0.013642399984012843 0.09611054208656093 -0.035442182878605163 0.10388477614512825 0 0.327657915625
4 1.0356866103987232 0.7014933699707884 0.9999999999999998 0.47617696562499995 0.9252360279877998 0.4880184147587515 0.960922638386523 0.71333481910454
4 0.8019042184186315 0.7780702810550079 0.7669508919078434 0.5573836669843176 0.6249706921875 0.5798711218749999 0.6599240186982881 0.8005577359456902
4 0.6959607921875002 0.5686273953125001 0.6822727765504639 0.4822046655490066 0.6189989921875 0.49222624843749996 0.6326870078245361 0.5786489782009934
2 0.5064212890625001 1 0.5003831249264425 0.9618765323480764 0.40315755382268675 0.9772755501369732 0.40919571795874427 1.0153990177888967
4 0.16146931270552994 0.7497831122351649 0.14655915308911044 0.655644066960902 0.09254494663358051 0.6641990766007371 0.10745510625000003 0.7583381218749999
4 0.349805590625 1 0.29211473573548974 0.6357542799745574 0.031303282812499986 0.67706275625 0.08899413770201021 1.0413084762754428
2 0.596324221875 0.978320490625 0.5872803535513593 0.9212197577449711 0.5193767796875 0.9319746281249998 0.5284206480111406 0.9890753610050288
4 0.27247884375 0.6815776734375001 0.23459237187500004 0.442371903125 0.08952564678858044 0.46534821507936835 0.1274121186635804 0.7045539853918684
4 0.7341491297217966 0.9295975658415407 0.7236386890625 0.8632372546874999 0.6742542718407033 0.8710589779084591 0.6847647124999999 0.9374192890625
4 0.6776860656662365 0.573103804947856 0.6708420578125001 0.5298924390625002 0.6384335327712637 0.5350254450521442 0.645277540625 0.5782368109375
4 0.7102336093803441 0.518907500033741 0.698745453125 0.4463741375 0.669423454682156 0.451018285903759 0.6809116109375001 0.5235516484375
4 0.424015590625 0.9391684734374998 0.39419527025073775 0.7508903824225479 0.22443633749999997 0.77777755625 0.2542566578742623 0.966055647264952
4 0.6397610859375 0.5933483218750001 0.6111629096659766 0.4127865468289139 0.5123940752909767 0.4284299937039139 0.5409922515625001 0.60899176875
4 0.6842135235109754 0.9738920535889062 0.667347932644556 0.8674069036271433 0.6117904638210806 0.8762063422257371 0.6286560546875 0.9826914921875
4 0.8443630423674753 0.8963216292613193 0.823586590625 0.7651442703125002 0.7016688107575246 0.7844541488636808 0.7224452624999999 0.9156315078124999
2 0.8938864804306949 0.8394366076947893 0.887775759336763 0.8008550310085804 0.8569104984374999 0.8057436078124999 0.863021219531432 0.8443251844987089
0 0.31378764375 0.4329925578124999 0.3074324936394984 0.3928677180523207 0.28274028437499993 0.3967785796875 0.2890954344855015 0.4369034194476792
4 0.425328784375 0.9674360656249998 0.4145739152034805 0.8995324920067862 0.22012277301598057 0.9303305263817861 0.23087764218749998 0.9982340999999998
4 0.9164460546875001 0.622296659375 0.9005581796353983 0.5219845621710426 0.8635198656249999 0.5278508546875 0.8794077406771017 0.6281629518914574
0 0.32850102200639186 0.9653703312291896 0.31554629218749997 0.883577390625 0.19517177486860807 0.9026428422083104 0.20812650468749996 0.9844357828125
2 0.1424612985882514 0.7496297322018071 0.1353728625 0.704875103125 0.10296433891174858 0.7100081084231928 0.11005277499999999 0.7547627374999999
0 1.0014116761011393 0.789184776527183 0.9838127984374998 0.6780698390625002 0.8557219660863602 0.6983574344103172 0.8733208437499999 0.809472371875
2 0.030344821874999994 0.5411645609375 0.0247229578125 0.5056695109375001 0.0031172749315119376 0.5090915151925836 0.00873913899401193 0.5445865651925834
2 0.7813336875 0.9078864749999997 0.7718009625 0.8476992156250001 0.7162434920975876 0.856498654119816 0.7257762170975877 0.9166859134948157
0 0.8524771658085919 0.8776347339716546 0.8448998718171724 0.8297935793223917 0.8032317700710806 0.8363931578507371 0.8108090640625001 0.8842343125
4 0.2169195421875 1 0.20061154218750002 0.8970353375 0.07869376235925102 0.9163452162988459 0.09500176235925101 1.019309878798846
0 0.6794593984741943 0.5443473549191786 0.6584385169827748 0.4116267330824157 0.5797321013210804 0.42409260472573707 0.6007529828125 0.5568132265625
0 0.058765793749999996 0.520843353125 0.05412164524155003 0.4915213558020396 0.03714575156249998 0.4942100734374999 0.041789900070949945 0.5235320707604603
4 0.8011565719557083 0.7433852083220731 0.7928459904642887 0.6909142646103099 0.7743268341335805 0.6938474109757371 0.7826374156249999 0.7463183546875002
4 0.35208171282332856 0.3351727202612898 0.3293498296492629 0.19164925913358044 0.1765667890625 0.215847715625 0.19929867223656564 0.35937117675270935
1 0.4826916375 0.9999999999999998 0.4699013140625 0.9192450750000001 0.29705585448567867 0.9466211060308117 0.3098461779231786 1.0273760310308115
4 0.7207871268363548 0.6754336640191256 0.7080768265625 0.5951839859375 0.6247406231636452 0.6083831437933743 0.6374509234375 0.688632821875
4 0.8337328343750002 0.7492994734375001 0.8185782453125 0.6536171640624998 0.7846264591728336 0.6589945987235717 0.7997810482353336 0.754676908098572
4 0.8164932595109695 0.8801700711709776 0.81233796864455 0.8539345993342146 0.8046216528835803 0.855156743788237 0.8087769437499999 0.8813922156250001
1 0.8531579109375 0.6022629578124998 0.8348257468750001 0.4865182296874999 0.5879036623634457 0.5256268460128303 0.6062358264259456 0.6413715741378303
4 0.6414766578125 0.953767303125 0.6360992233640588 0.9198155167238099 0.62529638125 0.92152651875 0.6306738156984413 0.9554783051511901