4 0.5213084234394002 0.8047246437771743 0.4850677546875001 0.28645894531249994 0.32763967812309974 0.29746738903532544 0.3638803468749999 0.8157330875
4 0.4777758062923641 0.24937727716833374 0.46044568124999996 0.001544957812500003 0.30847303277013594 0.012171921269166252 0.3258031578125 0.260004240625
4 0.67968576875 0.49370040937500004 0.6643175452313268 0.27392457852666974 0.5209177125 0.283952071875 0.5362859360186731 0.5037279027233302
2 0.8216234046875 0.9779476921875 0.8059826952695209 0.754275127510369 0.6501133124999999 0.7651745765624998 0.665754021917979 0.9888471412396308
0 0.3435186504681226 0.9949337202797656 0.3252075765596591 0.7330731577718734 0.21298162031249998 0.7409207609375 0.2312926942209635 1.0027813234453924
0 1.0276846044760375 0.9643216457684817 0.9999999998360524 0.5684134132804409 0.8376367234850148 0.5797669612619594 0.8653213281250001 0.9756751937500001
0 1.0105534298365704 0.633460697300636 0.99594816875 0.42459572343750007 0.8478722545384297 0.43495019957436415 0.8624775156250001 0.6438151734375002
1 0.6967665843749999 0.31237972343750003 0.6740082693055137 -0.01307933899208467 0.48696500993051384 7.041533467422311e-11 0.5097233250000002 0.32545906250000006
4 0.31714343593750005 0.16976348906250002 0.30613499218750007 0.0123354125 -0.011008443735306114 0.03451224239763188 1.4693854466507617e-11 0.19194031896013192
4 0.16513049755056394 0.8405952390152599 0.1420781624923969 0.5109314936412709 0.0532326140625 0.5171441796874999 0.07628494912066704 0.846807925061489
1 0.34010814099908815 0.6325701764270806 0.32043463436739694 0.3512259405162711 0.1474196183683088 0.36332432971419043 0.16709312499999998 0.6446685656249999
4 0.4969157468796245 0.3662957000661324 0.47299145625000005 0.0241624046875 0.3810285203078756 0.030593079621367668 0.4049528109374999 0.37272637500000005
2 0.32031314224343616 0.842274335174924 0.31666182656249997 0.7900580906249999 0.28237056244406383 0.7924559695125759 0.286021878125 0.8446722140625
4 0.6554754047024073 0.9762522111506842 0.6092617406249998 0.31536602656249996 0.4518336640475926 0.3263744700993158 0.498047328125 0.9872606546875
4 0.5742598344157013 0.9795818833945551 0.5442318515625 0.5501617328124999 0.37511357027179865 0.5619876353554447 0.4051415531249999 0.9914077859374999
2 1.0155862123486747 0.9557697558395104 0.999999999970699 0.7328765386434776 0.9254571468750001 0.7380890828124999 0.9410433592529757 0.9609823000085326
4 0.07731080468750003 0.4582899546875 0.06156110156250001 0.23305869531250006 -0.012476854976301835 0.23823593331535792 0.003272848148698182 0.46346719269035785
4 0.3849840035143777 0.40075009216027196 0.36967027811739694 0.18175360926627093 0.2340639140625 0.19123612968749998 0.2493776394594808 0.41023261258150095
4 0.3818990234742591 0.49102895521317896 0.3759043265625 0.4053007937500001 0.3143359202757409 0.40960607603682125 0.3203306171875 0.4953342375
2 0.6539851578124999 0.03656713906249999 0.6509555931468715 -0.0067576577703251485 0.5543165759593714 4.217485805035892e-11 0.5573461406249999 0.043324796875
4 0.9227551018247491 0.3858570483099011 0.9162154312423969 0.292335418641271 0.8647785341051477 0.2959322375188699 0.8713182046875 0.38945386718749997
4 0.9859530830994483 0.37125676404243463 0.9595219193128479 -0.0067264891018581465 0.7093515593750002 0.010767126562500002 0.7357827231616005 0.38875037970679277
2 0.5339329625 0.0668904234375 0.5300091609957063 0.010777445308429823 0.4637646734375 0.015409710937499987 0.46768847494179366 0.07152268906657017
4 0.9018701578125 0.5799742687500001 0.8853029953005345 0.34305280607888344 0.7465792453125 0.3527533156249999 0.7631464078244656 0.5896747782961167
4 0.3723410062976122 0.10795002724338505 0.36776323750000006 0.04248488593750001 0.32022307495238783 0.04580921806911499 0.32480084374999996 0.11127435937500003
4 0.3678273265805369 0.44658979557043876 0.36488447500000004 0.4045050609375 0.3329312515444632 0.4067394481795613 0.33587410312500005 0.4488241828125001
4 0.32651623593750007 0.5277943218750001 0.32150248906250006 0.4560944046875 0.29422534680537915 0.45800180837937504 0.29923909368037915 0.5297017255668751
4 0.805286728125 0.2515365296875 0.7924253780871893 0.06761065727178153 0.6272038312499999 0.07916407343749998 0.6400651812878106 0.26308994585321843
4 0.4795841703125 0.56642970625 0.4671043015625 0.3879592625 0.37280332494790164 0.394553428942459 0.38528319369790165 0.573023872692459
4 0.4351792343749999 0.1106043703125 0.4278221062372262 0.005392535754826738 0.374826515625 0.009098348437499992 0.38218364376277375 0.11431018299517326
4 0.3342018 0.1897159109375 0.3252097546674962 0.06112367002643206 0.20596967656249995 0.0694617484375 0.2149617218950038 0.19805398934856794
0 0.04994214226960293 0.11169856679912682 0.04449241875 0.033763875000000006 -0.005449723519602929 0.03725616913837318 0 0.1151908609375
2 0.18269255957824512 0.15097153279828773 0.1800766921875 0.11356287968749998 0.14968216229675488 0.11568827188921227 0.1522980296875 0.153096925
0 0.7031420359375 0.6275464750000002 0.7003626765529736 0.5877997826762649 0.67698226875 0.5894347000000002 0.6797616281345265 0.6291813923237354
4 0.829223515625 0.10106273750000003 0.8248637361501826 0.03871498436012778 0.6300270064626827 0.05233929529762773 0.6343867859375001 0.1146870484375
4 0.142372739134986 0.4255467025990979 0.13534259371375698 0.325010949481701 0.101830676453771 0.32735433125760305 0.10886082187500001 0.427890084375
0 0.8518844140624999 0.1339370734375 0.8464346890625001 0.05600238125 0.72719461090257 0.06434046043797859 0.7326443359025699 0.14227515262547857
2 0.9194307687499998 0.3383168859375 0.9163244249902354 0.293894112360364 0.8843712015624998 0.2961285 0.8874775453222643 0.340551273577136
0 0.17118187031249998 0.255153259375 0.16366124999999998 0.14760338437499998 0.03740704996634681 0.15643193858123713 0.04492767027884681 0.2639818135812371
2 0.9937568704018898 0.5500541919033314 0.9912499968556607 0.5142042325359345 0.9709869780162711 0.5156211609451031 0.9734938515625 0.5514711203125
2 0.32907905937500004 0.11645730156249998 0.3249917655628953 0.05800628192436107 0.271216828125 0.061766592187500004 0.27530412193710474 0.12021761182563892
0 0.23905629689119504 0.1282344111691 0.2357864625 0.08147359531250001 0.19603977029630495 0.08425295445590002 0.19930960468749997 0.1310137703125
4 0.9677727296875 0.13366495 0.9578467214712232 -0.008283581221765136 0.8393859902212231 2.82348366908991e-11 0.8493119984374999 0.14194853125
0 0.9648191968750002 0.024229398437499994 0.9629648578296812 -0.002288884376201428 0.9302322875 0 0.9320866265453187 0.026518282813701423
0 0.41040217189270517 0.5626526471281936 0.4012466343750001 0.4317223656250001 0.32642933123229495 0.4369541013093066 0.33558486875000004 0.5678843828125001
0 0.9569476890736996 0.5612428751601646 0.954931290625 0.5324070390625 0.9393443515513002 0.5334969842148353 0.94136075 0.5623328203125
4 0.25069698125314327 0.2723045953574511 0.24704566562500002 0.2200883515625 0.2306793812468567 0.22123279370504895 0.23433069687499994 0.2734490375
4 0.7852398814440738 0.8160287515489294 0.7754848749999999 0.6765256546875001 0.6266296138684262 0.6869346281385711 0.6363846203125 0.8264377250000002
1 0.7554527043720347 0.07646130147529885 0.7492676292953868 -0.011989393831841454 0.5778113077358522 5.359734878140898e-12 0.5839963828125001 0.08845069531250004
4 0.3894748671875 0.37537501406249996 0.3839706453124999 0.296660975 0.30291856559310326 0.30232868860635576 0.30842278746810325 0.3810427276688557
4 0.23584023437499999 0.3062361046875 0.22913707341591372 0.2103764340663016 0.19874254375 0.21250182656249997 0.2054457047090863 0.3083614971836984
4 0.23941605156249998 0.110979784375 0.2375631453125 0.08448198906250001 0.23132837029791942 0.08491796697898765 0.2331812765479194 0.11141576229148767
0 0.029962654748998407 0.07237146650446821 0.0281097484375 0.0458736703125 0.010184768688501591 0.04712710693303177 0.012037675000000001 0.073624903125
1 0.4154600969470429 0.45578951196776146 0.40783048277581396 0.3466809432253646 0.16233620457877102 0.36384757500760306 0.16996581875 0.47295614375
4 0.42583811563218854 0.06661757354030162 0.4234402374995855 0.03232630936907265 0.4133087265625 0.0330347734375 0.415706604695103 0.06732603760872896