4 0.1953125 1.2150792460290146e-17 0.003125 3.827021247335479e-19 0.0031250000000000084 0.13203125000000002 0.1953125 0.13203125000000004
4 0.6421875 6.123233995736766e-17 0.3578125 4.3819393281991234e-17 0.3578125 0.12812500000000007 0.6421875 0.1281250000000001
4 1 1.0591281302000936e-16 0.7296875 8.936094612528342e-17 0.7296875 0.1109375000000001 1 0.11093750000000013
4 0.4671875000000001 0.1296875 1.5882138176442238e-17 0.1296875 6.912557127999709e-17 0.99921875 0.4671875000000002 0.99921875
4 0.69375 0.3906250000000001 0.6171875 0.3906250000000001 0.6171875 0.56171875 0.69375 0.56171875
4 0.6390625000000001 0.6625 0.48125 0.6625 0.48125000000000007 0.99921875 0.6390625000000002 0.99921875
2 1 0.2906250000000001 0.8828125 0.2906250000000001 0.8828125 0.4656250000000002 1 0.4656250000000002
2 0.9 0.3937500000000001 0.76875 0.3937500000000001 0.76875 0.7429687500000002 0.9 0.7429687500000002
2 0.7312500000000001 0.41093750000000007 0.5296875 0.4109375 0.5296875000000001 0.8234375 0.7312500000000002 0.8234375
2 0.8859375 0.8421875 0.7437500000000001 0.8421875 0.7437500000000001 1 0.8859375 1
2 0.86484375 0.7093750000000002 0.7640625 0.7093750000000002 0.7640625000000001 0.90703125 0.86484375 0.90703125