4 0.29531250000000003 0.03437500000000002 4.2097233720690266e-18 0.034375 4.1236153940039786e-17 0.6390625 0.2953125000000001 0.6390625
0 0.4015625 0.017187500000000033 0.1578125 0.017187500000000015 0.15781250000000002 0.434375 0.4015625 0.434375
4 0.3203125000000001 0.7703125 0.03750000000000009 0.7703125 0.0375000000000001 1 0.3203125000000001 1
4 0.8015625 0.3671875000000001 0.6875 0.3671875000000001 0.6875 0.534375 0.8015625 0.5343750000000002
4 0.81875 0.5578125 0.6859375 0.5578125 0.6859375 0.7234375000000001 0.81875 0.7234375000000002
4 0.2906250000000001 0.525 0.12343750000000005 0.525 0.12343750000000006 0.7296875 0.2906250000000001 0.7296875
4 0.6640625 0.4421875 0.3968750000000001 0.4421875 0.3968750000000001 0.63125 0.6640625 0.63125
2 1 0.24375000000000008 0.9296875 0.24375000000000008 0.9296875 0.4906250000000002 1 0.4906250000000002
4 0.20937500000000003 0.04375000000000001 5.35782974626967e-18 0.04375 3.3390760383002056e-17 0.5015625 0.2093750000000001 0.5015625
4 0.17500000000000007 0.3828125 4.6881010279859617e-17 0.3828125 6.285882398748523e-17 0.64375 0.1750000000000001 0.64375
4 0.5953125 0.007812500000000064 0.459375 0.007812500000000056 0.459375 0.34062500000000007 0.5953125 0.34062500000000007
4 0.4000000000000002 0.915625 0.34062500000000007 0.915625 0.34062500000000007 1 0.4000000000000002 1
4 0.8328125 0.5890625 0.584375 0.5890625 0.5843750000000001 0.7656250000000001 0.8328125 0.7656250000000002
4 0.9265625 0.2328125000000001 0.8015625 0.2328125000000001 0.8015625 0.3421875000000001 0.9265625 0.3421875000000001
4 0.3390625000000001 0.7015625 0.2765625000000001 0.7015625 0.2765625000000001 0.775 0.3390625000000001 0.775
4 0.6546875 0.4671875 0.6015625 0.4671875 0.6015625 0.5296875 0.6546875 0.5296875
4 0.9859375 0.5546875000000002 0.83125 0.5546875000000002 0.83125 0.7109375000000002 0.9859375 0.7109375000000002
4 0.30937500000000007 0.865625 0.19531250000000008 0.865625 0.1953125000000001 1 0.30937500000000007 1
4 0.525 0.04218750000000006 0.4671875 0.04218750000000006 0.4671875 0.11406250000000004 0.525 0.11406250000000004
1 0.959375 0.12812500000000013 0.921875 0.12812500000000013 0.921875 0.18281250000000013 0.959375 0.18281250000000013
4 0.4515625 0.16093750000000004 0.309375 0.16093750000000004 0.30937500000000007 0.421875 0.4515625 0.421875
4 0.4234375000000002 0.784375 0.3187500000000001 0.784375 0.3187500000000001 0.8828125 0.4234375000000002 0.8828125
4 0.7328125 0.2968750000000001 0.5734375 0.2968750000000001 0.5734375 0.4328125000000001 0.7328125 0.43281250000000016
4 0.609375 0.15625000000000006 0.5 0.15625000000000006 0.5 0.5796875 0.609375 0.5796875
1 0.6734375 7.874096216392748e-17 0.6125 7.500961644777538e-17 0.6125 0.05156250000000008 0.6734375 0.05156250000000009
4 0.7546875 0.05156250000000008 0.596875 0.05156250000000007 0.596875 0.1750000000000001 0.7546875 0.1750000000000001
1 0.471875 0.25468750000000007 0.39375 0.25468750000000007 0.39375000000000004 0.3921875000000001 0.471875 0.3921875000000001
4 0.8390625 0.6046875000000002 0.7609375 0.6046875000000002 0.7609375 0.7281250000000001 0.8390625 0.7281250000000001
2 0.984375 0.30156250000000007 0.9453125 0.30156250000000007 0.9453125 0.3625000000000001 0.984375 0.3625000000000001
1 0.828125 9.854579711888858e-17 0.78125 9.567553118338697e-17 0.78125 0.0250000000000001 0.828125 0.0250000000000001
1 0.7796875 9.24225631231518e-17 0.7296875 8.936094612528342e-17 0.7296875 0.0312500000000001 0.7796875 0.0312500000000001
4 0.9453125 0.026562500000000107 0.796875 0.0265625000000001 0.796875 0.1578125000000001 0.9453125 0.15781250000000013
1 0.64375 0.6375 0.6140625 0.6375 0.6140625 0.6859375 0.64375 0.6859375
4 0.5421875000000002 0.8875 0.46093750000000017 0.8875 0.46093750000000017 1 0.5421875000000002 1
1 0.4515625000000002 0.9140625 0.4000000000000002 0.9140625 0.4000000000000002 0.9859375 0.4515625000000002 0.9859375
1 0.7203125 8.591662700268149e-17 0.6828125 8.362041425428021e-17 0.6828125 0.03906250000000009 0.7203125 0.03906250000000009
2 0.4328125 0.07031250000000004 0.3828125 0.07031250000000004 0.3828125 0.15937500000000004 0.4328125 0.15937500000000004
1 0.8859375 1.0524308430172568e-16 0.8328125 1.019901162414905e-16 0.8328125 0.020312500000000105 0.8859375 0.02031250000000011
1 0.3343750000000001 0.971875 0.2953125000000001 0.971875 0.2953125000000001 1 0.3343750000000001 1
1 0.60625 0.04843750000000007 0.5625 0.048437500000000064 0.5625 0.12031250000000009 0.60625 0.12031250000000009
1 0.7359375 0.2234375000000001 0.696875 0.2234375000000001 0.696875 0.2843750000000001 0.7359375 0.2843750000000001
2 0.6671875 0.3031250000000001 0.6203125 0.3031250000000001 0.6203125 0.3578125000000001 0.6671875 0.3578125000000001
1 0.7546875 0.05468750000000009 0.7125 0.05468750000000009 0.7125 0.14218750000000008 0.7546875 0.14218750000000008
2 0.76875 0.30937500000000007 0.7 0.30937500000000007 0.7 0.3703125000000001 0.76875 0.3703125000000001
4 0.69375 8.275933447362974e-17 0.6578125 8.055879725641184e-17 0.6578125 0.040625000000000085 0.69375 0.04062500000000009
4 0.4640625 0.04375000000000005 0.4125 0.04375000000000005 0.4125 0.14218750000000005 0.4640625 0.14218750000000005
1 0.4328125 0.2640625000000001 0.403125 0.2640625000000001 0.403125 0.3125000000000001 0.4328125 0.3125000000000001
1 0.709375 0.06562500000000009 0.671875 0.06562500000000009 0.671875 0.14843750000000008 0.709375 0.14843750000000008
1 0.4453125 0.010937500000000053 0.4 0.01093750000000005 0.4 0.07031250000000004 0.4453125 0.07031250000000004
2 1 0.7250000000000002 0.8625 0.7250000000000002 0.8625 0.8671875 1 0.8671875
2 0.571875 0.07656250000000006 0.53125 0.07656250000000006 0.53125 0.13281250000000006 0.571875 0.13281250000000008
2 0.7765625000000002 0.7750000000000001 0.5562500000000001 0.775 0.5562500000000001 0.8890625 0.7765625000000002 0.8890625
1 0.83125 0.39531250000000007 0.79375 0.39531250000000007 0.79375 0.42968750000000017 0.83125 0.42968750000000017
0 0.2375 0.10468750000000004 0.1921875 0.10468750000000004 0.1921875 0.17187500000000006 0.2375 0.17187500000000006
0 0.328125 0.048437500000000036 0.2875 0.048437500000000036 0.2875 0.10625000000000004 0.328125 0.10625000000000004
0 0.265625 0.10312500000000005 0.225 0.10312500000000005 0.225 0.16562500000000005 0.265625 0.16562500000000005
2 0.940625 0.38750000000000007 0.8328125 0.38750000000000007 0.8328125 0.47968750000000016 0.940625 0.47968750000000016
0 0.8765625 0.81875 0.6109375000000001 0.81875 0.6109375000000001 0.984375 0.8765625 0.984375
1 0.7453125 8.897824400054988e-17 0.7078125 8.668203125214859e-17 0.7078125 0.03750000000000009 0.7453125 0.03750000000000009
1 0.975 0.6046875000000002 0.9328125 0.6046875000000002 0.9328125 0.6593750000000002 0.975 0.6593750000000002
0 0.346875 0.09062500000000004 0.303125 0.09062500000000004 0.303125 0.15468750000000003 0.346875 0.15468750000000003
2 0.559375 0.012500000000000063 0.484375 0.012500000000000061 0.484375 0.06250000000000007 0.559375 0.06250000000000007
1 0.2687500000000001 0.6921875 0.2093750000000001 0.6921875 0.2093750000000001 0.871875 0.2687500000000001 0.871875
0 0.30625 0.10156250000000004 0.2671875 0.10156250000000004 0.2671875 0.15000000000000005 0.30625 0.15000000000000005
0 0.31875 0.16562500000000005 0.2765625 0.16562500000000005 0.2765625 0.2234375 0.31875 0.2234375
2 0.20468750000000008 0.8484375 0.17968750000000008 0.8484375 0.1796875000000001 0.93125 0.20468750000000008 0.93125