2 0.7848124500317317 0.20883256536960268 0.6270239859375 0.2060783578125001 0.6219655155932684 0.49587796431789755 0.7797539796875002 0.4986321718750002
2 0.711820266656456 0.003621171893004185 0.5032582851568402 -0.000019290640177577202 0.5005858856878842 0.15308238902931834 0.7091478671875 0.1567228515625001
2 0.6741430009188173 0.10297874691831163 0.4890149499999999 0.09974732343750006 0.48383376470570666 0.3965771077964537 0.6689618156245241 0.3998085312772653
4 0.08173863281250007 0.647410284375 7.771561172376095e-17 0.64598353125 -0.004390370944416541 0.8975077173535668 0.07734826186808345 0.8989344704785669
1 0.37372947031250014 0.48216855937499997 0.12689207032463218 0.47785999617995295 0.11993837656250009 0.8762368125 0.366775776550368 0.8805453756950469
1 0.8217348925627406 0.86895249063155 0.4241392078125002 0.8620124328125002 0.4217531368556681 0.9987103596424788 0.8193488216059084 1.0056504174615286
2 0.9938155046974927 0.85867289630252 0.9063288303809577 0.8571458109223308 0.9038353015625002 1 0.9913219758790353 1.0015270853801892
2 0.7287741703151418 0.643858320161158 0.6686270812500001 0.6428084484375001 0.6660501234348584 0.7904422095263423 0.7261972125000001 0.7914920812500001
4 0.24870542500000012 0.30339686093750007 0.17918476406684802 0.3021833731884054 0.17503981718750009 0.5396472015625001 0.24456047812065215 0.5408606893115948
4 0.07357991718750008 0.130001590625 0.006402650018774335 0.1288290067369203 0.0030212453124999856 0.32254949843749997 0.07019851248122573 0.3237220823255797
4 0.15546273125000004 0.45257352187499994 0.03126289963856795 0.4504056062436911 0.029449485937500065 0.55429603125 0.15364931754893213 0.5564639468813088