4 0.5915280954125648 0.9522853759520521 0.5377939327330614 0.44103896330669345 0.247207065625 0.4715808734374999 0.3009412283045033 0.9828272860828587
4 0.4093767844164439 0.5346625910193107 0.35547929515167276 0.02186223753233052 -0.022128237702271066 0.06155038870051971 0.03176925156249999 0.5743507421874999
4 1.0482185733606895 0.9325651924663528 0.9449967157193028 -0.049525179812541856 0.31409688906249994 0.016785064062500004 0.41731874670388686 0.9988754363413946
4 0.31818896564929433 0.5191091096061452 0.267721316974325 0.03894150578427593 -0.010434025237469283 0.0681768102406307 0.0400336234375 0.5483444140625
4 0.47138939557816395 0.9303481140345775 0.44950374842042784 0.7221200920250689 0.32208062968750006 0.7355128015625 0.3439662768452362 0.9437408235720086
4 0.12372722656249997 0.37301055312500003 0.09351196952094354 0.08553156694224522 -0.030215257041556438 0.09853582162974518 -5.551115123125783e-18 0.38601480781249997
4 1.0335192579808177 0.7927105512336096 0.9988942047196696 0.4632751731229191 0.779788599863852 0.4863041000143097 0.814413653125 0.8157394781250001
4 0.3565334234375 0.5999187062499999 0.3424874109168089 0.4662798263656377 0.26168250781249996 0.47477276406249996 0.27572852033319106 0.6084116439468621
4 0.9075707640624998 0.7902372046874999 0.8660860296363865 0.3955363260761885 0.6205634375 0.421341790625 0.6620481719261132 0.8160426692363114
4 0.8983869859375002 0.9420286999999998 0.8782979218268923 0.7508940229797834 0.7229038765625001 0.7672265953124998 0.742992940673108 0.9583612723327164
4 0.7035286624999999 0.7174164921874999 0.6646571405827638 0.3475786620981508 0.4688606421874999 0.36815770312499996 0.5077321641047361 0.7379955332143491
1 0.4520012890625 1 0.4426858467829707 0.9113694850619 0.386743990625 0.9172492109375 0.3960594329045293 1.0058797258756
4 1.0238455549141183 0.8864225921921302 0.9999999999858851 0.6595472858032069 0.8949946828124998 0.6705837890625002 0.9188402377407332 0.8974590954514234
1 0.6237454922371175 0.989747964534579 0.5932035828125001 0.6991610984375001 0.45956470305541436 0.7132071102754359 0.49010661248003184 1.0037939763725148
4 0.12323725 0.36834873125 0.10919123746999589 0.2347098512770301 0.025278451562499988 0.243529440625 0.039324464092504105 0.37716832059796995
4 0.6916011937688286 0.6338303579916407 0.6801683920609697 0.5250545253586439 0.6149028920421411 0.5319142064295033 0.62633569375 0.6406900390625
4 0.37548390000000004 0.7503242796875 0.36192786562500007 0.6213472203124999 0.2966623655005748 0.6282069003786728 0.31021839987557476 0.7571839597536728
4 1.0155534283448042 0.6217771013541056 0.9881147077761655 0.3607151027793017 0.8420443031249999 0.37606772031249996 0.8694830236936388 0.637129718887304
1 0.15130626252281554 0.2617055189670753 0.1310538734375 0.0690169015625 0.030047743727184457 0.07963307322042476 0.050300132812499995 0.272321690625
1 0.2963450984374999 0.5653959796875 0.27217289182818827 0.3354127920610398 0.09036185745318832 0.35452190143603973 0.11453406406249997 0.5845050890624999
1 0.0714672375 0.369076659375 0.05774787667290003 0.2385456609258964 -0.013719360827099968 0.2460571703008964 0 0.37658816875
4 0.626792825073456 0.8543125022613886 0.6003340578124999 0.6025741468749999 0.49777398742654383 0.6133536446136112 0.5242327546875 0.865092
4 0.928266659375 0.7629242703124999 0.9088308984289537 0.5780053561686864 0.80782476875 0.588621528125 0.8272605296960462 0.7735404422688135
1 0.4677123562500001 1 0.45708197177498294 0.8988586443609007 0.4213413402525495 0.9026151359766461 0.4319717247275666 1.0037564916157453
4 0.7574683815836661 0.9615531624649305 0.7378692953124999 0.7750803062500002 0.6026764746663338 0.78928964378507 0.6222755609374999 0.9757625000000004
4 0.749502957894222 0.6465979179650329 0.7346403171875 0.5051893359374999 0.655389354605778 0.5135189476599672 0.6702519953125 0.6549275296875001
4 0.18442384843749998 0.8159675937500002 0.14473569687500004 0.43836006093749996 -0.007550468710570746 0.454365982153148 0.032137682851929236 0.8319735149656482
4 1.0132293833576966 0.9236738514398631 0.9999999999932081 0.7978046733728793 0.8425479072605115 0.8143535547455162 0.8557772906250001 0.9402227328124999
1 0.19063960945241626 0.8153142913615664 0.1612409796875 0.5356050078125 0.10219124211008375 0.5418113852009336 0.131589871875 0.8215206687500001
1 0.40666079534429 0.6433544143649621 0.388694965494359 0.4724209628195341 0.31565976390006895 0.4800972718920723 0.33362559374999995 0.6510307234375002
4 0.7123482531972399 0.8013292763906819 0.7012421031079277 0.6956613248375689 0.6250990202231878 0.7036642859468871 0.6362051703125001 0.8093322374999999
1 0.46614125000000006 1 0.46336766562500004 0.9736111125000001 0.44472037916824797 0.9755710216607254 0.4474939635432479 1.0019599091607252
1 0.32631771460283626 0.8356182936932084 0.31880473125000003 0.7641370328125 0.1447633994596637 0.7824295141192915 0.1522763828125 0.8539107749999999
4 0.741229203129483 0.7323072859801526 0.734369521875 0.6670417859375 0.698628890620517 0.6707982780823475 0.705488571875 0.736063778125
1 0.17272494374999997 0.8391926921874999 0.16406868101016409 0.7568338467359823 0.04441526538516406 0.7694099264234825 0.053071528124999975 0.851768771875
4 0.6446047140625 0.9639889718749999 0.6380716843750001 0.9018313531249997 0.6023310532803705 0.90558784522825 0.6088640829678704 0.96774546397825
4 0.9671710265625002 0.923801459375 0.9586780890625002 0.8429965546874998 0.8763192452096066 0.8516528177710339 0.8848121827096065 0.932457722458534
4 0.7531332114661786 0.9651510202569336 0.7474168107579968 0.910763102979641 0.6541803828125 0.9205626468749999 0.6598967835206817 0.9749505641522924
4 0.7426897500475025 0.8059957910769558 0.7320735780100714 0.7049896598440281 0.676131720150069 0.7108693859545723 0.6867478921875001 0.8118755171875002
1 0.12513191735451262 0.2817387281515194 0.11598567811250948 0.19471806081866067 0.05693593906249998 0.20092443750000002 0.06608217830450315 0.2879451048328588
4 0.21869454769018332 0.798225637414321 0.2069350952954278 0.686341924837569 0.14011565468750004 0.69336493125 0.15187510708225554 0.805248643826752
1 0.2037664328125 1 0.18328056708589685 0.8050900099708105 0.14753993714620772 0.8088465015996851 0.16802580287281085 1.0037564916288746
1 0.731583600028396 0.7003278393326681 0.7178642390625001 0.5697968406249999 0.6448290374716042 0.5774731497298318 0.6585483984375001 0.7080041484374999