0 0.9627418344538707 0.338152227223504 0.828878171875 0.32644067500000007 0.8091319499211295 0.5521410384014962 0.9429956125000002 0.563852590625
2 0.7440523203124999 0.8836680343750001 0.6288673078125 0.8735906515625 0.6196070101937823 0.9794363375716341 0.7347920226937823 0.989513720384134
2 0.6487511234375001 0.7718113390625001 0.5522447625306008 0.7633681262127315 0.5431206453125001 0.867657259375 0.6396270062193994 0.8761004722247687
4 0.5176886938797661 0.7101538688292659 0.007138910758988659 0.6654865515468822 -0.018326907396080994 0.9565621908978864 0.49222287572469653 1.0012295081802702
0 0.5243643804059273 0.8848379203753544 0.4060662593750002 0.874488175 0.39571651406249997 0.9927862953125001 0.5140146350934272 1.0031360406878544
1 0.2869073046875001 0.4437135609375 0.14993053273982732 0.43172964614315357 0.13399737336482728 0.6138464898931535 0.2709741453125 0.6258304046874998
4 1.0416752201840285 0.045480521812181825 0.4548542810081698 -0.0058596578308837185 0.404467367182781 0.5700654031789393 0.9912883063586395 0.6214055828220048
4 0.38486790625 0.005270481250000037 0.12025368891301354 -0.01788026229196208 0.08770646715643289 0.35413619566759935 0.35232068449341936 0.37728693920956147
4 0.17255419375000008 0.01179093437500003 0.041803639126233284 0.0003517430215252297 -0.00858327498256623 0.576276802925731 0.1221672796412006 0.5877159942792057
4 0.2003477922124654 0.8235523028396454 0.005778514062500106 0.806529696875 -0.007431028171556398 0.9575154567821424 0.18713824997840892 0.9745380627467881
4 0.9672386265625003 0.5377411453125001 0.760216915600653 0.5196290924657896 0.726307884350653 0.9072110924657896 0.9333295953125003 0.9253231453125
2 1.0167541249563734 0.3303299441993868 0.9342567514225599 0.32311235936275695 0.8826442108411865 0.9130464073508702 0.965141584375 0.9202639921875001
4 0.593446171951199 0.02351871475404375 0.29925742495468055 -0.0022194656018959978 0.25159412794636815 0.5425745109218718 0.5457828749428867 0.5683126912778116
4 0.5577463265625002 0.3419314250000002 0.41921300159381686 0.32981132932954693 0.400556225 0.5430592578125 0.5390895499686833 0.5551793534829532
4 0.12720597187500013 0.5301234890625001 0.01202095939568959 0.5200461058817196 -0.004048381263319656 0.7037195031454465 0.11113663121599089 0.713796886326227
2 0.8486533281250003 0.9430104281250002 0.6712061482072769 0.9274858109173583 0.6652141906250002 0.995974196875 0.8426613705427235 1.011498814082642
2 0.7511132628946309 0.7133227204837269 0.695077309375 0.708420209375 0.6892215324060003 0.775352040589436 0.7452574859256311 0.7802545516981627
4 0.1938054641924374 0.3963564922648097 0.09729910312500005 0.3879132796875 0.0835448373643374 0.545125256238131 0.18005119843177475 0.5535684688154406
2 0.7641894468750001 0.814848721875 0.636552 0.8036818921875 0.6253851704481626 0.9313193375118688 0.7530226173231627 0.942486167199369
0 0.3063106078774821 0.8673291555072531 0.2113608015625001 0.8590221234375001 0.20114723736433743 0.9757636906131311 0.29609704367931944 0.984070722682884
0 0.12106019375643502 0.7617191405514488 0.010544843750000088 0.7520503 -0.0033456031314347935 0.9108188297610511 0.10716974687500014 0.9204876703125
2 0.1915080297520944 0.26126720238668344 0.15103762031250006 0.2577265 0.14504566236433739 0.326214885925631 0.18551607180393176 0.32975558831231444
2 0.20960244224637853 0.2157962040145159 0.17068858750000002 0.2123916828125 0.1648328108786215 0.2793235147354841 0.203746665625 0.28272803593750007
0 0.25619040937500015 0.9382306937499998 0.19859790266766816 0.9331920030849885 0.19492102031250008 0.9752189671875 0.25251352701983204 0.9802576578525113
2 0.8096999593750003 0.8862745218750003 0.7396550187500002 0.8801463828125003 0.7362504970290142 0.9190602389392735 0.8062954376540142 0.9251883780017736
1 0.48112660312500016 0.4826641062500001 0.17137231399570838 0.45556411795093316 0.14713212337070836 0.7326307695134331 0.4568864125000001 0.7597307578125001
2 0.06722359843750011 0.82131625625 0.029866296875000108 0.818047915625 0.024827605103420736 0.8756404219113882 0.06218490666592075 0.8789087625363884
0 0.5931646406250001 0.9410481546874999 0.5775990983431021 0.9396863463914749 0.5755563858431021 0.9630346604539749 0.5911219281250001 0.9643964687500001
2 0.9812109234703659 0.7365905933743422 0.9500798390625003 0.7338669765625001 0.9386406484046343 0.8646175316256581 0.9697717328125 0.8673411484375
2 0.5722485312813769 0.9470605746413616 0.5271084593750001 0.9431113296875001 0.5223421291478686 0.9975907280777884 0.5674822010542454 1.0015399730316499
0 0.39050071719341206 0.8731263671199251 0.33913442812500005 0.8686323984375 0.33409573593158803 0.926224904755075 0.38546202500000004 0.9307188734375001
0 0.03467214062500009 0.8168999046875 0.0128803813237659 0.814993372594353 0.009067317187500113 0.8585768906249998 0.030859076488734306 0.8604834227181467
2 0.9647330407063975 0.9249336537571216 0.9553937156250003 0.9241165687500003 0.9533510029893378 0.9474648828006311 0.9626903280707351 0.9482819678077524
0 0.1015468187678927 0.9309750076079869 0.06885917968750015 0.928115209375 0.06613556236433746 0.9592462937381312 0.09882320144473003 0.962106091971118
2 0.8722930546875002 0.9058669234375001 0.8209267651979898 0.9013729562126416 0.8177946062500002 0.9371737031249999 0.8691608957395106 0.9416676703498584
0 0.05765142500000011 0.8769436656250003 0.029633448464762235 0.8744924106258924 0.026092746875000093 0.9149628203125 0.05411072341023797 0.9174140753116078
0 0.721482990625 0.9444322125000001 0.6950215688775069 0.942117137605089 0.6921617703124999 0.9748047781249998 0.718623192059993 0.977119853019911
2 0.9716782643367552 0.8455493890864944 0.8051269627861242 0.8309780389508317 0.7953219421875001 0.9430499421875002 0.961873243738131 0.9576212923231628
2 0.21571576410614215 0.5582571823136689 0.15501015000000007 0.5529461296875 0.14779256558135803 0.6354435036238313 0.20849817968750012 0.6407545562500002
0 0.8296818531823492 0.8550848712194998 0.7985507687500001 0.8523612546875002 0.7955547904893375 0.8866054484256312 0.8266858749216865 0.8893290649576308
0 0.3865909859375002 0.9715978249999999 0.3647992254161457 0.9696912936497071 0.3630288750000001 0.9899264984375004 0.3848206355213546 0.9918330297877931
2 0.17627623750000007 0.52500576875 0.15292792343750006 0.52296305625 0.14843395595513736 0.5743293469859039 0.17178227001763738 0.5763720594859039
0 0.750862775 0.9313179265624999 0.7244013531250001 0.9290028515625 0.7218139162867764 0.9585773827336969 0.7482753381617762 0.9608924577336968
4 0.18415708605813225 0.5962763361211678 0.13901701406250008 0.5923270921875 0.13302505767683745 0.660815478113131 0.17816512967246964 0.6647647220467989
2 0.7035438086043844 0.9522735485067809 0.6926479287930907 0.9513202827342495 0.6908775780012064 0.9715554889149687 0.7017734578125001 0.9725087546875002
0 0.45922336093750005 0.9481514328125001 0.43743160316341445 0.9462449011234225 0.4342994437500002 0.9820456484375002 0.45609120152408583 0.9839521801265778
2 0.6320784953125 0.9444526765625 0.6056170734375 0.9421376015625 0.6033019984375001 0.9685990234375002 0.6297634203125001 0.9709140984375001
0 0.22167385468750012 0.9383478234375001 0.20610831239184724 0.9369860152986937 0.20365705770434722 0.9650039918611938 0.2192226000000001 0.9663658000000002