0 0.32449396250000007 4.4408920985006264e-17 0.11923997815682437 -0.03250903770093072 0.09443315156250001 0.12411509999999999 0.29968713590567575 0.15662413770093075
2 0.8313939546875002 0.21552659687500011 0.5057654548194257 0.1639521085420538 0.4209486421875 0.6994643812500001 0.7465771420555743 0.7510388695829465
0 0.4949338953125001 0.22235167500000003 0.14924297661855038 0.16759961214611213 0.09253548281249999 0.5256366359375 0.43822640150644976 0.5803886987913879
0 0.3964528921875 0.62439568125 0.11249249375000007 0.579420771875 0.06971744408334968 0.8494918029303218 0.3536778425208496 0.8944667123053218
0 0.5705009171895706 0.004933685924426523 0.32666535751035186 -0.03368607246462728 0.2792461606332813 0.2657069556734462 0.5230817203125 0.3043267140625
0 0.22318058125000012 0.13026889843750006 0.056508173465497816 0.10387058210489622 -0.0177981985320781 0.5730225453788099 0.14887420925242417 0.5994208617114138
0 0.13613519069835728 0.7397811057868409 6.661338147750939e-17 0.7182194109375 -0.025665028198357122 0.8802620301506592 0.11047016250000008 0.9018237250000001
0 1.0327534644581697 0.23318101854220444 0.9570548548381985 0.2211915372763927 0.9243013903800286 0.42798878435918847 1 0.4399782656250002
0 0.35513919687500006 0.21603013750000005 0.19001005156250003 0.18987625000000002 0.1523680079686379 0.4275387575897541 0.31749715328113787 0.4536926450897541
2 0.8097504140625 0.9714474406250002 0.7788851527187267 0.9665588633588404 0.7735885968750003 1.0000000000000002 0.8044538582187736 1.00488857726616
2 0.9337815734374999 0.6478030890625002 0.9060028391994761 0.643403369447667 0.9003809749999998 0.6788984203125 0.9281597092380236 0.6832981399273333
2 0.9053269891032475 0.5278120231802308 0.8806347796875003 0.5239011609375002 0.8750129154218177 0.5593962106578434 0.8997051248375652 0.5633070729005741
4 0.9564511265625002 0.4647203359375001 0.9271291280940854 0.4600761876951879 0.9197962624690854 0.5063740798826878 0.9491182609375002 0.5110182281250001
4 0.4352323359375001 5.551115123125783e-17 0.3673287620176603 -0.010754870215882183 0.35521099149047275 0.06575371707710179 0.42311456541031245 0.07650858729298401
2 0.9087826063184881 0.6058761995675835 0.8871769234375 0.6024541953125002 0.881555059306512 0.6379492457449167 0.9031607421875002 0.6413712500000001
4 0.5375891770005851 0.032942489131885896 0.48666149578882223 0.024876337327966392 0.47688434218750003 0.08660685937500005 0.5278120233992628 0.09467301117891956
4 0.5727487484857839 0.06065889344514743 0.5403402249999999 0.05552588750000005 0.5330073593267162 0.10182377842985271 0.5654158828125001 0.10695678437500009
0 0.5022576203125454 0.8752860640625073 0.41583488987850714 0.8615980483192672 0.39554729530867677 0.9896888797116397 0.4819700257427151 1.0033768954548798
4 0.48959464374999995 0.0063571812500000545 0.4386669619684064 -0.0017089712983664241 0.4266899479059063 0.07391091776413357 0.4776176296874999 0.08197707031250005
4 0.9672011016403049 0.2370363354462599 0.9270762625 0.23068118437500013 0.9194989669460802 0.278522339024263 0.9596238060863852 0.2848774900955228
2 0.6198853344715677 0.012755408765294874 0.5550682874999999 0.0024893968750000607 0.5404025561534322 0.09508517873470523 0.6052196031249999 0.10535119062500005
4 0.28652652031250003 3.3306690738754695e-17 0.2355988409987709 -0.008066153922395547 0.23103102187500008 0.02077391406250003 0.2819587011887292 0.028840067984895613
0 0.6762723579024902 0.6655507759943247 0.5744169982440268 0.6494184718443569 0.5188903390625 1.0000000000000002 0.6207456987209634 1.016132304149968
0 0.9887398828125002 0.5505151875000002 0.9208363095211078 0.5397603178275132 0.9051928625000001 0.6385291531250001 0.9730964357913925 0.6492840227974872
4 0.9044641468750001 0.2935428015625001 0.8473634141804641 0.284498933630203 0.8307422515624999 0.3894408203125001 0.8878429842570359 0.3984846882447972
0 0.9665879072270986 0.6704008470297573 0.8878814916403355 0.6579349749133379 0.8719936156250002 0.7582470718750001 0.9507000312117633 0.7707129439914195
4 0.9060123042348442 0.45356765798828214 0.8890364105230812 0.45087894055936256 0.883414546875 0.4863739906250001 0.900390440586763 0.4890627080539196
2 0.9055668485099613 0.875884899542498 0.8608122203124999 0.8687964625 0.8483463481960805 0.947502878086763 0.8931009763935418 0.9545913151292611
4 0.7442669796874999 0.65575436875 0.6208059375000001 0.6362000609375001 0.5631856885299351 0.99999999991565 0.686646730717435 1.0195543077281501
0 0.7105785515624999 0.269162246875 0.6087231904737289 0.25302994314258753 0.593324173286229 0.35025551501758756 0.695179534375 0.36638781875000004
0 0.6751601921875 0.2730443906250001 0.6473814576409146 0.2686446713958489 0.6405374498284145 0.3118560370208489 0.668316184375 0.31625575625000013
2 0.51591315 6.661338147750939e-17 0.48041810004906865 -0.005621864372307517 0.47732522812499995 0.013905757812500053 0.5128202780759313 0.019527622184807636
0 0.3925189625 4.4408920985006264e-17 0.2937501280691966 -0.015643446522671328 0.28341091556919656 0.049635772227328664 0.38217975000000004 0.06527921875000005
2 0.9245360297815104 0.10688466346894339 0.9044736106960807 0.10370708902426302 0.9000738918520705 0.13148582555531974 0.9201363109375003 0.1346634000000001
0 0.7466055370416682 0.18153173298738318 0.595365759196325 0.15757770465920076 0.5814333140625001 0.24554369843750012 0.7326730919078434 0.2694977267656825
0 0.9064146828125003 0.12141626875000014 0.8740061595703332 0.11628326282921372 0.8583627124999996 0.2150520984375001 0.8907712357421665 0.22018510435828648
2 0.8792351090107658 0.22310389081478674 0.8560861621740029 0.21943745776086726 0.846797865625 0.27808145312500004 0.869946812461763 0.2817478861789195
2 0.794964266181031 0.12591193290056676 0.7548394271567681 0.11955678265914722 0.746773275 0.1704844625000001 0.786898114024263 0.17683961274141966
0 0.9959193687499999 0.4852092828125002 0.9557945297673067 0.47885413230862073 0.946995090625 0.5344116015625 0.9871199296076932 0.5407667520663796
0 0.8865301156451182 0.9361488483104783 0.8541215921875001 0.9310158421875 0.8453221531048818 0.9865733110645218 0.8777306765624999 0.9917063171874998
2 0.7796758750000002 0.8417079375000002 0.7410943001172494 0.8355972164472163 0.731561575 0.8957844750000004 0.7701431498827508 0.901895196052784
2 0.5666811048132646 0.009074616393453494 0.5311860546875 0.003452753125000063 0.5236087606960804 0.051293907774262945 0.5591038108218451 0.05691577104271639
0 0.7637064156345662 0.7727355999396017 0.691173053038607 0.7612474437363168 0.6533583625000002 1 0.7258917250959596 1.011488156203285
2 0.7808591890625001 0.06514476718750009 0.7577102421874999 0.061478334375000075 0.7523328075609285 0.09543012208263076 0.7754817544359286 0.09909655489513076
2 0.6214285974443386 0.012999837590174456 0.6044527037325759 0.010311120161254928 0.6005418421875002 0.035003328125000066 0.617517735899263 0.0376920455539196
0 0.9206636775623027 0.39102716134332915 0.8990579937500002 0.38760515625000014 0.8949027020869605 0.41384062796059073 0.9165083858992631 0.4172626330539197