2 0.3031250000000001 0.8015625 0.23593750000000008 0.8015625 0.23593750000000008 0.990625 0.3031250000000001 0.990625
0 0.8421875 0.5718750000000001 0.71875 0.571875 0.7187500000000001 0.875 0.8421875 0.875
4 0.19531250000000006 0.475 0.13750000000000004 0.475 0.13750000000000007 0.590625 0.19531250000000008 0.590625
4 0.12031250000000007 0.4140625 0.01250000000000005 0.4140625 0.012500000000000063 0.6546875 0.12031250000000009 0.6546875
4 0.12500000000000008 0.665625 0.08125000000000009 0.665625 0.08125000000000009 0.734375 0.12500000000000008 0.734375
4 0.4125 0.27812500000000007 0.384375 0.27812500000000007 0.384375 0.3625000000000001 0.4125 0.3625000000000001
4 0.425 0.3890625000000001 0.3781250000000001 0.3890625000000001 0.3781250000000001 0.453125 0.425 0.453125
2 0.38750000000000007 0.478125 0.32500000000000007 0.478125 0.32500000000000007 0.571875 0.38750000000000007 0.571875
2 0.2906250000000001 0.546875 0.2328125000000001 0.546875 0.2328125000000001 0.6203125 0.2906250000000001 0.6203125
2 0.1750000000000001 0.6484375 0.15000000000000008 0.6484375 0.15000000000000008 0.6921875 0.1750000000000001 0.6921875
2 0.3578125000000001 0.6625 0.30156250000000007 0.6625 0.30156250000000007 0.75 0.3578125000000001 0.75
4 0.5125 0.503125 0.4875 0.503125 0.4875 0.55625 0.5125 0.55625
4 0.5609375 0.4609375 0.5234375 0.4609375 0.5234375 0.521875 0.5609375 0.521875
0 0.55625 0.2562500000000001 0.509375 0.2562500000000001 0.509375 0.3593750000000001 0.55625 0.3593750000000001
0 0.5203125 0.16718750000000004 0.4671875 0.16718750000000004 0.4671875 0.2453125000000001 0.5203125 0.2453125000000001
0 0.778125 0.1531250000000001 0.703125 0.1531250000000001 0.703125 0.2968750000000001 0.778125 0.2968750000000001
0 0.6890625 0.07812500000000008 0.5921875 0.07812500000000007 0.5921875 0.20468750000000008 0.6890625 0.20468750000000008
0 0.93125 0.1250000000000001 0.8875 0.12500000000000008 0.8875 0.20312500000000008 0.93125 0.20312500000000008
0 0.971875 0.8203125 0.8484375 0.8203125 0.8484375 1 0.971875 1
0 0.6046875000000002 0.7859375 0.5343750000000002 0.7859375 0.5343750000000002 0.8921875 0.6046875000000002 0.8921875
0 0.48125000000000007 0.6703125 0.415625 0.6703125 0.4156250000000001 0.7546875 0.4812500000000002 0.7546875
0 0.865625 0.3000000000000001 0.765625 0.3000000000000001 0.765625 0.42500000000000016 0.865625 0.42500000000000016
4 0.18125000000000002 0.1765625 0.121875 0.1765625 0.12187500000000002 0.2953125 0.18125000000000005 0.2953125
4 0.4078125 0.01562500000000005 0.35625 0.015625000000000045 0.35625 0.11562500000000005 0.4078125 0.11562500000000005
2 0.2406250000000001 0.7234375 0.1750000000000001 0.7234375 0.1750000000000001 0.7859375 0.2406250000000001 0.7859375
2 0.20468750000000008 0.8 0.17187500000000008 0.8 0.1718750000000001 1 0.20468750000000008 1
2 0.3593750000000001 0.7671875 0.32500000000000007 0.7671875 0.32500000000000007 1 0.3593750000000001 1
2 0.2968750000000001 0.6984375 0.2406250000000001 0.6984375 0.2406250000000001 0.7890625 0.2968750000000001 0.7890625
2 0.24218750000000006 0.284375 0.19843750000000004 0.284375 0.19843750000000004 0.403125 0.24218750000000008 0.403125
0 0.8734375 0.11562500000000009 0.809375 0.11562500000000009 0.809375 0.2531250000000001 0.8734375 0.2531250000000001
0 0.9703125 0.34843750000000007 0.8796875 0.34843750000000007 0.8796875 0.5015625000000001 0.9703125 0.5015625000000001
0 0.3593750000000001 0.6765625 0.3359375000000001 0.6765625 0.3359375000000001 0.9953125 0.3593750000000001 0.9953125
2 0.5140625 0.5015625 0.4921875 0.5015625 0.4921875 0.5421875 0.5140625 0.5421875
0 0.4140625 0.010937500000000046 0.3390625 0.010937500000000041 0.3390625 0.22031250000000005 0.4140625 0.22031250000000008
0 0.878125 0.0875000000000001 0.809375 0.08750000000000009 0.809375 0.2062500000000001 0.878125 0.2062500000000001
4 0.6875 0.10781250000000009 0.65 0.10781250000000009 0.65 0.1531250000000001 0.6875 0.1531250000000001
4 0.9046875 0.050000000000000114 0.8796875 0.050000000000000114 0.8796875 0.09218750000000012 0.9046875 0.09218750000000012
4 0.9796875 0.3859375000000001 0.9578125 0.3859375000000001 0.9578125 0.4203125000000002 0.9796875 0.4203125000000002
2 0.5781250000000002 0.784375 0.5484375000000001 0.784375 0.5484375000000001 0.828125 0.5781250000000002 0.828125
4 0.65625 0.05937500000000008 0.621875 0.05937500000000007 0.621875 0.10000000000000009 0.65625 0.10000000000000009
4 0.86875 0.1859375000000001 0.846875 0.1859375000000001 0.846875 0.2250000000000001 0.86875 0.2250000000000001
2 0.8328125 0.0359375000000001 0.7890625 0.0359375000000001 0.7890625 0.0796875000000001 0.8328125 0.0796875000000001
4 0.959375 0.4828125000000002 0.934375 0.4828125000000002 0.934375 0.5156250000000002 0.959375 0.5156250000000002
2 0.4390625 0.6453125 0.4171875 0.6453125 0.4171875 0.675 0.4390625 0.675
4 0.8265625 0.7406250000000002 0.7843750000000002 0.7406250000000002 0.7843750000000002 0.7953125000000002 0.8265625 0.7953125000000002
4 0.940625 0.7953125000000002 0.9 0.7953125000000002 0.9 0.8515625 0.940625 0.8515625
4 0.8171875 0.8328125 0.7796875000000002 0.8328125 0.7796875000000002 0.8875 0.8171875 0.8875
4 0.771875 0.6750000000000002 0.746875 0.6750000000000002 0.746875 0.7156250000000002 0.771875 0.7156250000000002
4 0.8609375 0.31718750000000007 0.8234375 0.31718750000000007 0.8234375 0.36406250000000007 0.8609375 0.36406250000000007
4 0.834375 0.3437500000000001 0.8125 0.3437500000000001 0.8125 0.3812500000000001 0.834375 0.3812500000000001
4 0.90625 0.6062500000000002 0.8859375 0.6062500000000002 0.8859375 0.6500000000000001 0.90625 0.6500000000000001
2 0.4625 0.2296875000000001 0.428125 0.2296875000000001 0.428125 0.2718750000000001 0.4625 0.2718750000000001
2 0.815625 0.6203125000000002 0.76875 0.6203125000000002 0.76875 0.6765625000000002 0.815625 0.6765625000000002
2 0.5468750000000002 0.765625 0.5218750000000002 0.765625 0.5218750000000002 0.7984375 0.5468750000000002 0.7984375
4 0.8453125 0.0921875000000001 0.8109375 0.09218750000000009 0.8109375 0.1312500000000001 0.8453125 0.1312500000000001
2 0.4625 0.17968750000000006 0.428125 0.17968750000000006 0.428125 0.2234375000000001 0.4625 0.2234375000000001
4 0.628125 0.057812500000000065 0.5875 0.057812500000000065 0.5875 0.12343750000000009 0.628125 0.12343750000000009
4 0.9953125 0.7703125000000002 0.9578125 0.7703125000000002 0.9578125 0.8265625 0.9953125 0.8265625
4 0.95625 0.3500000000000001 0.928125 0.3500000000000001 0.928125 0.4046875000000002 0.95625 0.4046875000000002
2 0.4859375 0.2328125000000001 0.4578125 0.2328125000000001 0.4578125 0.2765625000000001 0.4859375 0.2765625000000001
4 0.6890625000000001 0.903125 0.6578125000000001 0.903125 0.6578125000000001 0.94375 0.6890625000000001 0.94375
4 0.9859375 0.8296875 0.9296875 0.8296875 0.9296875 0.8953125 0.9859375 0.8953125
4 0.7625 0.0031250000000000904 0.7140625 0.0031250000000000873 0.7140625 0.04687500000000009 0.7625 0.04687500000000009
4 0.321875 0.334375 0.296875 0.334375 0.29687500000000006 0.39375 0.3218750000000001 0.39375
2 0.6765625 0.14218750000000008 0.6453125 0.14218750000000008 0.6453125 0.18906250000000008 0.6765625 0.18906250000000008
2 0.44062500000000016 0.91875 0.42187500000000017 0.91875 0.42187500000000017 0.953125 0.44062500000000016 0.953125
2 0.6859375 0.490625 0.6453125 0.490625 0.6453125 0.559375 0.6859375 0.559375
4 0.1281250000000001 0.7390625 0.0031250000000000904 0.7390625 0.003125000000000106 0.9984375 0.12812500000000013 0.9984375
2 0.5968750000000002 0.8203125 0.5750000000000002 0.8203125 0.5750000000000002 0.859375 0.5968750000000002 0.859375
2 0.5875 0.3296875000000001 0.5625 0.3296875000000001 0.5625 0.3765625000000001 0.5875 0.3765625000000001
4 0.2390625000000001 0.5671875 0.2062500000000001 0.5671875 0.2062500000000001 0.6234375 0.2390625000000001 0.6234375
2 0.6078125000000002 0.8375 0.5609375000000002 0.8375 0.5609375000000002 0.9 0.6078125000000002 0.9
4 0.20937500000000003 0.2859375 0.11875000000000005 0.2859375 0.11875000000000005 0.4296875 0.2093750000000001 0.4296875
4 0.63125 0.521875 0.6078125 0.521875 0.6078125 0.5703125 0.63125 0.5703125
2 0.6531250000000002 0.815625 0.6328125000000002 0.815625 0.6328125000000002 0.85 0.6531250000000002 0.85
0 0.996875 0.7734375000000002 0.86875 0.7734375000000002 0.86875 0.9265625 0.996875 0.9265625
2 0.6125 0.27812500000000007 0.5875 0.27812500000000007 0.5875 0.3187500000000001 0.6125 0.3187500000000001
2 0.5421875 0.7203125 0.5109375 0.7203125 0.5109375 0.771875 0.5421875000000002 0.771875
2 0.29375000000000007 0.8453125 0.2687500000000001 0.8453125 0.2687500000000001 0.9296875 0.29375000000000007 0.9296875
4 0.690625 0.20312500000000008 0.6734375 0.20312500000000008 0.6734375 0.22812500000000008 0.690625 0.22812500000000008
0 0.2968750000000001 0.8484375 0.2812500000000001 0.8484375 0.2812500000000001 0.9859375 0.2968750000000001 0.9859375
0 0.484375 0.453125 0.403125 0.453125 0.403125 0.5953125 0.484375 0.5953125
2 0.490625 0.001562500000000058 0.453125 0.0015625000000000556 0.453125 0.054687500000000056 0.490625 0.05468750000000007
2 0.8390625 0.1140625000000001 0.8140625 0.1140625000000001 0.8140625 0.1515625000000001 0.8390625 0.1515625000000001
0 0.3656250000000001 0.9296875 0.3437500000000001 0.9296875 0.3437500000000001 0.978125 0.3656250000000001 0.978125
0 0.40625000000000017 0.7421875 0.3906250000000001 0.7421875 0.3906250000000001 0.8984375 0.40625000000000017 0.8984375
2 0.89375 0.09843750000000011 0.8703125 0.09843750000000011 0.8703125 0.14218750000000008 0.89375 0.14218750000000008
0 0.1500000000000001 0.64375 0.13437500000000008 0.64375 0.1343750000000001 0.9984375 0.15000000000000013 0.9984375
0 0.6765625 0.3312500000000001 0.628125 0.3312500000000001 0.628125 0.4078125 0.6765625 0.4078125
4 0.528125 0.5265625 0.4609375 0.5265625 0.4609375 0.6078125 0.528125 0.6078125
0 0.2000000000000001 0.7796875 0.1921875000000001 0.7796875 0.19218750000000012 0.9171875 0.2000000000000001 0.9171875
0 0.2734375000000001 0.8234375 0.2640625000000001 0.8234375 0.2640625000000001 0.8546875 0.2734375000000001 0.8546875
2 0.4156250000000002 0.9375 0.3859375000000001 0.9375 0.3859375000000001 0.996875 0.4156250000000002 0.996875
4 0.10468750000000002 0.1625 0.00156250000000002 0.1625 0.0015625000000000356 0.41875 0.10468750000000004 0.41875
0 0.3546875 0.017187500000000043 0.3296875 0.01718750000000004 0.3296875 0.13281250000000006 0.3546875 0.13281250000000006
0 0.1765625 0.1546875 0.1515625 0.1546875 0.15156250000000002 0.1859375 0.17656250000000004 0.1859375
0 0.2812500000000001 0.4828125 0.2750000000000001 0.4828125 0.2750000000000001 0.5703125 0.2812500000000001 0.5703125
0 0.34218750000000003 0.2015625 0.3125 0.2015625 0.31250000000000006 0.3734375 0.3421875000000001 0.3734375
0 0.1750000000000001 0.6546875 0.16562500000000008 0.6546875 0.16562500000000008 0.6890625 0.1750000000000001 0.6890625
0 0.18125000000000008 0.621875 0.16406250000000008 0.621875 0.16406250000000008 0.6421875 0.18125000000000008 0.6421875
0 0.2750000000000001 0.5609375 0.2578125000000001 0.5609375 0.2578125000000001 0.5890625 0.2750000000000001 0.5890625
0 0.24375 0.014062500000000028 0.2265625 0.014062500000000028 0.2265625 0.16093750000000004 0.24375 0.16093750000000004
0 0.22187500000000004 0.3203125 0.18593750000000003 0.3203125 0.18593750000000003 0.5234375 0.2218750000000001 0.5234375
4 0.07343750000000009 0.6421875 0.0015625000000000784 0.6421875 0.0015625000000000864 0.7703125 0.07343750000000009 0.7703125
4 0.8390625 0.24375000000000008 0.7359375 0.24375000000000008 0.7359375 0.3046875000000001 0.8390625 0.3046875000000001
0 0.2640625000000001 0.6984375 0.25468750000000007 0.6984375 0.25468750000000007 0.709375 0.2640625000000001 0.709375
4 0.3203125 0.19062500000000004 0.2796875 0.19062500000000004 0.2796875 0.284375 0.3203125 0.284375
4 0.2984375 0.0046875000000000345 0.2671875 0.004687500000000034 0.2671875 0.2515625 0.2984375 0.2515625
0 0.22031250000000008 0.759375 0.2140625000000001 0.759375 0.2140625000000001 0.784375 0.22031250000000008 0.784375
0 0.29375000000000007 0.6984375 0.2765625000000001 0.6984375 0.2765625000000001 0.7640625 0.29375000000000007 0.7640625
0 0.7 0.34062500000000007 0.653125 0.34062500000000007 0.653125 0.425 0.7 0.425
0 0.178125 0.15625 0.171875 0.15625 0.171875 0.18125 0.178125 0.18125
0 0.3687500000000001 0.5 0.3593750000000001 0.5 0.3593750000000001 0.5484375 0.3687500000000001 0.5484375
0 0.2734375000000001 0.5203125 0.2671875000000001 0.5203125 0.2671875000000001 0.546875 0.2734375000000001 0.546875
0 0.2875000000000001 0.85 0.27031250000000007 0.85 0.27031250000000007 0.88125 0.2875000000000001 0.88125