0 0.4580809571910033 0.23691820325724935 0.33739203534626755 0.2199564811669077 0.3086875828125001 0.4241992703125 0.4293765046572357 0.4411609924028417
0 0.3757480688953326 0.6655687770909064 0.1591269281250001 0.6351246609375 0.12911772790965834 0.848651214032236 0.3457388686799908 0.8790953301856422
0 0.7378900965754079 0.7495994876774901 0.5321000124850706 0.7206775765604018 0.49284380468750016 1 0.6986338887778375 1.0289219111170884
4 1.044143967441455 0.08260565027483777 0.6779222078125 0.03113653906250006 0.6337782403380864 0.345237192147177 0.9999999999670413 0.39670630335951473
4 0.9653674642320178 0.50071105191882 0.5708075299331061 0.4452592701274227 0.5092669250000001 0.8831434328125001 0.9038268592989116 0.9385952146038974
4 0.7203766047374635 0.04341453714449269 0.18656022341272682 -0.03160846234515684 0.06956783586276342 0.8008356333228506 0.6033842171875001 0.8758586328125
4 0.2588563703125002 0.3745938484375001 0.017478528235426644 0.34067040463009335 -0.05450006086861113 0.8528246721131495 0.18687778120846243 0.8867481159205562
4 0.9279228515625 0.8457324953124999 0.7731934671875 0.8239866984375 0.7484564108217481 0.9999999999837321 0.9031857951967481 1.0217457968587318
4 0.2515435890625 3.8857805861880476e-17 0.11073984804407133 -0.01978867476144933 0.10318197148157134 0.03398841273855066 0.2439857125 0.05377708750000003
4 0.05705570947731795 0.6428694648969706 7.771561172376095e-17 0.6348508078124999 -0.012830020414817789 0.7261411460405295 0.04422568906250009 0.7341598031250001
0 0.3923168 0.17718427500000006 0.31185751880920926 0.165876460516204 0.2922863015625 0.3051329078125 0.3727455827532908 0.31644072229629605
2 0.6237418359375001 0.012476995312500072 0.3204722388024994 -0.030144767151726364 0.2906804968650338 0.18183449069591368 0.5939500940000344 0.22445625316014012
4 0.19979165312500005 0.05387743906250002 0.07446085003458565 0.036263343503910334 0.03966757499999999 0.2838303609375 0.16499837809041437 0.30144445649608975
2 0.09190749531250009 0.51838340625 0.039299504483350754 0.5109898358275979 0.025164737295850746 0.6115639373900981 0.07777272812500008 0.6189575078125
2 0.3335920796875001 4.4408920985006264e-17 0.2237342152173512 -0.015439515767934559 0.20849830583054793 0.09296961400354987 0.31835617030069685 0.10840912977148447
2 0.3982841578125 5.551115123125783e-17 0.3147302890575059 -0.011742729651964944 0.3006333874950059 0.08856194378553506 0.38418725625 0.10030467343750007
4 0.7563992796874999 0.04532148281250008 0.6976021124999999 0.03705807968750008 0.685424465876958 0.12370653597291045 0.744221633064458 0.13196993909791047
4 1.0022266327852676 0.09249310939061928 0.8010784310780563 0.064223573413335 0.7858563734375001 0.17253414218750013 0.9870045751447114 0.20080367816478445
4 0.44822850166880224 0.08248153830611947 0.373958396875 0.07204355625000004 0.3578665077061976 0.18654330231888064 0.4321366124999999 0.19698128437500007
2 0.8517376359375002 0.18652671718750014 0.8192444639098676 0.18196009997854903 0.8122858093447357 0.23147350334034175 0.8447789813723683 0.23604012054929288
2 0.3663724563293404 0.137247355685464 0.34006846093749993 0.13355057031250003 0.3333272638471583 0.18151668121973574 0.35963125923899875 0.18521346659269972
2 0.6721679484374998 0.027172118750000085 0.6334856016403533 0.02173566975854526 0.624134909375 0.0882693062500001 0.6628172561721466 0.09370575524145491
4 0.07939537031250007 0.3604172390625 0.015956321932197058 0.35150146209302213 -0.0029625218178029543 0.4861160277180222 0.06047652656250006 0.4950318046875001
2 0.4428088068723602 0.031228471962467075 0.41031563502762447 0.026661854559625376 0.40509664375 0.06379690781250005 0.43758981559473564 0.06836352521534175
4 0.9294117203125 0.43096572343750006 0.864425378207288 0.4218324884769903 0.8268051484375001 0.6895143265625002 0.891791490542712 0.6986475615230101
1 0.7311072249999999 0.29264595312500014 0.6939721716843353 0.28742696229414993 0.6841865638718353 0.35705518729414987 0.7213216171875 0.362274178125
1 0.9850807921875002 0.6186650375000002 0.947945739217276 0.6134460457737141 0.934463343904776 0.709378266086214 0.9715983968750003 0.7145972578125
2 0.5276683156249999 7.771561172376095e-17 0.4456617403737811 -0.011525270087485395 0.4403665919362811 0.0261516767875146 0.5223731671875 0.037676946875000075
2 0.368053609375 0.0017880468750000379 0.3525806703629632 -0.00038653317156460697 0.348883884375 0.025917462500000037 0.3643568233870368 0.028092042546564683
2 0.6555826328125 0.021685493750000083 0.6385624000246659 0.019293456074492843 0.6339957828125 0.051786626562500084 0.6510160156003341 0.054178664238007324
2 0.06481726718750011 0.6550052703125002 0.058628092054415035 0.6541354384469497 0.05667097017941504 0.6680610837594496 0.06286014531250012 0.6689309156250001
2 0.4563497109375 0.05837721093750007 0.43623489064914056 0.055550257640731314 0.4312333578125001 0.09113801718750007 0.45134817810085953 0.09396497048426881