0 0.1836597968750001 0.38978151718750004 0.07331648912578591 0.37230485428792875 0.039585307812500026 0.5852751531250001 0.14992861556171422 0.6027518160245713
2 0.4549095703125 0.0056095359375000434 0.34996768431444975 -0.011011626862495094 0.3350575234375 0.08312741875000004 0.43999940943555027 0.09974858154999519
2 0.5113873187500001 0.12845705937500004 0.42496458750000005 0.11476904375000005 0.4099322134132719 0.2096797204571482 0.49635494466327196 0.22336773608214816
4 1.0458304096312472 0.08021848158713867 0.5936498625 0.008600118750000075 0.5478194528229329 0.29796193745215743 0.9999999999541803 0.369580300289296
0 0.67852932982016 0.02204370384991693 0.5728158112171566 0.005300327921817638 0.5547280765625 0.11950179375000007 0.6604415951655034 0.13624516967809935
1 0.8628009390625001 0.4467236500000002 0.7447413170427709 0.42802484310128286 0.717854143605271 0.5977837774762829 0.8359137656250002 0.6164825843750001
4 0.5472276343750002 0.4315452375000001 0.017888414184409507 0.347706141417794 -0.07193918894059048 0.9148553070427938 0.45740003125000017 0.9986944031250001
4 0.8456191235915694 0.7050284834022446 0.6187594578125 0.6690974421875 0.5663496413851148 0.9999999998729147 0.7932093071641841 1.0359310410876592
4 1.004599039138519 0.5103136596746299 0.8842245234374999 0.491248209375 0.8036461558218237 0.9999999999321837 0.9240206715228426 1.0190654502318135
4 1.0288426057986864 0.0775278780409622 0.8976726796875003 0.056752601562500136 0.8688300736875716 0.23885763885463188 0.9999999997987576 0.25963291533309396
4 0.31013524540117143 0.050704535377651606 0.14191957500000002 0.02406179062500002 0.08350107944608041 0.392901656211763 0.2517167498472518 0.41954440096441453
2 0.13437099843750014 0.011792376562500033 0.07264047691095184 0.002015222528293775 -0.019509199651548226 0.5838253865907937 0.042221321875000065 0.593602540625
4 0.6982086251427242 0.4870978127700809 0.4597744857629015 0.44933355465984626 0.3776463906250001 0.9678699343749999 0.6160805300048228 1.0056341924852348
4 0.5855504218750001 0.4692545062500001 0.4682624313080579 0.45067791369593724 0.4366088953125001 0.6505304765625 0.5538968858794423 0.6691070691165628
4 1.0140837933677729 0.38051182561648045 0.916858221875 0.36511280781250016 0.8893599758450957 0.538729899456831 0.9865855473378685 0.5541289172608114
2 0.4162486140625 5.551115123125783e-17 0.24494641871130224 -0.027131606472692443 0.2398927913910826 0.004775735811359904 0.4111949867422804 0.031907342284052405
2 0.355474675 0.19393559687500003 0.3060902578531365 0.1861138731809313 0.2963131031249999 0.24784439531250002 0.34569752027186346 0.2556661190065687
4 0.9045170125000002 0.5229378046875002 0.8234957032431147 0.5101052898792529 0.79990831875 0.6590301734375001 0.8809296280068855 0.6718626882457475
2 0.44010481895318254 0.04914201902965669 0.32436009062500004 0.030809854687500037 0.3060279263210805 0.14655458277426298 0.42177265464926295 0.16488674711641962
0 0.8686718016942685 0.06006919760554567 0.7876504921874999 0.0472366828125001 0.7671184685085802 0.17687077808676294 0.8481397780153488 0.18970329287980853
0 1.0235873842654732 0.17319611371750124 0.9568391451523481 0.1626242312246346 0.933251760886875 0.3115491143821335 1.0000000000000002 0.3221209968750002
2 0.8131962408650917 0.7299507609841214 0.7792444534046568 0.7245733263593175 0.7691006562500001 0.7886187437500001 0.803052443710435 0.793996178374804
0 0.9946538227582584 0.07369488295239451 0.9553006149839958 0.06746194677347497 0.9483343921875003 0.11144494375000011 0.9876875999617629 0.11767787992891965
2 0.7858009563707099 0.7730710773628686 0.7541640640624998 0.7680602859375 0.74414248112929 0.8313340710746313 0.7757793734375001 0.8363448625000001
0 0.88224005 0.054308314062500106 0.832084001606578 0.046364376284200856 0.8215735609374997 0.11272468593750004 0.8717296093309217 0.1206686237157993
2 0.33629402801300345 0.04535581897973722 0.2699337171137406 0.034845378113317685 0.26480071093749996 0.06725390312500003 0.3311610218367628 0.07776434399141956
1 0.8631028046875 0.3249592515625001 0.5799140375000001 0.28010655625000014 0.5408054203550583 0.5270286419467649 0.8239941875425583 0.571881337259265
2 1.0085550040658924 0.20720068323835403 0.9967435350670117 0.2053299316847264 0.9881885310011194 0.2593441406338725 1.0000000000000002 0.26121489218750016
0 0.5031485328125 0.030651581250000066 0.4900307969026114 0.02857393576316804 0.4864865781249999 0.050951250000000045 0.4996043140348885 0.053028895486832074
2 0.11834410312500003 0.06304117500000003 0.065101528193977 0.05460837925199631 0.045425004687499965 0.1788410546875 0.09866757961852299 0.18727385043550374
2 0.559453646875 0.00476594687500006 0.5193288081754409 -0.0015892031638912063 0.5115070849925514 0.04779521406393515 0.5516319236921106 0.05415036410282642
0 0.7329126265625001 0.10817403437500013 0.6866147359434098 0.10084116871268659 0.6783041546875 0.15331211250000007 0.7246020453065902 0.16064497816231363
0 1.004296850510578 0.12268149017813978 0.9749748522329199 0.11803734204620853 0.9705751328125001 0.14581607812500014 0.9998971310901581 0.1504602262569314
2 0.2605207579906407 0.014370791062763894 0.21190797215465662 0.006671282609317608 0.2070193953125 0.037536543750000026 0.255632181148484 0.04523605220344631
0 0.39093698593750004 4.4408920985006264e-17 0.3685596709350887 -0.0035442184955094547 0.36412546468508866 0.024452258066990546 0.3865027796875 0.027996476562500046
2 0.27538784078873935 0.010397598463433789 0.0801650666684175 -0.020522649768706668 0.06574376494217815 0.07052987051785958 0.2609665390625 0.10145011875000005
2 0.86289198765735 0.4261723724440312 0.8111926765624997 0.41798400625000004 0.7989712342176498 0.49514715880596877 0.8506705453125001 0.503335525
0 0.27276145488183534 0.06693278314801514 0.24498272031249999 0.0625330640625 0.24009414350858044 0.09339832496176292 0.26787287807791577 0.09779804404727806
0 0.7184097392831632 0.02994211735678669 0.6998905815296564 0.027008971671817684 0.6952464343749999 0.05633097031250008 0.7137655921285068 0.05926411599746909
2 0.8549025251858444 0.48660405976412546 0.8363833672257371 0.4836709138210805 0.8285616451648927 0.5330553321819552 0.847080803125 0.5359884781250001
0 0.35938064218750004 0.009462960937500048 0.33546006415374896 0.005674313486377064 0.3313047734375 0.031909785937500046 0.3552253514712511 0.03569843338862303
4 0.8824799094236091 0.4023811903180955 0.8446699640625003 0.3963926828125001 0.8344039513593178 0.46120973097034357 0.8722138967204266 0.4671982384759389
2 0.39220133293320975 0.0020054336128685567 0.3829417546875001 0.0005388609375000409 0.38000860925429036 0.019058017949631523 0.38926818750000003 0.02052459062500004
0 0.6462741859375 0.03591871250000006 0.6277550295686559 0.03298556637535176 0.622499809256156 0.06616572262535178 0.641018965625 0.06909886875000007
2 0.4778907771737441 0.020323239159311658 0.4531985671874999 0.016412376562500063 0.4495321337637558 0.03956132177818848 0.47422434375 0.04347218437500007
0 0.8699562765624999 0.0919121734375001 0.8568385406249999 0.08983452812500012 0.8526832499999999 0.11607000000000012 0.8658009859375 0.1181476453125001