4 0.6872727328125002 0.54840944375 0.4752934733888955 0.5186177019083402 0.4146226999513954 0.9503126894083402 0.6266019593750001 0.9801044312500002
4 0.9084439057904146 0.052489261092504645 0.15336450267713372 -0.0536302283704164 0.1000872999563071 0.3254567671813594 0.8551667030695878 0.4315762566442804
4 0.5915831438411909 0.2525249993511436 0.05776676244833996 0.17750199999273966 -0.0007294314048718831 0.5937240491646302 0.5330869499879791 0.668747048523034
4 0.9615369891448781 0.07888527441385136 0.8052603093749999 0.056922018750000136 0.7739463607221582 0.2797323343447358 0.9302230404920364 0.30169559000858703
4 0.8352192484432154 0.11320170781330333 0.5706319982278737 0.07601639528303902 0.5247483669721583 0.40249539996973577 0.7893356171875 0.43968071250000007
0 1.0313139492626988 0.27014517943227767 0.9009415625000001 0.25182253437500013 0.8696276131033818 0.4746328496456097 0.9999999998660805 0.49295549470288735
4 0.9562427328125 0.0828747812500001 0.8912563906262984 0.07374154686576206 0.8799485765624999 0.15420082812500008 0.9449349187487016 0.1633340625092381
0 0.5958905469977579 0.008562751799347646 0.4488976290317102 -0.012095756462793705 0.44259134761206304 0.03277576550899245 0.5895842655781107 0.0534342737711338
0 0.758598946875 0.0408970593750001 0.63945732016729 0.024152795292092143 0.6229305140625 0.1417471281250001 0.74207214077021 0.15849139220790803
0 0.9922988299282075 0.1968141701622778 0.9133868437499999 0.1857238140625001 0.8977298700717926 0.2971289735877224 0.9766418562500002 0.3082193296875001
4 0.8527076515625002 0.8083381437500001 0.800099659375 0.8009445718750001 0.7885743857529105 0.8829511466294628 0.8411823779404106 0.8903447185044628
0 0.817011121875 0.9500618921874999 0.7597612484375 0.9420159468749999 0.7516121209138675 0.9999999998649216 0.8088619943513674 1.0080459451774217
0 0.13320442031250002 1.6653345369377347e-17 0.09297477954340641 -0.005653906787220756 0.08292495766840643 0.06585429790027925 0.12315459843750001 0.07150820468750001
0 0.8165262821102962 0.05534963762090685 0.7685601718749999 0.04860844062500006 0.7629062647647035 0.0888380811290933 0.810872375 0.09557927812500008
0 0.15383284226537774 0.05530762757087128 0.136812609375 0.05291558906250001 0.13224599043992255 0.08540876069189393 0.14926622333030032 0.08780079920026519
0 0.8305102688262705 0.7641942588323088 0.8042062734375002 0.7604974734375001 0.7996396560346584 0.7929906452822358 0.8259436514234288 0.7966874306770444
0 0.7322949515625 0.037200273437500084 0.6657613155346163 0.027849580330613955 0.6577153702221162 0.08509945376811397 0.72424900625 0.0944501468750001
0 0.5432825546875001 0.001169179687500066 0.4612759796235852 -0.01035609173272275 0.45888394212358524 0.006664141079777253 0.5408905171875001 0.018189412500000068
0 0.27437123437500005 0.005978259375000039 0.2558037078876433 0.0033687635278279336 0.24993234218749993 0.04514569843750002 0.2684998686748567 0.04775519428467213
0 0.18369580000000002 2.7755575615628914e-17 0.1542972165764926 -0.0041317016508220835 0.14740111970115483 0.04493657491408106 0.17679970312466226 0.049068276564903174
4 0.589893571875 0.5789036515624999 6.661338147750939e-17 0.4959995171874999 -0.06023585742769869 0.9245999164420574 0.5296577144473014 1.0075040508170576
4 0.6659787734375 0.026302287500000066 0.6350328968783715 0.02195312810101001 0.628726615625 0.06682465000000007 0.6596724921841285 0.07117380939899012
4 0.8883792610221233 0.0717593368978729 0.8481496203124997 0.06610542968750009 0.8394513014778765 0.12799718497712728 0.8796809421875 0.1336510921875001
4 0.776330064141724 0.16172817287379243 0.7190801921875001 0.15368222812500013 0.7084247514832761 0.2294996286887078 0.7656746234375 0.23754557343750013
4 0.40118223281883225 0.6754547390174441 0.3764255312500001 0.6719754109375 0.3709890810346584 0.7106577577822357 0.3957457826034906 0.7141370858621798
4 0.8388907781250001 0.6596557390625002 0.818775957729225 0.6568287849675336 0.813556965541725 0.6939638380925336 0.8336717859375001 0.6967907921875001
4 0.9244185209404978 0.5675374110257595 0.8455065334707621 0.5564470545604178 0.8337638031250002 0.6400009234375001 0.9126757905947358 0.6510912799028419