0 0.8626714859773557 0.9701802754555532 0.810241859375 0.37090690156250006 0.2623347747577477 0.4188425601629343 0.3147644013601033 1.0181159340559875
0 0.4985796266634278 0.5016927355286104 0.46221934062500003 0.086092759375 0.13845606396157217 0.11441837540888966 0.17481635 0.5300183515625
0 1.0299597873212452 0.9445651660023845 0.9999999999999998 0.6021232375000001 0.8161928905935916 0.6182042762035026 0.846152677914837 0.9606462047058871
0 0.4166983828125 1 0.40210854369873783 0.8332373712890704 0.14683365312500002 0.8555710296875002 0.1614234922387622 1.02233365839843
0 0.5191852718837227 0.43244582968673695 0.49099583593750007 0.11023910624999997 0.11430971561627748 0.1431948718757631 0.14249915156249998 0.4654015953125
0 1.0314577755119858 0.9397287028661065 1 0.5801646781249999 0.8376346717697954 0.5943698034850058 0.8690924472817813 0.9539338282261124
0 0.4088560421875 1 0.37798407178646215 0.6471317693005074 0.15072715522540117 0.6670141735271408 0.181599125626439 1.0198824042266332
0 0.6425164375520066 0.9815990037194389 0.5922657046263973 0.4072304977390918 0.2622762109375 0.4361008375 0.31252694386310936 1.0104693434803471
0 0.34454883281250004 1 0.33895026245915366 0.9360080510956237 0.22376524999999997 0.9460854343749998 0.22936382035334635 1.0100773832793761
0 0.7605421953125 0.9681361515625 0.707023121875 0.35641034375 0.46731377335010993 0.3773821943136288 0.52083284678761 0.9891080021261288
0 0.42074768125000006 0.8849345874999998 0.40290798906249997 0.681025984375 0.30328851886972735 0.6897415591809902 0.3211282110572274 0.89365016230599
0 0.4667076609818266 0.6393694614441549 0.4549961078125001 0.5055057984375001 0.3740552890181735 0.5125872026183453 0.3857668421874999 0.6464508656250001
0 0.6647167390625 0.9843621343750002 0.6442896117293424 0.7508790014932228 0.5166521648543425 0.7620458311807229 0.5370792921875001 0.9955289640625002
4 0.7120399390625 0.6288849484374999 0.6818077905464054 0.28332991160165844 0.5339351406249999 0.29626709218749997 0.5641672891410946 0.6418221290233413
0 0.5254672297652492 0.6655980352636764 0.5074913578125 0.46013287812500003 0.3891932374222508 0.4704826225488235 0.407169109375 0.6759477796875
0 0.8087953766320212 0.9639145445446274 0.7697114734375001 0.5171834843750001 0.6218388218173481 0.5301206649660355 0.660922725011869 0.9768517251356628
0 0.5019799126245681 0.9170394014238207 0.48591057341453664 0.7333660028625268 0.37383866875 0.7431710234375001 0.38990800796003144 0.9268444219987939
0 0.5616751078125 0.7926131421874999 0.5515977249999999 0.6774281296875 0.4768831233848402 0.6839648103355955 0.48696050619734016 0.7991498228355954
4 0.23789297500000006 1 0.194293034324318 0.5016503978582019 0.0028368656250000015 0.5184006421875 0.04643680630068206 1.0167502443292982
4 0.20545986406249997 0.62928784375 0.16174581112572387 0.12963394054564586 -0.032823465436776125 0.1466565467956459 0.010890587499999998 0.64631045
0 0.3924001907058322 0.7760534087364168 0.38504642499999997 0.6919994796874999 0.32745391866916773 0.6970381709510829 0.33480768437499997 0.7810920999999997
0 0.17975555113949956 0.7836781233378067 0.17389977498813103 0.7167462920518375 0.14432524375 0.7193337281250002 0.15018101990136853 0.7862655594109694
0 0.7303643765747505 0.9817556470150249 0.6494729529714698 0.057162441995142935 -0.035410901813994755 0.11708201496594739 0.04548052178928592 1.0416752199858295
0 0.13033389531249995 0.8821100687499998 0.12366103437499998 0.8058389109374999 0.07696440767728793 0.8099243359545187 0.0836372686147879 0.8861954937670186
0 0.46218396874999995 1 0.4509255 0.871315090625 0.29060041547942933 0.8853417155236194 0.3018588842294293 1.0140266248986194
0 0.766233570683899 0.0830219874675068 0.7576952593341566 -0.014571351695627732 0.5911439578125 0 0.5996822691622423 0.09759333916313453
0 0.3100425265625001 1 0.3083829531250001 0.9810309937500001 0.26791254332802633 0.9845716967377381 0.2695721167655263 1.003540702987738
4 0.7083821078872719 0.6229310930421469 0.6908147781249999 0.4221355984375001 0.614543621800228 0.4288084600828532 0.6321109515625 0.6296039546875
0 0.4051045234375 0.8674815640625001 0.3973422156809624 0.7787579732959029 0.33819315467563105 0.7839328451768374 0.3459554624321687 0.8726564359434346
0 1.0223336514414962 0.9326846187329363 1 0.6774097265624999 0.9690456671135825 0.680117878842622 0.9913793185550788 0.9353927710130584
4 0.1265455297543055 0.3726892460760906 0.10652694524364285 0.14387577577545965 0.0069074748643373485 0.15259135001186894 0.026926059374999995 0.3814048203124999
0 0.26263959224886274 0.9960122991388796 0.25896270930070003 0.9539853350882483 0.22004885455183731 0.9573898562618691 0.22372573749999997 0.9994168203125003
0 0.2426061921938057 0.35469291100957434 0.2276262984375 0.18347194687499999 0.1171109484311943 0.1931407874279256 0.13209084218749997 0.36436175156249995
0 0.33670648906249995 1 0.3336187468749999 0.96470693125 0.29937455449022465 0.9677029086826321 0.3024622966777247 1.0029959774326322
0 0.9469201605309335 0.9471247858363687 0.9417452873524683 0.8879757248762064 0.8903789968750001 0.8924696937500001 0.8955538700534653 0.9516187547101624
0 0.330586078125 0.73283891875 0.32581974843750006 0.6783595203125 0.2962452186230594 0.6809469563615624 0.3010115483105594 0.7354263547990624
0 0.4078662421875 0.9707588656249998 0.40446172192018437 0.9318450107968458 0.37644374530063107 0.9342962654893373 0.37984826556794676 0.9732101203174913
0 0.960179096875 0.16643593750000005 0.9447361823733645 -0.010077382774080578 0.8295511698733646 3.841936768722576e-11 0.8449940843750001 0.1765133203125
0 0.35430906686548674 0.2868868420789714 0.3409633437381311 0.13434452798933733 0.24445698125 0.14278774062499996 0.2578027043773557 0.2953300547146341
4 0.18220539375 0.9371737031249999 0.17321745775813097 0.834441124378559 0.11562495312500001 0.839479815625 0.12461288911686905 0.9422123943714409
0 0.7232244089854614 0.9180731045848791 0.717777174988131 0.8558109358018374 0.66952399375 0.8600325421875 0.6749712277473304 0.9222947109705417
0 0.33160214374999997 0.35004371093750003 0.3262910906101729 0.28933809670552535 0.29049034375 0.29247025625 0.2958013968898271 0.3531758704819747
0 0.4174821640624999 0.5966220796874999 0.4113540253706998 0.5265771390300681 0.37399672380819987 0.5298454796550681 0.38012486249999994 0.5998904203125
4 0.339827325 0.8026114968750001 0.31354442081067263 0.5021965327689155 0.1672283239356726 0.5149975327689155 0.19351122812500005 0.8154124968750001
0 0.424993984375 0.46735046406249997 0.41287388897955835 0.32881713811447266 0.3023585406249999 0.338485978125 0.31447863602044157 0.47701930407302734
4 0.6107100953125 0.47462943749999986 0.6030839671875 0.3874624 0.5579438952701065 0.3914116448279404 0.5655700233951064 0.47857868232794026
0 0.35636518372657583 0.8482186764825288 0.30802098280063106 0.2956419295518375 0.006049464062499996 0.3220610140625 0.054393664988444744 0.8746377609931913
0 0.09742046718750001 0.20113735625 0.08530037187500002 0.06260402968749999 -0.012120095283125928 0.07112721596074713 2.937406984315771e-11 0.20966054252324712
0 0.2613434078125 0.3358004640625 0.2572579831935607 0.2891038373299605 0.22301378905063104 0.2920998154893374 0.22709921366957042 0.33879644222187694
0 0.9799006218749999 0.857973603125 0.9687337921875001 0.7303361562500001 0.9033585155140308 0.7360557518566153 0.9145253452015307 0.8636931987316151
0 0.2382060671875 0.60916976875 0.23561863119814502 0.5795952384697944 0.2200530890625 0.580957046875 0.22264052505185497 0.6105315771552056
0 0.9294290344229678 0.8906217271107739 0.9246627046875 0.8361423296874999 0.8857488483895322 0.839546851014226 0.890515178125 0.8940262484374999
0 0.45824539851411317 0.5067899915006918 0.4521172593278194 0.4367450510232235 0.42254272800120624 0.4393324876475317 0.4286708671874999 0.509377428125
0 0.28424366406249996 0.38241947499999995 0.27389391995561213 0.26412135458202257 0.19606620901811217 0.2709303967695226 0.20641595312499997 0.38922851718749996
0 0.47520661566355055 0.9695727520031341 0.4711211906250001 0.9228761249999996 0.44621632339894945 0.9250550183093654 0.4503017484374999 0.9717516453124999
0 0.8104881110595379 0.965334918582399 0.7986403780995064 0.8299147012711053 0.7285954375000001 0.8360428390625001 0.7404431704600317 0.9714630563737938
0 0.36276709531250007 0.795899121875 0.35800076562500005 0.7414197234375 0.320643464037548 0.7446880637772971 0.325409793725048 0.7991674622147973
0 0.031929471875000004 0.115895903125 0.026618420953291737 0.05519028730723704 -0.005311050921708261 0.05798375293223703 0 0.11868936875
0 0.9238646703463234 0.8628761128866034 0.91392346875 0.7492476546875001 0.8703399499661766 0.7530607183633966 0.8802811515624999 0.8666891765625
0 0.42006818754825287 0.7516742130515328 0.417072209375 0.7174300203125 0.39216734213924714 0.7196089135109671 0.3951633203124999 0.7538531062499999
4 0.6145026953125 0.60761745 0.6083745578124999 0.537572509375 0.5694607030253269 0.5409770301107306 0.575588840525327 0.6110219707357307
0 0.26618594064114187 0.5345722954970022 0.2625090576929792 0.4925453314463713 0.23760419048933734 0.49472422501186913 0.2412810734375 0.5367511890625001
0 0.206645978125 0.6966282171875002 0.20473944615564682 0.6748364577387342 0.19228701178064683 0.6759259046137343 0.19419354375000003 0.6977176640625002
4 0.6096559270545633 0.78527842651945 0.6013488953006311 0.6903286201768374 0.5530957140625001 0.6945502265625 0.5614027458164323 0.7895000329051125
0 0.964926375606581 0.1848422265094311 0.945811949418166 -0.03363666883579712 0.5613430578124999 5.551115123125783e-18 0.5804574840009149 0.21847889534522827
0 0.30402940001547424 0.5547884501768711 0.3018505078125 0.5298835828125 0.28628496560952577 0.5312453904481289 0.28846385781249995 0.5561502578125
0 0.3201220268295296 0.39810214685163803 0.31671750624999995 0.359188290625 0.2886995295637063 0.3616395454600316 0.292104050143236 0.40055340168666953
0 0.3941952391511976 0.3304513088263178 0.3910630796875 0.2946505609375 0.3630451030363024 0.29710181617368225 0.3661772625 0.3329025640625
0 0.229160978125 0.39821786406250004 0.2230328406210437 0.32817292495477907 0.1763362140625 0.33225835 0.1824643515664563 0.4023032891077209
0 0.2698261329266463 0.37897544036719855 0.26546834684161474 0.3291657043059049 0.23900692499999998 0.331480778125 0.24336471108503152 0.3812905141862936
0 0.7748849328125 0.7018101484375 0.770254784333703 0.6488873042154718 0.7484630250000001 0.6507938359375001 0.7530931734787972 0.7037166801595283
0 0.8527902609375001 0.7138159374999999 0.8503390046875001 0.6857979609374999 0.8285472452961076 0.687704493562634 0.8309985015461075 0.7157224701251341
0 0.1139392752957451 0.21067142653662568 0.10767495623813109 0.13906993267683737 0.0656479921875 0.142746815625 0.07191231124511402 0.2143483094847883
0 0.9428446159828129 0.022084937468695408 0.9402690632611984 -0.007353765691596248 0.856215134375 0 0.8587906870966144 0.02943870316029166
0 0.4381844765788114 0.5822631142489398 0.43532467812500003 0.5495754749999999 0.4150894734211886 0.55134582637606 0.417949271875 0.5840334656249999
0 0.11689291718749999 0.5492022109375 0.10300247031250002 0.39043368125 0.023618204693434505 0.39737890475533133 0.037508651568434484 0.5561474344428313
0 0.26903092343749996 0.154754015625 0.2668520296785982 0.129849148335753 0.248173378125 0.13148331875 0.2503522718839017 0.15638818603924698
0 0.1617648625451431 0.16570704895348828 0.15781561875 0.1205669765625 0.12201487182985689 0.1236991354215117 0.12596411562499998 0.1688392078125
4 0.4144057454532505 0.7945182625462858 0.4103203203125 0.7478216359375 0.3807457904842495 0.7504090718287144 0.38483121562499994 0.7971056984375002
0 0.7750782671875001 0.811586028125 0.7697672140150604 0.7508804135202639 0.7479754546993689 0.7527869454481626 0.7532865078718084 0.8134925600528987
0 0.2246493703125 0.18530086406249996 0.2217895734375 0.15261322500000002 0.20311092182194557 0.15424739470608498 0.20597071869694558 0.18693503376858492
2 0.057959065718912614 0.4492708666984259 0.040255554674502904 0.24691881860144246 -0.017703511044409714 0.2519895800280165 0 0.454341628125
0 0.6542202328125001 0.07556873125000002 0.6472752250912936 -0.003813064109946507 0.6036917062500001 0 0.6106367139712066 0.07938179535994652
0 0.882488978125 0.04932393125000002 0.8799015421874999 0.019749400000000007 0.8581097827159299 0.02165593170870115 0.86069721865343 0.051230462958701165
0 0.11578018442860141 0.877109478737667 0.11264802500000001 0.8413087312500002 0.0924128202588986 0.8430790821998331 0.0955449796875 0.8788798296874999
0 0.239397828125 0.17459972968749998 0.23681039216759756 0.1450251997725144 0.21968829531249995 0.14652318906249998 0.22227573126990235 0.17609771897748555
0 0.13586580440667811 0.33579905145036765 0.13409545311313104 0.3155638467393373 0.12164301875000001 0.31665329375 0.12341337004354709 0.33688849846103036
0 0.5937093640625 0.06517806250000001 0.5876734219468613 -0.0038130642201522845 0.5440899031249999 0 0.5501258452406386 0.0689911267201523
0 0.07403405206338257 0.13103385151867847 0.07158279687499998 0.103015875 0.0420082666866174 0.10560331098132154 0.044459521875 0.1336212875
0 0.6949630034661645 0.07514113903265199 0.687983920785467 -0.004630148478879259 0.6350610765625 0 0.6420401592431975 0.07977128751153126
0 0.086518940625 0.7040010343749998 0.0786204515625 0.6137208890624998 0.014801729593970308 0.6193043036184506 0.0227002186564703 0.7095844489309506
0 1.0403134105730034 0.9389539368808885 0.99210539260819 0.3879337437131944 0.6138627171202289 0.4210256882935874 0.6620707350850424 0.9720458814612816
0 0.59499355625 0.06192877343750003 0.5921337589772306 0.029241134273099312 0.5750116621022306 0.030739123335599312 0.5778714593750001 0.06342676250000004
0 0.4999442593056472 0.2663030701818666 0.47692969525276024 0.003245407129669936 -0.023014564052886936 0.0469848635103034 0 0.31004252656250003
0 0.9080063031745891 0.9505293083793053 0.8810424952264265 0.6423315724536742 0.7518484951768374 0.6536345828243689 0.7788123031249998 0.96183231875
0 0.9267653937751416 0.7167547627873702 0.9236332343749998 0.6809540156249999 0.8987283671623582 0.6831329090876299 0.9018605265624998 0.7189336562500002
0 0.6201679625 0.31381819375000003 0.5918423443879761 -0.009945084191572534 0.3754813085772356 0.00898405475729534 0.40380692668925955 0.33274733269886786
0 0.8985131578125 0.7882391265625 0.89102321088527 0.7026286447155077 0.8505528015625001 0.706169346875 0.8580427484897302 0.7917798287219922
0 0.9283028968749998 0.6805454734374999 0.9253069171874998 0.6463012796874998 0.9035151579213387 0.648207812181532 0.9065111376088387 0.682452005931532
0 0.2852336203323588 0.5909391752269861 0.2748838765625 0.4726410546875 0.19705616560514128 0.47945009664801386 0.20740590937499997 0.5977482171875
0 0.6042362140625002 0.006223746874999991 0.6035725634540655 -0.0013618093217688365 0.5880070212665655 5.323116392119687e-11 0.5886706718750001 0.0075855562499999914
0 0.22568025312499995 0.21501157499999998 0.21641995462665037 0.10916588680448605 0.11368737656249998 0.11815382343750003 0.12294767506084958 0.22399951163301396
0 0.1507913671904672 0.1478454828464157 0.1486124734375 0.12294061562500005 0.12993382343453272 0.12457478590358437 0.13211271718749995 0.14947965312500003
0 0.24675018125 0.38413126093749994 0.245660734375 0.3716788265625 0.2378779640196826 0.37235973076059525 0.2389674108946826 0.38481216513559524
0 0.9294304453761493 0.7651441241650173 0.9130887436779869 0.5783576179268861 0.8134692733018374 0.5870731921993688 0.829810975 0.7738596984374999
0 0.9862863062500002 0.5186257328125 0.9501983811801209 0.10613886482627606 0.6622358515625 0.13133232187500002 0.6983237766323793 0.543819189861224
0 0.7837261078125 0.01404744375 0.7823184017467101 -0.0020427125161162963 0.7589700875000001 1.1102230246251566e-17 0.7603777935657898 0.016090156266116307
0 0.6319613656249999 0.09006387812500001 0.6282844828124999 0.04803691406249999 0.6173886030153393 0.04899017999657192 0.6210654858278393 0.09101714405907194
0 0.8543468141053173 0.7136797567394046 0.8532573671874999 0.701227321875 0.8454745968321824 0.7019082260730954 0.8465640437499997 0.7143606609374998
0 0.30512308281966105 0.19080807351935053 0.3038974546875 0.1767990859375 0.296114682805339 0.17747999054314947 0.2973403109375 0.19148897812500001
0 0.2599992375353993 0.48178563321711565 0.258909790625 0.4693332 0.25112702027710077 0.47001410428288437 0.2522164671875 0.4824665375
0 0.7492286046874999 0.05000342343750004 0.7443653872162821 -0.005583414174378909 0.6805466625 0 0.6854098799712178 0.05558683761187895
0 0.807102640625 0.9624941718749997 0.8031533968750001 0.9173540984374998 0.7875878545817184 0.9187159066034131 0.7915370983317185 0.963855980040913
0 0.7331373891443219 0.08121212437272879 0.7287796030711593 0.03140238844709773 0.6976485186143374 0.03412600469936894 0.7020063046874999 0.083935740625
0 0.21956693125000007 0.5574725531250001 0.2176603984375 0.5356807937499999 0.20832107198037972 0.5364978793294954 0.21022760479287977 0.5582896387044955
0 0.7231566734375 0.02091505156250001 0.7211123869414141 -0.0024512547753310797 0.6930944109375 0 0.6951386974335858 0.02336630633783109
0 0.8250326537331096 0.05591917650929732 0.8229899406131311 0.03257086236433735 0.81053750625 0.03366030937500001 0.8125802193699785 0.05700862351995998
0 0.9078701234375 0.9489727531250001 0.9047379638325518 0.913172006133417 0.8922855294575518 0.9142614530084169 0.8954176890625 0.9500622