0 0.7593750000000001 0.22656250000000006 0.14843750000000006 0.2265625 0.14843750000000008 1 0.7593750000000001 1
0 0.47343750000000007 0.5296875 0.04687500000000007 0.5296875 0.0468750000000001 1 0.4734375000000002 1
0 0.12656250000000002 0.0921875 1.1289712679639661e-17 0.0921875 3.0616169978683824e-17 0.4078125 0.12656250000000005 0.4078125
2 1 0.03906250000000012 0.871875 0.03906250000000011 0.871875 0.7796875000000002 1 0.7796875000000002
0 0.5140625000000001 0.39531250000000007 0.10625000000000004 0.3953125 0.1062500000000001 0.9984375 0.5140625000000002 0.9984375
0 0.12656250000000002 0.06250000000000001 7.654042494670958e-18 0.0625 2.401455832703013e-17 0.3296875 0.12656250000000005 0.3296875
2 1 0.025000000000000116 0.8671875 0.025000000000000112 0.8671875 0.7984375000000001 1 0.7984375000000001
2 0.9171875 0.2562500000000001 0.8921875 0.2562500000000001 0.8921875 0.2953125000000001 0.9171875 0.2953125000000001
0 0.6078125 0.2093750000000001 0.4859375 0.2093750000000001 0.4859375 0.471875 0.6078125 0.471875
4 0.5421875 0.3109375000000001 0.496875 0.3109375000000001 0.496875 0.3609375000000001 0.5421875 0.3609375000000001
4 0.2156250000000001 0.546875 0.16406250000000008 0.546875 0.16406250000000008 0.615625 0.2156250000000001 0.615625
2 0.721875 0.615625 0.665625 0.615625 0.665625 0.70625 0.721875 0.70625
4 0.09218750000000006 0.5265625 0.06875000000000006 0.5265625 0.06875000000000006 0.571875 0.09218750000000006 0.571875
4 0.5484375 0.19531250000000006 0.5 0.19531250000000006 0.5 0.2515625000000001 0.5484375 0.2515625000000001
2 0.859375 0.5593750000000002 0.8390625 0.5593750000000002 0.8390625 0.5921875000000002 0.859375 0.5921875000000002
4 0.2250000000000001 0.475 0.18281250000000004 0.475 0.18281250000000004 0.5421875 0.2250000000000001 0.5421875
4 0.640625 0.6328125 0.5953125 0.6328125 0.5953125 0.71875 0.640625 0.71875
2 0.7703125 0.3421875000000001 0.7390625 0.3421875000000001 0.7390625 0.3843750000000001 0.7703125 0.3843750000000001
4 0.06562500000000009 0.73125 0.03281250000000009 0.73125 0.03281250000000009 0.7796875 0.06562500000000009 0.7796875
4 0.7312500000000002 0.8859375 0.6859375000000002 0.8859375 0.6859375000000002 0.9734375 0.7312500000000002 0.9734375
4 0.375 0.07500000000000004 0.35 0.07500000000000004 0.35 0.10937500000000004 0.375 0.10937500000000004
4 0.4296875 0.10937500000000004 0.4078125 0.10937500000000004 0.4078125 0.14375000000000004 0.4296875 0.14375000000000004
4 0.30937500000000007 0.396875 0.15625000000000006 0.396875 0.15625000000000006 0.6796875 0.30937500000000007 0.6796875
0 0.69375 0.014062500000000078 0.5953125 0.014062500000000071 0.5953125 0.15781250000000008 0.69375 0.15781250000000008
0 0.24218750000000006 0.2921875 0.15625000000000006 0.2921875 0.15625000000000006 0.4359375 0.24218750000000008 0.4359375
4 0.1359375000000001 0.8875 0.10000000000000009 0.8875 0.10000000000000012 0.959375 0.13593750000000013 0.959375
4 0.4328125 0.18750000000000006 0.4109375 0.18750000000000006 0.4109375 0.2296875000000001 0.4328125 0.2296875000000001
4 0.5625 0.2828125000000001 0.5359375 0.2828125000000001 0.5359375 0.3203125000000001 0.5625 0.3203125000000001
2 0.659375 0.06875000000000007 0.6140625 0.06875000000000006 0.6140625 0.1359375000000001 0.659375 0.1359375000000001
4 0.6687500000000002 0.7625 0.6125000000000002 0.7625 0.6125000000000002 0.853125 0.6687500000000002 0.853125
4 0.04218750000000009 0.7421875 0.01250000000000009 0.7421875 0.012500000000000094 0.8 0.0421875000000001 0.8
2 0.9203125 0.5359375000000002 0.8890625 0.5359375000000002 0.8890625 0.6015625000000002 0.9203125 0.6015625000000002
4 0.2921875000000001 0.8921875 0.2562500000000001 0.8921875 0.2562500000000001 0.9515625 0.2921875000000001 0.9515625
4 0.2609375000000001 0.8703125 0.21875000000000008 0.8703125 0.21875000000000008 0.946875 0.2609375000000001 0.946875
2 0.79375 0.3203125000000001 0.76875 0.3203125000000001 0.76875 0.3531250000000001 0.79375 0.3531250000000001
4 0.7093750000000002 0.859375 0.6671875000000002 0.859375 0.6671875000000002 0.928125 0.7093750000000002 0.928125
2 0.9 0.03750000000000011 0.865625 0.03750000000000011 0.865625 0.08906250000000011 0.9 0.08906250000000011
4 0.16406250000000008 0.678125 0.1359375000000001 0.678125 0.1359375000000001 0.7375 0.16406250000000008 0.7375
2 0.8453125 0.6468750000000002 0.8 0.6468750000000002 0.8 0.7234375000000002 0.8453125 0.7234375000000002
4 0.0640625000000001 0.9109375 0.03281250000000011 0.9109375 0.03281250000000012 0.9640625 0.0640625000000001 0.9640625
4 0.45625000000000016 0.796875 0.3937500000000001 0.796875 0.3937500000000001 0.9375 0.45625000000000016 0.9375
4 0.2296875000000001 0.3640625 0.19687500000000005 0.3640625 0.19687500000000005 0.409375 0.2296875000000001 0.409375
4 0.5515625 0.3937500000000001 0.515625 0.3937500000000001 0.515625 0.4390625 0.5515625 0.4390625
4 0.1671875000000001 0.8890625 0.12343750000000009 0.8890625 0.12343750000000012 0.9640625 0.16718750000000013 0.9640625
4 0.6296875 0.50625 0.5828125 0.50625 0.5828125 0.5625 0.6296875 0.5625
4 0.628125 0.59375 0.5765625 0.59375 0.5765625 0.6578125 0.628125 0.6578125
4 0.203125 0.3125 0.17031250000000003 0.3125 0.17031250000000003 0.35625 0.203125 0.35625
4 0.9015625 0.8 0.871875 0.8 0.871875 0.853125 0.9015625 0.853125
4 0.10781250000000005 0.49375 0.07968750000000006 0.49375 0.07968750000000006 0.5359375 0.10781250000000005 0.5359375
4 0.6906250000000002 0.9015625 0.6468750000000002 0.9015625 0.6468750000000002 0.975 0.6906250000000002 0.975
4 0.24375000000000005 0.3359375 0.209375 0.3359375 0.20937500000000003 0.3828125 0.24375000000000008 0.3828125
4 0.5703125 0.2468750000000001 0.5453125 0.2468750000000001 0.5453125 0.2843750000000001 0.5703125 0.2843750000000001
4 0.2750000000000001 0.4953125 0.2375000000000001 0.4953125 0.2375000000000001 0.5546875 0.2750000000000001 0.5546875
4 0.7703125000000002 0.8375 0.7406250000000002 0.8375 0.7406250000000002 0.8828125 0.7703125000000002 0.8828125
4 0.7312500000000001 0.6953125000000001 0.69375 0.6953125 0.6937500000000001 0.7671875000000001 0.7312500000000002 0.7671875000000001
0 0.44218750000000007 0.5375 0.24375000000000008 0.5375 0.24375000000000008 0.8515625 0.4421875000000002 0.8515625
4 0.8765625 0.8078125 0.846875 0.8078125 0.846875 0.85625 0.8765625 0.85625
4 0.2296875000000001 0.809375 0.16562500000000008 0.809375 0.1656250000000001 0.9078125 0.2296875000000001 0.9078125
4 0.6484375 0.2843750000000001 0.625 0.2843750000000001 0.625 0.31718750000000007 0.6484375 0.31718750000000007
0 0.38125000000000003 0.32343750000000004 0.26875 0.3234375 0.26875000000000004 0.5296875 0.3812500000000001 0.5296875
4 0.20468750000000008 0.890625 0.1609375000000001 0.890625 0.16093750000000012 0.9640625 0.20468750000000008 0.9640625
4 0.5515625 0.3578125000000001 0.5140625 0.3578125000000001 0.5140625 0.403125 0.5515625 0.403125
4 0.6734375 0.4546875 0.6421875 0.4546875 0.6421875 0.4921875 0.6734375 0.4921875
4 0.2328125000000001 0.6796875 0.19531250000000008 0.6796875 0.19531250000000008 0.7390625 0.2328125000000001 0.7390625
4 0.4625000000000002 0.8875 0.4203125000000002 0.8875 0.4203125000000002 0.96875 0.4625000000000002 0.96875
4 0.40625 0.39843750000000006 0.3500000000000001 0.3984375 0.3500000000000001 0.4671875 0.40625 0.4671875
4 0.8140625 0.6796875000000002 0.7765625 0.6796875000000002 0.7765625 0.7343750000000002 0.8140625 0.7343750000000002
4 0.3968750000000001 0.8078125 0.3625000000000001 0.8078125 0.3625000000000001 0.871875 0.3968750000000001 0.871875
0 0.8125 0.2671875000000001 0.696875 0.2671875000000001 0.696875 0.4625000000000001 0.8125 0.4625000000000002
4 0.98125 0.878125 0.9359375 0.878125 0.9359375 0.94375 0.98125 0.94375
4 0.8125 0.3984375000000001 0.7828125 0.3984375000000001 0.7828125 0.4421875000000002 0.8125 0.4421875000000002
4 0.3609375000000001 0.4625 0.3125000000000001 0.4625 0.3125000000000001 0.5375 0.3609375000000001 0.5375
2 0.971875 0.7265625000000002 0.9265625 0.7265625000000002 0.9265625 0.834375 0.971875 0.834375
2 0.928125 0.5968750000000002 0.8875 0.5968750000000002 0.8875 0.6546875000000002 0.928125 0.6546875000000002
4 0.321875 0.3171875 0.271875 0.3171875 0.27187500000000003 0.384375 0.3218750000000001 0.384375
2 0.8703125 0.22812500000000008 0.8484375 0.22812500000000008 0.8484375 0.2828125000000001 0.8703125 0.2828125000000001
4 0.12656250000000005 0.371875 0.10156250000000004 0.371875 0.10156250000000004 0.41875 0.12656250000000005 0.41875
4 0.3812500000000001 0.4953125 0.32500000000000007 0.4953125 0.32500000000000007 0.56875 0.3812500000000001 0.56875
4 0.16718750000000004 0.4921875 0.14375000000000004 0.4921875 0.14375000000000004 0.5390625 0.16718750000000004 0.5390625
4 0.6390625000000002 0.7953125 0.5718750000000001 0.7953125 0.5718750000000001 0.8953125 0.6390625000000002 0.8953125
4 0.4046875 0.017187500000000046 0.3671875 0.017187500000000043 0.3671875 0.05312500000000005 0.4046875 0.05312500000000005
4 0.3203125000000001 0.9328125 0.2750000000000001 0.9328125 0.2750000000000001 1 0.3203125000000001 1
4 0.5796875 0.15781250000000008 0.540625 0.15781250000000005 0.540625 0.20312500000000008 0.5796875 0.20312500000000008
2 0.01718750000000003 0.1890625 2.315347854637965e-17 0.1890625 2.7076175324898514e-17 0.253125 0.017187500000000033 0.253125
4 0.6031250000000001 0.8875 0.5265625000000002 0.8875 0.5265625000000002 0.9890625 0.6031250000000001 0.9890625
4 0.03437500000000008 0.6265625 0.012500000000000077 0.6265625 0.01250000000000008 0.6640625 0.03437500000000008 0.6640625
4 0.2484375000000001 0.9328125 0.2093750000000001 0.9328125 0.2093750000000001 1 0.2484375000000001 1
4 0.3468750000000001 0.80625 0.2828125000000001 0.80625 0.2828125000000001 0.8890625 0.3468750000000001 0.8890625
4 0.2984375000000001 0.6765625 0.2671875000000001 0.6765625 0.2671875000000001 0.746875 0.2984375000000001 0.746875
4 0.90625 0.6421875000000001 0.8828125 0.6421875000000001 0.8828125 0.6796875000000002 0.90625 0.6796875000000002
4 0.5500000000000002 0.821875 0.5140625000000002 0.821875 0.5140625000000002 0.8796875 0.5500000000000002 0.8796875
4 0.10937500000000008 0.78125 0.0828125000000001 0.78125 0.0828125000000001 0.828125 0.10937500000000008 0.828125
4 0.790625 0.4156250000000002 0.765625 0.4156250000000002 0.765625 0.4515625000000002 0.790625 0.4515625000000002
2 0.08750000000000004 0.1875 0.02031250000000002 0.1875 0.02031250000000003 0.284375 0.08750000000000005 0.284375
2 0.06250000000000003 0.2265625 2.7745904043182222e-17 0.2265625 3.4156164632469147e-17 0.33125 0.06250000000000004 0.33125
4 0.02968750000000008 0.596875 0.007812500000000073 0.596875 0.007812500000000075 0.634375 0.02968750000000008 0.634375
2 0.12812500000000004 0.265625 0.09843750000000002 0.265625 0.09843750000000004 0.315625 0.12812500000000004 0.315625
4 0.49375 0.4203125 0.3453125000000001 0.4203125 0.3453125000000001 0.65625 0.49375 0.65625
4 0.12343750000000009 0.7453125 0.08125000000000009 0.7453125 0.08125000000000009 0.8109375 0.12343750000000009 0.8109375
4 0.17656250000000012 0.946875 0.14062500000000014 0.946875 0.14062500000000014 0.990625 0.17656250000000012 0.990625
0 1 0.7437500000000001 0.9171875 0.7437500000000001 0.9171875 0.9515625 1 0.9515625
4 0.8890625 0.940625 0.8546875 0.940625 0.8546875 0.98125 0.8890625 0.98125
4 0.5031250000000002 0.9421875 0.4703125000000002 0.9421875 0.4703125000000002 0.9953125 0.5031250000000002 0.9953125
4 0.6453125000000002 0.8859375 0.5937500000000002 0.8859375 0.5937500000000002 0.9671875 0.6453125000000002 0.9671875
0 0.9109375 0.19218750000000012 0.7921875 0.1921875000000001 0.7921875 0.4703125000000002 0.9109375 0.4703125000000002
0 0.928125 0.2468750000000001 0.9015625 0.2468750000000001 0.9015625 0.4515625000000002 0.928125 0.4515625000000002
2 0.3609375 0.3625 0.2796875 0.3625 0.27968750000000003 0.4421875 0.3609375000000001 0.4421875
2 0.328125 0.16093750000000004 0.2859375 0.16093750000000004 0.2859375 0.2578125 0.328125 0.2578125
4 0.9734375 0.03750000000000012 0.8953125 0.03750000000000011 0.8953125 0.13750000000000012 0.9734375 0.13750000000000012
4 0.9171875 9.184850993605148e-17 0.5828125 7.137394626280668e-17 0.5828125 0.5718750000000001 0.9171875 0.5718750000000001
2 0.25 0.215625 0.20625 0.215625 0.20625 0.3078125 0.25 0.3078125
4 1 0.7609375000000002 0.9640625 0.7609375000000002 0.9640625 0.84375 1 0.84375
4 0.371875 0.28437500000000004 0.340625 0.284375 0.340625 0.33593750000000006 0.371875 0.3359375000000001
2 0.6953125 0.09531250000000009 0.6703125 0.09531250000000009 0.6703125 0.1437500000000001 0.6953125 0.1437500000000001
4 0.98125 6.008423358316702e-17 0 0 6.123233995736766e-17 1 0.98125 1
2 0.8046875 0.2734375000000001 0.7734375 0.2734375000000001 0.7734375 0.3203125000000001 0.8046875 0.3203125000000001
0 1 0.5671875000000002 0.7484375 0.5671875000000002 0.7484375000000001 0.96875 1 0.96875
0 0.9171875 0.22031250000000008 0.878125 0.22031250000000008 0.878125 0.4515625000000002 0.9171875 0.4515625000000002
4 0.7265625 0.009375000000000074 0.496875 0.00937500000000006 0.496875 0.4828125000000001 0.7265625 0.4828125000000002
4 0.19687500000000005 0.278125 0.16562500000000005 0.278125 0.16562500000000005 0.31875 0.19687500000000005 0.31875
2 0.8625 0.3281250000000001 0.834375 0.3281250000000001 0.834375 0.3734375000000001 0.8625 0.3734375000000001
4 0.93125 1.0371227580279148e-16 0.7625 9.337931843498569e-17 0.7625 0.1750000000000001 0.93125 0.17500000000000013
4 0.28437500000000004 0.2609375 0.003125000000000032 0.2609375 0.003125000000000061 0.73125 0.2843750000000001 0.73125
2 0.9890625 0.2140625000000001 0.9515625 0.2140625000000001 0.9515625 0.2796875000000001 0.9890625 0.2796875000000001
4 0.490625 0.004687500000000044 0.2421875 0.004687500000000029 0.2421875 0.290625 0.490625 0.2906250000000001
0 0.03593750000000002 0.0859375 1.0524308430172567e-17 0.0859375 1.6169164769992398e-17 0.178125 0.035937500000000025 0.178125
4 0.5593750000000002 0.734375 0.5218750000000002 0.734375 0.5218750000000002 0.7796875 0.5593750000000002 0.7796875
4 0.3734375000000001 0.4125 0.3203125000000001 0.4125 0.3203125000000001 0.484375 0.3734375000000001 0.484375
4 1 0.8984375 0.9828125 0.8984375 0.9828125 0.94375 1 0.94375
0 1 0.2312500000000001 0.9375 0.2312500000000001 0.9375 0.6984375000000002 1 0.6984375000000002
2 0.54375 0.6078125 0.484375 0.6078125 0.484375 0.6734375 0.54375 0.6734375
0 0.07812500000000003 0.096875 0.03281250000000001 0.096875 0.032812500000000015 0.1703125 0.07812500000000003 0.1703125
4 0.996875 0.8484375 0.9671875 0.8484375 0.9671875 0.884375 0.996875 0.884375
0 0.08750000000000001 0.028125000000000004 3.444319122601931e-18 0.028125 9.950255243072244e-18 0.134375 0.08750000000000002 0.134375
4 0.5265625 0.434375 0.459375 0.434375 0.459375 0.534375 0.5265625 0.534375
4 0.515625 0.4 0.4640625 0.4 0.4640625 0.4703125 0.515625 0.4703125
0 0.940625 0.47187500000000016 0.9109375 0.47187500000000016 0.9109375 0.5156250000000002 0.940625 0.5156250000000002
0 0.98125 0.2656250000000001 0.953125 0.2656250000000001 0.953125 0.46875000000000017 0.98125 0.46875000000000017
2 0.5953125 0.6078125 0.4984375 0.6078125 0.4984375 0.725 0.5953125 0.725
4 1 0.5046875000000002 0.9703125 0.5046875000000002 0.9703125 0.6843750000000002 1 0.6843750000000002
4 0.1750000000000001 0.6234375 0.07187500000000006 0.6234375 0.07187500000000008 0.7859375 0.1750000000000001 0.7859375
2 0.5359375 0.671875 0.5015625 0.671875 0.5015625 0.7125 0.5359375 0.7125
4 0.84375 0.4906250000000001 0.7171875 0.490625 0.7171875 0.6687500000000001 0.84375 0.6687500000000002
4 0.25468750000000007 0.5953125 0.1593750000000001 0.5953125 0.1593750000000001 0.73125 0.25468750000000007 0.73125
2 0.9609375 0.20468750000000008 0.9 0.20468750000000008 0.9 0.4750000000000002 0.9609375 0.4750000000000002
4 0.8578125 0.0812500000000001 0.753125 0.08125000000000009 0.753125 0.1921875000000001 0.8578125 0.1921875000000001
4 0.4109375000000002 0.7421875 0.3531250000000001 0.7421875 0.3531250000000001 0.8453125 0.4109375000000002 0.8453125
4 0.9796875 0.4656250000000002 0.95625 0.4656250000000002 0.95625 0.5093750000000001 0.9796875 0.5093750000000001
4 0.859375 9.060472803066747e-17 0.6203125 7.596637175960925e-17 0.6203125 0.2062500000000001 0.859375 0.2062500000000001
4 0.9703125 1.123230736092963e-16 0.8640625 1.0581713748882599e-16 0.8640625 0.05468750000000011 0.9703125 0.05468750000000011
4 0.925 0.5046875000000002 0.8421875 0.5046875000000002 0.8421875 0.6562500000000002 0.925 0.6562500000000002
2 0.10781250000000002 0.14375 0.06250000000000003 0.14375 0.06250000000000003 0.2296875 0.10781250000000005 0.2296875
0 0.08125000000000002 0.084375 0.05 0.084375 0.05000000000000001 0.1234375 0.08125000000000002 0.1234375
2 0.940625 0.13906250000000014 0.9125 0.13906250000000014 0.9125 0.20468750000000008 0.940625 0.20468750000000008
4 0.1390625 0.10625 0.09062500000000002 0.10625 0.09062500000000002 0.165625 0.1390625 0.165625
0 0.03593750000000001 0.0875 0.012500000000000011 0.0875 0.012500000000000015 0.13125 0.03593750000000001 0.13125
4 0.9671875 0.05468750000000011 0.9421875 0.05468750000000011 0.9421875 0.11718750000000014 0.9671875 0.11718750000000014
4 0.8390625 9.892849924362213e-17 0.7765625 9.510147799628666e-17 0.7765625 0.10468750000000009 0.8390625 0.10468750000000009
0 0.9265625 0.34843750000000007 0.915625 0.34843750000000007 0.915625 0.43281250000000016 0.9265625 0.43281250000000016
0 0.9078125 0.04687500000000011 0.8984375 0.04687500000000011 0.8984375 0.10468750000000011 0.9078125 0.10468750000000013
0 0.12343750000000009 0.5921875 0.057812500000000065 0.5921875 0.05781250000000008 0.7125 0.12343750000000009 0.7125
0 0.83125 0.0343750000000001 0.81875 0.0343750000000001 0.81875 0.11718750000000008 0.83125 0.11718750000000008
4 0.253125 0.017187500000000022 0.1 0.017187500000000012 0.1 0.16718750000000002 0.253125 0.16718750000000004
2 0.9296875 0.0640625000000001 0.9171875 0.0640625000000001 0.9171875 0.10937500000000014 0.9296875 0.10937500000000014
0 0.996875 0.5093750000000001 0.9828125 0.5093750000000001 0.9828125 0.5718750000000001 0.996875 0.5718750000000001
4 0.9515625 0.05937500000000011 0.915625 0.05937500000000011 0.915625 0.11562500000000013 0.9515625 0.11562500000000013
1 0.15156250000000002 0.1515625 0.09531250000000002 0.1515625 0.09531250000000002 0.215625 0.15156250000000004 0.215625
0 1 0.7312500000000002 0.9625 0.7312500000000002 0.9625 0.7625000000000002 1 0.7625000000000002
0 0.946875 0.06250000000000011 0.934375 0.06250000000000011 0.934375 0.11250000000000013 0.946875 0.11250000000000013
0 0.3531250000000001 0.6890625 0.2968750000000001 0.6890625 0.2968750000000001 0.734375 0.3531250000000001 0.734375
4 1 0.89375 0.9875 0.89375 0.9875 0.9734375 1 0.9734375
0 0.10312500000000005 0.1984375 0.08906250000000002 0.1984375 0.08906250000000002 0.228125 0.10312500000000005 0.228125
2 0.16562500000000008 0.5015625 0.003125000000000061 0.5015625 0.0031250000000000917 1 0.16562500000000013 1
0 0.07031250000000003 0.140625 0.029687500000000023 0.140625 0.029687500000000023 0.184375 0.07031250000000003 0.184375
0 0.10937500000000004 0.1890625 0.09687500000000002 0.1890625 0.09687500000000002 0.2140625 0.10937500000000004 0.2140625
0 0.9953125 0.95 0.025000000000000112 0.95 0.025000000000000116 1 0.9953125 1
4 0.996875 0.95 0.025000000000000112 0.95 0.025000000000000116 1 0.996875 1