0 0.55152165 0.4076805125000001 0.547117644431124 0.15537519530061095 0.339336794431124 0.15900202342561087 0.34374079999999996 0.4113073406250001
0 0.4056349031280613 0.6446376767378742 0.3999492359375001 0.31890604531250005 0.2202891031219389 0.3220420248246259 0.22597477031250005 0.64777365625
4 0.9601732968750001 0.8998422671874999 0.9542013015625003 0.5577068828125001 0.6917412812300286 0.5622881394808433 0.6977132765425285 0.9044235238558432
4 0.8295066671895486 0.5762921860548562 0.8207395609375002 0.0740249453125 0.6317058562479516 0.07732454050764384 0.6404729625000001 0.57959178125
4 0.6696391921875 0.9971151015625 0.6638035437479 0.6627910280046828 0.45602269375000004 0.66641785625 0.4618583421896001 1.0007419298078173
0 0.12017508437499999 0.8535577078125 0.11513024687487579 0.5645392328053831 0.027643573437500003 0.56606631875 0.032688410937624215 0.855084793757117
1 0.995506207818204 0.23818734876428094 0.9913129320673317 -0.0020452043476124615 0.8741432789366277 1.3106526974837607e-11 0.8783365546875 0.24023255312499994
0 0.55730711875 0.38101298125 0.5508033703125 0.0084134875 0.3992639531101589 0.011058617899749474 0.4057677015476589 0.3836581116497495
4 0.19522392733485924 0.9452306359240182 0.1918561578120241 0.7522912765352346 0.1192109734375 0.753559303125 0.12257874296033515 0.9464986625137837
4 1.0010067155989628 0.6428404824023048 0.9981161609375002 0.4772407078125001 0.9231275843602041 0.4785496382148443 0.9260181390216667 0.644149412804649
1 0.9981025265819647 0.4764595776776325 0.9897444600822531 -0.0023737332445994434 0.7733711694377883 0.0014030765777681476 0.7817292359375 0.4802363875000001
0 0.6229788421928754 0.2040586503079528 0.6196247078125001 0.011900420312499998 0.5243267234321246 0.01356385281704715 0.5276808578124998 0.20572208281249998
4 0.26124523594543525 0.0720704192046073 0.2600862859375 0.005674282812499999 0.2132184249920647 0.006492365170392697 0.21437737499999998 0.0728885015625
4 0.20794017813496488 0.9575105786958853 0.20348163437500005 0.7020807375 0.019134715615035165 0.7052985244291148 0.023593259374999963 0.9607283656250001
4 0.134230525 0.136796990625 0.1332624625 0.0813366875 0.09264364841730127 0.08204569103031442 0.09361171091730128 0.13750599415531442
4 0.33475908593750003 0.1653328796875 0.33380465781246604 0.11065370937305252 0.2986537625 0.11126727031250003 0.29960819062503397 0.1659464406269475
0 0.30100780038489383 0.9175989953057819 0.29964433124952405 0.839485893722735 0.234029325 0.8406312078125 0.2353927941353698 0.918744309395547
0 0.259039964066979 0.21431807213160275 0.25643573750000004 0.06512204843749998 0.17676037343302092 0.0665127872433972 0.17936459999999993 0.2157088109374999
0 0.21964609375000005 0.46426240781250006 0.21427402498058684 0.156496787950316 0.030708237500000006 0.159700940625 0.03608030626941322 0.46746656048718405
0 0.0805344203125 0.6417172687500001 0.0782710625 0.5120495203125002 0.0025013531057440155 0.513372084834325 0.004764710918244011 0.6430398332718249
4 0.6335751765625001 0.6320639062500001 0.6280667609375 0.3164869765625 0.45621793905267954 0.31948660881237834 0.4617263546776796 0.6350635384998784
0 0.16875599845252837 0.23464684148597473 0.1648428421875 0.010462240624999997 -0.0031003250150283385 0.013393699139025333 0.0008128312500000005 0.23757830000000002
4 0.799105409375 0.17754327968750003 0.7959694298603328 -0.0021168540351855824 0.6366187031250001 0.0006646234375000005 0.6397546826396672 0.18032475716018562
4 0.9310299781443652 0.8417482901719129 0.9280712500000003 0.6722428593750001 0.8460524937306351 0.6736745020155874 0.8490112218749999 0.8431799328125
4 0.6004698906250001 0.4365181406249999 0.5983019749902169 0.31231830881451467 0.49987946718750004 0.3140362796874999 0.5020473828222832 0.4382361114979852
0 0.1553514750035862 0.7201109705179513 0.15349715622679688 0.6138771517956926 0.09335006716071069 0.6149270234652412 0.0952043859375 0.7211608421874999
0 0.24470473125 0.3778744171875 0.24186871562499998 0.215399165625 0.1660990078009683 0.2167217305893508 0.16893502342596833 0.3791969821518507
4 0.99392813125 0.4163670281249999 0.9911193843750002 0.2554540390625 0.920036462487678 0.2566947961690586 0.9228452093626778 0.41760778523155856
1 0.9901864971671304 0.11247979530740086 0.988209467969029 -0.000784201576141616 0.9171265453125 0.0004565546874999993 0.9191035745106013 0.11372055157104248
0 0.27940309843749994 0.8437460515625 0.27685341093749993 0.6976745515625 0.201083701554876 0.698997116750723 0.203633389054876 0.8450686167507231
0 0.3879046328125 0.6136924 0.3865547984375 0.5363604296875 0.34593598592394736 0.5370694335985721 0.3472858202989474 0.6144014039110721
0 0.4285436187553027 0.0769639049912947 0.42724832343749986 0.002756459374999999 0.38116159374469716 0.0035609059462052895 0.3824568890625 0.07776835156249999
0 0.46966691562499996 0.10515674843750003 0.4680852906097601 0.014545550689411471 0.405594809375 0.015636326562499997 0.4071764343902398 0.10624752431058855
0 0.160058434375 0.18400967187499997 0.15874950311824318 0.10902109336290214 0.11656842812499998 0.1097573671875 0.11787735938175681 0.18474594569959785
0 0.08376802188863261 0.647911777343512 0.08259543904839148 0.5807345101292227 0.0490068046875 0.5813208015625 0.050179387527741134 0.6484980687767893
1 0.658930229705363 0.294069921335874 0.6538853937405977 0.005051446336349917 0.6101420577852347 0.005814989062975916 0.6151868937499999 0.2948334640625
0 0.8568000265625001 0.17028526406249997 0.8544003215784783 0.03280620622790227 0.7606645997034783 0.03444236872790228 0.7630643046874999 0.1719214265625
0 0.52787174375 0.21665791718749997 0.5264810046874999 0.13698255312500002 0.4827376687368054 0.13774609611908 0.48412840779930544 0.21742146018157996
0 0.35380538281249996 0.8088484875 0.3531781874875424 0.7729164602238092 0.32740086406249996 0.7733664046875 0.3280280593874575 0.8092984319636909
0 0.5078156687719496 0.14199657313249586 0.5065885468692086 0.07169478091820661 0.462845209375 0.0724583234375 0.46407233127774106 0.14276011565178928
0 0.4726199156249999 0.18480484218749998 0.4715564093693339 0.12387662311289016 0.4403111687499999 0.12442201093750001 0.4413746750056659 0.18535023001210982
0 0.5692426437611782 0.07997757876538976 0.5682882156250001 0.02529840625 0.5386052374888219 0.025816524359610245 0.539559665625 0.080495696875
0 0.5289374296876586 0.09865259532158845 0.5277512109375 0.030694196875000003 0.4824456124998414 0.031485009365911545 0.48363183125 0.09944340781249998
0 0.7359991875000002 0.32241670000000006 0.7337358296875001 0.19274895156250005 0.6470302859123828 0.19426240168602915 0.6492936437248827 0.32393015012352916
4 0.9284674671941204 0.06823770194177115 0.9272592378306215 -0.0009816980638843258 0.8710178046875002 -2.7755575615628915e-18 0.8722260340509992 0.06921940000565548
0 0.27846803124999997 0.879705346875 0.27779993125 0.8414299265625 0.25749052498094527 0.8417844285958566 0.2581586249809453 0.8800598489083565
0 0.9936101746098214 0.7562680952920371 0.9920149156245242 0.6648757671602348 0.9381168750000001 0.6658165609375001 0.9397121339852973 0.7572088890693024
4 0.9893095187607497 0.42035449124084634 0.9880687609209844 0.3492715678038222 0.9521367343477347 0.34989876406297593 0.9533774921875 0.42098168750000003
4 0.7743617374999999 0.7296217000000002 0.7731891546845524 0.6624444326436427 0.7411627828124997 0.6630034546875001 0.7423353656279472 0.7301807220438574
0 0.3915221828125 1.0000000000000002 0.3885023796615966 0.8269957032034985 0.25024218910701357 0.8294090453389966 0.25326199225791696 1.0024133421354984
4 0.9277418375000002 0.83242925625 0.9260647703043992 0.7363501417233863 0.9018497093750002 0.7367728171875 0.9035267765706012 0.8328519317141139
4 0.945299215625 0.49535275 0.9439084765624999 0.4156773859375 0.8993840093674889 0.41645456363218275 0.900774748429989 0.4961299276946828
4 1.0006601208244699 0.5334548713036007 0.9995420765624999 0.46940212812500004 0.9784515390455256 0.4697702646525327 0.9795695833074956 0.5338230078311333
1 0.9601820140624999 0.18410810468750002 0.958409504687317 0.08256107342701338 0.9310699187499999 0.0830382875 0.9328424281251829 0.18458531876048667
4 0.879019659375 0.7270135203125 0.8781334036577336 0.6762400046782011 0.8484504239702334 0.6767581234282011 0.8493366796874998 0.7275316390625