4 0.5218750000000001 0.521875 0.3078125000000001 0.521875 0.3078125000000001 0.9578125 0.5218750000000002 0.9578125
4 0.9203125 6.6016116516537e-17 0.1578125 1.932645729904417e-17 0.15781250000000002 0.38281250000000006 0.9203125 0.3828125000000001
4 0.9828125 0.24218750000000008 0.44375 0.24218750000000008 0.44375 0.6625000000000001 0.9828125 0.6625000000000002
4 0.259375 0.018750000000000024 0.1015625 0.01875000000000001 0.10156250000000003 0.24375 0.259375 0.24375
4 0.4890625 0.07031250000000004 0.221875 0.07031250000000003 0.22187500000000004 0.4 0.4890625 0.4
0 0.13750000000000004 0.1984375 2.430158492058029e-17 0.1984375 3.807886141098801e-17 0.4234375 0.13750000000000004 0.4234375
4 0.171875 0.023437500000000017 0.10625 0.02343750000000001 0.10625 0.1046875 0.171875 0.1046875
0 0.621875 6.706854735955427e-17 0.4734375 5.79793718971325e-17 0.4734375 0.04531250000000007 0.621875 0.045312500000000075
0 0.428125 0.009375000000000046 0.3078125 0.00937500000000004 0.3078125 0.12812500000000004 0.428125 0.12812500000000004
0 0.13437500000000002 0.13125 0.05468750000000002 0.13125 0.05468750000000002 0.24375 0.13437500000000005 0.24375
4 0.1609375000000001 0.75625 0.10781250000000009 0.75625 0.10781250000000009 0.8390625 0.1609375000000001 0.8390625
0 0.1812500000000001 0.9015625 0.12343750000000009 0.9015625 0.12343750000000012 0.9875 0.18125000000000013 0.9875
0 0.9734375 1.1672414804373209e-16 0.9328125 1.1423658423296405e-16 0.9328125 0.12812500000000013 0.9734375 0.12812500000000013
0 0.296875 0.015625000000000035 0.2484375 0.015625000000000028 0.2484375 0.056250000000000036 0.296875 0.05625000000000004
0 0.921875 0.10781250000000012 0.9046875 0.10781250000000009 0.9046875 0.1406250000000001 0.921875 0.14062500000000014
0 0.1625000000000001 0.715625 0.1359375000000001 0.715625 0.1359375000000001 0.7484375 0.1625000000000001 0.7484375
0 0.4015625 0.009375000000000046 0.334375 0.009375000000000041 0.334375 0.06718750000000004 0.4015625 0.06718750000000004
0 0.609375 6.955611117032232e-17 0.5265625 6.448530801760282e-17 0.5265625 0.01718750000000007 0.609375 0.01718750000000007
0 0.8109375 0.0421875000000001 0.7921875 0.0421875000000001 0.7921875 0.08437500000000009 0.8109375 0.08437500000000009
0 0.9125 0.025000000000000112 0.8828125 0.025000000000000112 0.8828125 0.09843750000000011 0.9125 0.09843750000000011
0 0.9609375 1.1481063742006435e-16 0.9140625 1.1194037148456274e-16 0.9140625 0.026562500000000117 0.9609375 0.02656250000000012
0 0.13125000000000014 0.95 0.09062500000000011 0.95 0.09062500000000012 1 0.13125000000000014 1
4 1 0.565625 0.4 0.565625 0.4000000000000001 0.9984375 1 0.9984375
4 0.4328125 0.007812500000000052 0.4015625 0.00781250000000005 0.4015625 0.05312500000000005 0.4328125 0.05312500000000005
4 0.05312500000000001 0.03281250000000001 4.018372309702252e-18 0.0328125 1.1289712679639664e-17 0.1515625 0.05312500000000002 0.1515625
4 0.215625 0.021875000000000026 0.175 0.021875000000000023 0.175 0.08437500000000002 0.215625 0.08437500000000002
4 0.33125 0.12656250000000005 0.2734375 0.12656250000000005 0.2734375 0.203125 0.33125 0.203125
4 0.04687500000000001 0.03125000000000001 0.014062500000000006 0.03125 0.014062500000000009 0.06875 0.046875000000000014 0.06875
4 0.5984375000000001 0.6875 0.5734375 0.6875 0.5734375 0.7265625 0.5984375000000002 0.7265625
4 0.1625000000000001 0.6109375 0.14218750000000008 0.6109375 0.14218750000000008 0.6484375 0.1625000000000001 0.6484375
4 0.15000000000000008 0.5078125 0.07031250000000007 0.5078125 0.07031250000000007 0.5921875 0.15000000000000008 0.5921875