4 0.7461528853153985 0.10648932490116017 0.7321068730518026 -0.027149554811186905 0.42675757187499996 0.004943949999999997 0.440803584138596 0.13858282971234706
4 0.40322436693995234 0.13232037017429293 0.39023997178827097 0.008782103862328888 -0.012984395151681354 0.051162693063036 5.551115123125783e-18 0.17470095937500005
4 0.9603493344423212 0.09654522407801813 0.94966986883739 -0.005063097634865854 0.9014977140825688 1.6211603171001342e-10 0.9121771796875 0.10160832187500002
4 1.0118786000513749 0.5868134392511608 0.9841948890625 0.32342053125 0.8148153780736251 0.3412230357488391 0.8424990890625 0.60461594375
4 1.032175169128196 0.9468202751636916 1.0000000000000002 0.6406940046875 0.9210057011843041 0.6489966404613087 0.9531808703125 0.9551229109375002
4 0.36024344384567764 0.4109959649728124 0.34048103118324663 0.2229691681148845 0.18819486546256897 0.23897508907957218 0.20795727812499995 0.4270018859375001
2 0.8217609641134505 0.9005925598597638 0.7723549328124999 0.43052556875 0.33647463432404917 0.476338433890236 0.38588066562499984 0.9464054249999998
2 0.233617459375 1 0.2209717234375 0.8796838453125 0.040714629577664765 0.8986296270799874 0.053360365515164765 1.0189457817674874
2 0.727526264255505 0.49729596746132065 0.702292440625 0.25721216562500004 0.4598777279319948 0.2826909778511793 0.48511155156249985 0.5227747796875
4 0.8540909734375 0.2216186625 0.8375134124379725 0.06389370565984856 0.7054284734375 0.0777763921875 0.7220060344370272 0.23550134902765146
4 0.29991480312499996 0.7488402718749999 0.2791724358382576 0.5514898318682719 0.19992147343750002 0.55981944375 0.22066384072424236 0.757169883756728
1 0.6924600516723425 0.37293637917008127 0.6555484374474114 0.021745833874653453 0.591059907650069 0.028523851579572202 0.627971521875 0.379714396875
4 0.749179103125 0.10538570312500002 0.7370726455160372 -0.00979954360716725 0.6438362173910372 1.4283274563098303e-10 0.655942675 0.11518524687500001
4 0.2100035421875 0.416574621875 0.17823668906250006 0.11433320156249997 0.07489964839757221 0.1251943621201125 0.10666650152257215 0.4274357824326125
1 0.9094771628852433 0.6289983983970093 0.886203246875 0.40756188281249983 0.6554430886772569 0.4318157531654906 0.6787170046875001 0.6532522687500001
2 0.6045598625 0.25412986562500006 0.5891255811940987 0.10728249165563566 0.46791822499999985 0.12002189843750002 0.4833525063059011 0.26686927240686437
4 0.10768846098275726 0.4296850301180942 0.07649324683740166 0.13288240120477585 -0.031195214145355598 0.14420091483668168 5.551115123125783e-18 0.44100354375000006
4 0.12703082812499997 0.688455775 0.10204199215410421 0.4507028840572601 -0.0020720187684212243 0.4616457076372334 0.02291681720247455 0.6993985985799733
4 0.23335208281250003 0.6835653875000001 0.2073832921474958 0.4364888543068857 0.10637716249999996 0.44710502656249995 0.13234595316500417 0.6941815597556142
4 0.9242440640624998 0.8591845703125001 0.9093814234190016 0.7177759888865023 0.7912819484375 0.7301887437500001 0.8061445890809982 0.871597325175998
4 0.26743364843749995 0.8284528531249998 0.25395927656249995 0.7002527640625 0.02319911862522589 0.7245066331878536 0.03667349050022585 0.8527067222503536
2 0.9105509613220784 0.04129163959652125 0.9044858309222084 -0.016414232367831016 0.7483148124999998 1.1102230246251566e-17 0.7543799428998696 0.05770587196435227
1 0.4299820828125 0.043097153125000016 0.4261439284776256 0.006579553087937567 0.3826335941026256 0.011152673400437556 0.3864717484375 0.04767027343750001
4 0.8395798919790384 0.9654917482951848 0.8319035827954278 0.892456546712569 0.721573809375 0.9040526734375 0.7292501185586105 0.9770878750201157
4 0.6412339766320947 0.03503364597464927 0.6370453885789916 -0.004818108654717257 0.591204144759397 5.813346470873171e-11 0.5953927328125002 0.0398517546875
2 0.43610165468749995 0.654400015625 0.42695541396708664 0.567379349092202 0.39820751562500006 0.570400875 0.4073537563454135 0.657421541532798
1 0.3924237539918777 0.1640921405338875 0.3901371935704968 0.1423369732921412 0.23862799843750007 0.1582612328125 0.24091455885888088 0.1800164000542463
2 0.7876629751034865 0.8601854150471088 0.7799050031249999 0.7863732421875002 0.7216322358340135 0.7924979568278914 0.7293902078125 0.8663101296875
4 0.0856347953125 0.24975458749999996 0.07338536560703332 0.13320905295405858 0.022882301562499992 0.13851713906250002 0.03513173126796666 0.2550626736084414
4 0.49585161720180626 0.3558941970111136 0.47200606080644747 0.1290188893781168 0.4191720842296413 0.13457196424200324 0.4430176406250001 0.36144727187500003
4 0.898198753155744 0.05830097373000912 0.895340553125 0.031107014062499994 0.875139328094256 0.03323024814499089 0.877997528125 0.06042420781250002
2 0.35171062344388254 0.5839289828732257 0.3468925140625 0.5380877390624998 0.32746825780611744 0.5401293108767742 0.33228636718749993 0.5859705546875
2 0.11224515788130648 0.57767568346715 0.10546714053137549 0.5131871537967221 0.052633165462569 0.5187402281420721 0.0594111828125 0.5832287578125
4 0.14419455625 0.2388863890625 0.13766152788600677 0.17672877017339386 0.08638149194850679 0.18211851861089384 0.0929145203125 0.2442761375
2 0.21390459062499997 0.5732752734375001 0.20859650468750002 0.5227722078124999 0.1635322311445268 0.5275086536839897 0.1688403170820268 0.5780117193089899
2 0.4163509718880417 0.3917444188740833 0.414799378125 0.376981984375 0.4039217952994584 0.3781252639384167 0.4054733890625 0.3928876984375