0 0.7989567125233732 0.729495840772573 0.6779644309230218 -0.03441935919912557 0.07454858558714868 0.06115232190330154 0.1955408671875 0.8250675218750001
0 0.46912037968750003 0.4748332921874999 0.3955472953125 0.010311120312499988 -0.025763512486940525 0.07704019695745465 0.047809571888059524 0.5415623688324546
0 0.1949560656864165 0.9612101472627682 0.14558143750000002 0.6494710140625 0.02057713118858353 0.6692697511747318 0.069951759375 0.981008884375
2 1.0659506814619846 0.8770453623393155 0.9500914062303604 0.14553868425100108 0.8235438372683757 0.16558185003668574 0.9394031124999997 0.8970885281250002
0 0.5302661000147267 0.6011987640601676 0.4359165640625 0.005499232812499988 0.03312491225858047 0.06929516253823706 0.12747444821080722 0.6649946937859046
0 0.19960021406249995 0.9905321453125001 0.15780287968749995 0.7266341656249999 0.03279857297678611 0.7464329030465213 0.0745959073517861 1.0103308827340212
2 1.068150540751701 0.8909347288546657 0.9471582593750002 0.127019528125 0.8159809014357993 0.14779598052033405 0.9369731828125 0.9117111812499997
2 0.9501821298789193 0.6754865296571821 0.944071409375 0.636904953125 0.9193791997968177 0.6408158143421565 0.925489920300737 0.6793973908743387
0 0.6519489157942024 0.7701813338808032 0.610884868677783 0.5109131432940405 0.4905103513210804 0.5299785937882373 0.5315743984374999 0.7892467843750001
4 0.571243992971177 0.6801352483133777 0.563422270274263 0.6307508310085803 0.5186676421875 0.6378392671874998 0.5264893648844141 0.6872236844922972
4 0.21179326461282377 0.4981881590403616 0.20103839371176285 0.4302845856960803 0.1501107119114391 0.4383507391557188 0.16086558281250002 0.5062543125000001
2 0.701055615699096 0.35108963953032335 0.6868787421875001 0.26158038281249996 0.631321273363404 0.2703798214071767 0.645498146875 0.3598890781250001
4 0.09305305788569107 0.5375604598371103 0.085964621875 0.49280583124999994 0.0628156764893089 0.4964722636003896 0.06990411249999999 0.5412268921875
4 0.5955047796875 0.793358996875 0.5867053404835054 0.7378015272316387 0.5388641875 0.7453788218750002 0.5476636267039946 0.8009362915183615
2 0.8456622015624999 0.38513736875 0.8405291952410238 0.3527288448612179 0.8204667750000001 0.3559064203125 0.825599781321476 0.3883149442012821
4 0.23229656728617068 0.5677116865604819 0.2217861264197511 0.5013513756612189 0.18011802475858046 0.507950954725737 0.19062846562500002 0.574311265625
4 0.6181172205107202 0.34682404656401367 0.6046736343749999 0.261944578125 0.5599190060517797 0.26903301437348637 0.5733625921875 0.3539124828125
2 0.7916718187499999 0.6135833750000002 0.7850722404667622 0.571915273215087 0.7542069795292623 0.5768038497775869 0.7608065578125001 0.6184719515625001
4 0.03479740639187199 0.33954829308324447 0.027220112500000004 0.2917071375 -0.00518841107937199 0.2968401428542555 0.002388882812499993 0.34468129843749995
4 0.6680290032212037 0.0826385615449053 0.6543409870258043 -0.00378416961475232 0.6095863588046007 0.0033042672778423876 0.623274375 0.08972699843750001
4 0.44302360468749996 0.9393218531249999 0.43764617031249997 0.9053700656250001 0.4129539622931372 0.9092809268189201 0.4183313966681371 0.94323271431892
4 0.49166037669527407 0.896815057088302 0.4862829420788546 0.8628632696265394 0.46467725913358066 0.8662852734757372 0.47005469375000014 0.9002370609374999
4 0.32785421418893435 0.631675680485775 0.2836125920725148 0.35234507114901226 0.13237281538358045 0.37629909847573706 0.17661443749999997 0.6556297078124999
0 0.7673819891668214 0.9496456256586588 0.7448945342761389 0.8076654259383156 0.6476689622968175 0.8230644440296567 0.6701564171875 0.96504464375
0 0.2778706375529797 0.7455847440845007 0.2553831826240601 0.6036045441227377 0.17050371538358045 0.6170481312882371 0.19299117031250002 0.7590283312500001
4 0.07980135793320978 0.17422269138713148 0.06855763125 0.10323259062500001 0.03306258112929024 0.10885445392536855 0.0443063078125 0.1798445546875
4 0.48252545958826226 0.8191630482214842 0.4759258811836056 0.7774949448933018 0.4543201984375001 0.7809169484375001 0.46091977684215674 0.8225850517656825
4 0.5957061312875501 0.7047364080495818 0.5898398388586307 0.6676980940253189 0.5636043669460806 0.6718533844132372 0.5694706593750001 0.7088916984375001
2 0.7248751921875 0.9010088546875 0.7143647514490437 0.8346485430336645 0.6696101234375 0.8417369796875 0.6801205641759563 0.9080972913413354
4 0.6256083609374999 0.2143334953125 0.6114314875 0.12482423906249998 0.5558740171516412 0.13362367789859622 0.5700508905891412 0.22313293414859628
2 0.9095158921875001 0.39875358906249997 0.8992498795865334 0.3339365415500229 0.868384618788237 0.3388251189914196 0.8786506313892035 0.40364216650389667
4 0.23339437502038138 0.145150015753683 0.224106078125 0.08650602031250001 0.1886110281046186 0.09212788424631702 0.19789932500000001 0.1507718796875
4 0.2059511187835706 0.17164427521195663 0.19397410451788816 0.09602438642911326 0.15230600135931754 0.10262396590465668 0.16428301562499997 0.17824385468750004
2 0.81824276875 0.631522625 0.8131097623250584 0.5991141004579623 0.7884175531250001 0.6030249624999999 0.7935505595499416 0.6354334870420376
4 0.6505786109375 0.1122960359375 0.6398237406556804 0.04439246249514069 0.5981556375306802 0.05099204218264071 0.6089105078125 0.11889561562500002
2 0.9674262765625 0.8942320718750001 0.9593601252031826 0.8433043919078436 0.9254083374617631 0.8486818263210806 0.9334744888210806 0.899609506288237
4 0.1403335594953941 0.3766202179476381 0.1310452625 0.317976221875 0.10326652800460594 0.32237594142736187 0.112554825 0.38101993749999996
2 0.8180848188233227 0.30091449890044053 0.8061078045194032 0.2252946098761776 0.7613531763210805 0.23238304691323713 0.7733301906250001 0.30800293593750006
4 0.4103471531799818 0.21362403159714125 0.3883485561017994 0.07473035843929791 0.32661803417181756 0.08450751277965665 0.34861663125 0.22340118593749997
4 0.25428080625 0.6765500750000001 0.24719236929325147 0.6317954467889575 0.21478384429325148 0.6369284530389574 0.22187228125000003 0.6816830812500001
4 0.5675488421874999 0.5968757343750001 0.5604604046874999 0.5521211062500001 0.5249653547151114 0.5577429704868321 0.5320537922151114 0.602497598611832
4 0.11042219062500003 0.16779085000000002 0.09868960605216726 0.09371422478385795 0.05547824042716724 0.10055823259635796 0.067210825 0.17463485781250004
4 0.6271131168444104 0.47353935293186433 0.618313678086763 0.41798188413358045 0.5720157859375 0.42531474999999996 0.5808152246951475 0.48087221879828385
4 0.6118818376810189 0.3873610527054082 0.6018602546875 0.32408726718749997 0.5509325748189813 0.3321534191695917 0.5609541578125001 0.3954272046874999
4 0.23611148598829565 0.731633045633211 0.22926747793437613 0.688421680046448 0.1968589544460805 0.6935546859757371 0.20370296250000006 0.7367660515625001
4 0.8496882593948243 0.1408752829376655 0.8413776779034048 0.08840433922590256 0.8120556810085805 0.0930484875382371 0.8203662625 0.14551943125000005
4 0.11361869375000003 0.56752469375 0.107019115625 0.5258565921874999 0.07924038124999998 0.5302563109375 0.08583995937500001 0.5719244125
4 0.6254598750000001 0.07356108125 0.613971718744656 0.001027718716258963 0.5707603546874999 0.007871726562500014 0.582248510942844 0.08040508909624104
4 0.2725698921875 0.7021289500000001 0.26523702733624976 0.6558310592524501 0.2312852398362497 0.66120849362745 0.2386181046875 0.707506384375
4 0.609044311072955 0.7390093133552289 0.60317801875 0.701971 0.578485809239545 0.7058818616447711 0.5843521015625 0.7429201749999998
4 0.27850340944658136 0.539827544201947 0.2692151140625 0.4811835484375001 0.2321768014909186 0.4870498401730531 0.24146509687499998 0.5456938359375
4 0.7141878720126437 0.124368994619048 0.7070994359375 0.07961436562499999 0.6777774389248563 0.08425851319345198 0.6848658750000001 0.12901314218749999
4 0.6978493218987964 0.27091665171274426 0.6866055953125001 0.1999265515625 0.6495672827887036 0.20579284359975575 0.6608110093749999 0.27678294375000007
0 0.43703297505632077 0.47200555504309544 0.38790277656250005 0.16180968593750006 0.19190837181867923 0.19285214964440459 0.24103857031249998 0.50304801875
4 0.8237739063796099 0.13706983050582475 0.8161966125 0.08922867500000002 0.7868746154953901 0.09387282261917529 0.7944519093749999 0.14171397812500003
4 0.18461858283041074 0.23672011105058396 0.169219565625 0.139494540625 0.10594578123208923 0.149516123324416 0.12134479843749997 0.24674169375
4 0.6803411703125001 0.6897495578124999 0.6752081647053398 0.6573410342731841 0.6520592178303398 0.6610074670856841 0.6571922234375001 0.6934159906249999
0 0.4103324703125 0.6929653156250001 0.37806786076083154 0.48925459419705924 0.2669529219132371 0.5068534721164195 0.2992175314649056 0.7105641935443604
4 0.14721607490512623 0.16038129508005083 0.1357279187117629 0.0878479325710805 0.09251655312499998 0.09469194062500001 0.10400470931836332 0.16722530313397035
4 0.57317070625 0.632370784375 0.5660822700409283 0.5876161560455371 0.5290439559784283 0.593482448233037 0.5361323921875 0.6382370765625
4 0.6783906330009373 0.5176230261897459 0.6725243405720176 0.48058471216548293 0.6416590794460804 0.48547328910073706 0.6475253718749998 0.522511603125
4 0.20799270343800091 0.36432208635120983 0.19870440781250007 0.30567808906249994 0.16166609347523625 0.31154438107770954 0.1709543891007371 0.37018837836641943
4 0.4023433312499999 0.12313706093750003 0.38963303124999993 0.042887382812500006 0.3479649295442689 0.04948696159567476 0.3606752295442689 0.12973663972067478
4 0.4232920937500001 0.614977828125 0.41253722340403387 0.547074254476203 0.3569797546875 0.55587369375 0.36773462503346616 0.623777267398797
4 0.7820865518195571 0.2733945531854949 0.7735315421875001 0.21938034531250006 0.7364932294304429 0.22524663743950518 0.7450482390625 0.2792608453125
4 0.34999215625 0.21210948749999997 0.3399705733717416 0.14883570270981722 0.30601878593750004 0.1542131375 0.31604036881575853 0.21748692229018274
0 0.8450725046875001 0.681060421875 0.8145188984375 0.4881525421875 0.7003174341972612 0.5062402770028022 0.7308710404472613 0.6991481566903023
4 0.9161732314685122 0.051246260754630256 0.9069339239807951 -0.007088436171810297 0.8621792953125003 2.2204460492503132e-17 0.8714186028002171 0.058334696926440575
4 0.8245404812972075 0.551426326860556 0.8176964732432879 0.5082149612737933 0.7883744763210804 0.5128591094132371 0.795218484375 0.556070475
4 0.3685158828125 0.55879248125 0.35678329843749995 0.4847158546875 0.30894214355967275 0.4922931487983214 0.3206747279346728 0.5663697753608214
2 0.930623251720947 0.20240934787539552 0.9137576608162903 0.09592419767221302 0.8690030328124998 0.10301263437500001 0.8858686237171565 0.20949778457818252
2 0.9076994815210041 0.33734418764855306 0.8986556140538475 0.2802434546328706 0.8585307749999999 0.2865986046875 0.8675746424671565 0.3436993377031824
4 0.35266619065929666 0.7084266642790407 0.34215575 0.6420663531249999 0.2927713327782032 0.6498880763459591 0.30328177343749996 0.7162483875
2 0.9082839594156367 0.7105981299440687 0.8997289484375003 0.6565839234374999 0.8781232655843638 0.6600059278684312 0.8866782765625002 0.714020134375
4 0.15120330166576568 0.684966064714494 0.14387043579934616 0.638668172565231 0.11917822632108048 0.642579034413237 0.1265110921875 0.6888769265625
4 0.38344529688248163 0.5232063812972374 0.371957140625 0.45067301875 0.31639967030501837 0.4594724577652626 0.3278878265625 0.5320058203125
4 0.17250711875000002 0.5597796609375 0.165174253125 0.5134817703125 0.14202530781249997 0.517148203125 0.14935817343750002 0.56344609375
4 0.5911533577005035 0.18656911852026278 0.575509910899263 0.08780028413358046 0.5091496 0.098310725 0.5247930468012405 0.19707955938668234
4 0.4813894703125 0.9917784375000002 0.4757676068681474 0.9562833874020953 0.43872929374999997 0.9621496796875002 0.44435115719435264 0.9976447297854051
4 0.25481795950296315 0.10062545862042746 0.24430751874999998 0.034265146875 0.19955289049703687 0.04135358356707252 0.21006333125000004 0.1077138953125
4 0.6322363328125 0.8255087328125 0.6251478968749999 0.7807541046875002 0.5865663201355331 0.7868648254451749 0.5936547560730332 0.8316194535701749
2 0.07177306429901867 0.88263785930582 0.061751481206862024 0.8193640747276374 0.04477558749999999 0.8220527921874998 0.05479717059215663 0.8853265767656824
4 0.5412370047644706 0.10113846454847297 0.525349129523051 0.0008263661492100782 0.4497292403835805 0.012803379725737096 0.465617115625 0.11311547812499997
4 0.0203088797661193 0.4478354926838827 0.014442587499999998 0.4107971796874999 -0.005866292266119311 0.4140137901286171 -1.1102230246251566e-17 0.4510521031249999
4 0.18382785937499999 0.11186918593749999 0.17331741875 0.045508875000000004 0.1347358436326032 0.05161959613378577 0.1452462842576032 0.11797990707128576
4 0.30085216833110007 0.2214744732563715 0.28789743902426285 0.13968153257108046 0.2246236546875 0.149703115625 0.2375783839943372 0.23149605631029108
4 0.27329860937499995 0.3571426000000001 0.26229931086127534 0.28769576201873676 0.23143404999999997 0.29258433906250003 0.2424333485137246 0.3620311770437633
4 0.8790053625301771 0.2960115626905328 0.8731390703124997 0.25897325000000004 0.8499901249698224 0.2626396826219673 0.8558564171875 0.29967799531250006
4 0.4990320735449979 0.17426609286621528 0.48998820624999995 0.11716535937500003 0.454493156142502 0.12278722275878473 0.4635370234374999 0.17988795625000004
4 0.07018704844084894 0.2833198672086444 0.0628541828125 0.2370219765625 0.03661871093415106 0.24117726716635562 0.0439515765625 0.2874751578125
4 0.8002460815414197 0.5378724374538437 0.79462421875 0.5023773875 0.7699320091718176 0.5062882487171566 0.7755538719632373 0.5417832986710003
2 0.14146432968750003 0.8731818234375 0.1263097410247249 0.7774995155616898 0.0599494300872249 0.7880099561866898 0.07510401875000003 0.8836922640625
2 0.11066140000000002 0.838511109375 0.09428466718750002 0.7351124859375 0.032554145203864515 0.7448896399391026 0.04893087801636452 0.8482882633766027
4 0.020323239062499998 0.4778907765625 0.014456947441817025 0.4408524635546026 -0.005866291620682962 0.4440713479296027 1.1102230246251566e-17 0.4811096609375
2 0.16936772656720947 0.7896635219047343 0.161546003125 0.7402791046874999 0.13222400468279055 0.7449232530952657 0.140045728125 0.7943076703125
4 0.5062928187499999 0.5796841296874999 0.469384062493699 0.34665141246021774 0.322774075 0.36987215312500005 0.35968283125630085 0.6029048703522822
4 0.08969827968750002 0.3166150578125 0.0794322671875 0.25179800937499996 0.0377641655659305 0.2583975886895499 0.048030178065930504 0.3232146371270499
4 0.1106379001240299 0.10922354609559393 0.10379389218749999 0.06601217968750002 0.06829884362597012 0.07163404296690609 0.07514285156250002 0.11484540937500001
0 0.9557132689557537 0.1810337356740793 0.9249885164506617 -0.012954728486604483 0.8431955749999999 2.2204460492503132e-17 0.8739203275050919 0.1939884641606838
4 0.43391316093750004 0.0627677046875 0.4256025796875 0.010296760937500005 0.393194056205853 0.01542976690876694 0.4015046374558531 0.06790071065876693
4 0.5831495359375 0.09608214843750001 0.5704392358597279 0.0158324698214665 0.5195115546875 0.02389862187499997 0.532221854765272 0.10414830049103348
0 0.9540306609375 0.7397380296875002 0.910522325 0.46503720937500004 0.7932343344790722 0.48361380221958516 0.8367426704165721 0.7583146225320853
0 0.962451545326642 0.6830351063392907 0.9304313656249998 0.48086764843749996 0.9041958937358577 0.48502293897320925 0.9362160734374999 0.6871903968749999
2 0.3841593297898189 0.6575613147085163 0.37169345767339934 0.5788548991217534 0.2914437794460804 0.591565200038237 0.30390965156249994 0.670271615625
2 0.3832821267627437 0.8617752528267891 0.36812753906250006 0.7660929437500001 0.32645943577549347 0.7726925224146305 0.3416140234757371 0.8683748314914196
4 1.0156434472671922 0.8865952212307173 0.9999999999100504 0.7878263869320808 0.9471530401428584 0.7961965235138637 0.9627964875000001 0.8949653578125
4 0.9902684624999999 0.9285816671875 0.900807503125 0.363747396875 0.5705492139140412 0.4160551709376687 0.6600101732890412 0.9808894412501686
2 0.2975639664738593 0.8199824873655539 0.2831426640242629 0.7289299685085804 0.23993129843749994 0.7357739765625 0.2543526008870963 0.8268264954194734
4 0.953024551696493 0.16405784147099914 0.9400698234375 0.08226490000000002 0.9045747733035068 0.08788676321650088 0.9175295015624998 0.1696797046875
4 0.4071836125 0.7330134640625 0.3991174609028071 0.6820857841559576 0.36825220000000003 0.6869743609375 0.37631835159719296 0.7379020408440425
2 0.7562149517555727 0.8691515199690132 0.7486376577259162 0.8213103650783307 0.7239454484375 0.8252212265625 0.7315227424671567 0.8730623814531825
4 1.0535422463063133 0.9185600851011715 0.8971077824168514 -0.06912825592868163 -0.07206140252301149 0.08437306181105222 0.08437306136645027 1.0720614028409055
2 0.8363784750000001 0.6761095140624999 0.829045609375 0.629811621875 0.7981803482638078 0.6347001989033515 0.8055132138888078 0.6809980910908515
0 0.9833337296875 0.3554224578124999 0.9208074320768711 -0.03935304534380981 0.6723420839036304 7.465759122027294e-11 0.7348683815142593 0.39477550323096733
0 0.95580399375 0.7109815796874999 0.9196285234375001 0.48257865000000005 0.8810469483307974 0.48868937120130684 0.9172224186432973 0.7170923008888067
4 0.8005237989129979 0.9491424092996885 0.7264618578125001 0.481533709375 0.4996021904218176 0.5174647502796565 0.5736641315223154 0.9850734502043451
4 0.23531586875000002 0.7665625484374999 0.2289607186913465 0.7264377090046763 0.1980954578125 0.7313262859374999 0.20445060787115352 0.7714511253703236
2 0.8849241968750002 0.613051440625 0.8778357609287617 0.5682968124448273 0.8500570265624999 0.5726965312500001 0.8571454625087384 0.6174511594301728
4 1.0041578296265776 0.9263818082429915 0.9767817984375 0.753536346875 0.8101093903756181 0.7799346624879648 0.8374854215646957 0.9527801238559563
4 0.3244273156922458 0.7698504254245738 0.25085423111739047 0.3053282522877363 -0.02693311426235535 0.34932544561316264 0.046639970312500015 0.81384761875
2 1.010266014369412 0.7086835491776726 0.9999999999186912 0.6438665026116364 0.980467482424279 0.6469601503089639 0.9907334968749998 0.7117771968750002
4 0.5682243672107107 0.9906809548340461 0.5234938875000001 0.7082638187500001 0.27811506556117305 0.7471280058470124 0.3228455452718836 1.0295451419310584
0 0.10642452510679497 0.981560072549277 0.09200322343750003 0.8905075531250002 0.05650817333070507 0.8961294165132234 0.070929475 0.9871819359375003
4 0.5219796677125499 0.2592222483543403 0.51489123125 0.21446762031249994 0.47785291822495013 0.22033391258315968 0.4849413546875 0.26508854062500004
4 0.38868371063110957 0.6062214669885518 0.377439982774263 0.5352313669460805 0.3249690390625001 0.5435419484375 0.3362127669193467 0.6145320484799713
4 0.9315148125128294 0.028250693747968025 0.9266144912053168 -0.0026887172794130888 0.9096385984375001 0 0.9145389197450127 0.030939411027381115
0 1.0358859326714362 0.6872240094718073 0.9628017062500002 0.22578836249999998 0.9010711842876248 0.23556551663583405 0.9741554107090611 0.6970011636076414
2 0.5263457749792022 0.3866708419433183 0.5160797624617629 0.3218537950710804 0.4574357671700606 0.3311420921902621 0.4677017796875 0.39595913906249997
0 0.1463816250978504 0.964157652180303 0.13489346875000002 0.8916242890625 0.09013884052714963 0.8987127259446972 0.10162699687500003 0.9712460890625001
4 0.9362500109375003 0.07812396874999998 0.9306281468390448 0.04262891852298689 0.9013061484374999 0.0472730671875 0.9069280125359553 0.08276811741451309
0 0.16155035624999997 1 0.14977491093749998 0.925652765625 0.06335217975254383 0.9393407817748992 0.07512762506504383 1.0136880161498991
4 0.536501484021584 0.5606617560584999 0.520858037461763 0.4618929231960805 0.4544977265625 0.47240336406249994 0.470141173122321 0.5711721969249194
4 0.5310760765625 0.5963245453125 0.5200767780284322 0.5268777087652949 0.4691490984375001 0.5349438609375 0.48014839697156797 0.6043906974847052
0 0.9395998938231539 0.45884979889937655 0.9327558859374999 0.4156384328125 0.9034338889893461 0.42028258078812347 0.910277896875 0.463493946875
0 1.0119893420896533 0.6562053684614166 0.9802135905219345 0.4555811743492718 0.9524348562499998 0.45998089375000006 0.9842106078177186 0.6606050878621449
2 0.577273454690849 0.37860469064614427 0.5589412903869293 0.2628599625593814 0.4632589825710804 0.278014551600737 0.48159114687500004 0.3937592796874999
4 0.993110884375 0.417152978125 0.9650015657161836 0.2396777296730579 0.9356795672786837 0.24432187811055783 0.9637888859375001 0.42179712656249996
4 0.15969140953734956 0.42892342290003505 0.13427080937499997 0.268424065625 0.032415449837650406 0.28455636928746497 0.05783604999999999 0.4450557265625001
2 0.5086078765625001 0.32461920312500003 0.502252726510652 0.28449436373514436 0.4683009390624999 0.2898717984375 0.474656089114348 0.3299966378273557
4 0.840984440625 0.45548523124999984 0.8131195515625 0.27955324531250003 0.6881152452409778 0.2993519823609263 0.7159801343034777 0.4752839682984261
4 0.2427975439548284 0.4442362856682355 0.22153223433840882 0.3099724013314725 0.12739318882108047 0.32488256097573703 0.1486584984375 0.4591464453125
2 1.0014596470636437 0.7195702021201701 0.959173456249626 0.45258569687263933 0.8989861983396373 0.46211842189049995 0.9412723891536551 0.7291029271380307
4 0.9189141671875 0.8576202859375002 0.9015597187025334 0.7480486106378083 0.7981610953125 0.7644253437499999 0.8155155437974665 0.873997019049692
4 0.37414753593749994 0.27472667500000003 0.35801523115449774 0.17287131345952264 0.30091449843749996 0.18191518125000003 0.3170468032205022 0.2837705427904774
4 0.9791591859597784 0.4589121298281592 0.9723151781250001 0.4157007640625 0.9491662327902217 0.4193671967343408 0.956010240625 0.46257856250000007
4 0.9331677301091738 0.9376255343082134 0.9009031218750001 0.7339148140624999 0.6647838777033264 0.7713124281917865 0.6970484859374999 0.9750231484374998
4 1.0085550105937153 0.9256853614754237 0.9999999998715182 0.8716711554387986 0.929242508027803 0.882878042400875 0.9377975187499998 0.9368922484375
4 0.9190342579132371 0.42888556313602855 0.8953246593750002 0.27918904843750003 0.813531718649263 0.29214377748897136 0.8372413171875 0.4418402921875
2 0.168370757863265 0.9132156128205173 0.15492717012184545 0.8283361456712545 0.11017254194608044 0.835424582850737 0.12361612968749998 0.9203040499999998
0 0.1514235815549982 0.9760149003631833 0.1453128609375 0.9374333234375 0.11444759997465834 0.942321899839999 0.12055832059215654 0.9809034767656823
2 0.9916632390625002 0.787564825 0.9813972281250003 0.7227477765625001 0.9536184935266817 0.7271474954650236 0.9638845044641817 0.7919645439025235
4 0.20510231099864415 0.9453653488235488 0.1958140140625 0.886721353125 0.14797285931385584 0.8942986480514511 0.15726115624999998 0.9529426437499999
0 0.10618009713756374 0.9800168093334143 0.09933608902426294 0.936805443508581 0.07618714218750003 0.9404718765625004 0.08303115030080083 0.9836832423873337
4 0.9131053110461356 0.9408031100608973 0.8967285781250001 0.8374044859374999 0.8349980561413645 0.8471816399391023 0.8513747890625 0.9505802640624997
0 0.9450204062499997 0.5829674374999999 0.9318212483921261 0.49963123408852106 0.9210184078125 0.5013422359375 0.9342175656703736 0.5846784393489789
0 0.9736760188066567 0.8837503487952171 0.9646321515624999 0.8266496171875 0.9553725733808429 0.8281161902672831 0.9644164406249998 0.8852169218750003
0 0.1136523064764245 0.46785483580458803 0.09483128588426788 0.3490235809139056 0.030014237500000013 0.3592895921875 0.048835258092156636 0.4781208470781825
0 0.9000115609813392 0.9080734674642897 0.88705683125 0.8262805265624997 0.8747107265186607 0.82823595753571 0.88766545625 0.9100288984375
4 0.3292398921875 1 0.3082277859375 0.8673347843749998 0.15698800931451629 0.8912888121181208 0.17800011556451628 1.023954027743121
2 0.9925929829414052 0.8633524523763754 0.9855045468749999 0.8185978234375 0.973158442096832 0.8205532541150442 0.9802468781632371 0.8653078830539196
0 0.9892910718750002 0.41301204687500004 0.9795139171875002 0.351281525 0.965624548536392 0.35348138499937887 0.975401703223892 0.4152119068743789
4 1.0087994358112389 0.8655315333394984 1 0.8099740625 0.9706374638192191 0.8146246297139825 0.9794368996304579 0.8701821005534809
1 0.21035997812499999 0.8986552906249999 0.20033839512058244 0.8353815050382799 0.144780925 0.84418094375 0.15480250800441758 0.90745472933672
0 0.9576687003345169 0.19337983900951777 0.9527801234375 0.16251457812500003 0.915741810602983 0.16838087036548227 0.9206303874999999 0.19924613125
0 1.0078217304227226 0.8625224302844365 0.9999999997803333 0.8131380142380802 0.9896454709201103 0.8147780120786438 0.9974672015625 0.8641624281250001
0 0.325357384375 0.33624148593750003 0.3182689486826291 0.29148685752619974 0.2627114780867629 0.3002862950710805 0.2697999137791338 0.3450409234823808
4 0.9322481000021915 0.032880482826337 0.9267306322632225 -0.001955431148818887 0.914384527573531 8.734413192712509e-11 0.9199019953124999 0.034835914062500015
0 0.15518595781249997 0.8599346937499999 0.150541809375 0.8306126953125 0.13665244199753707 0.8328125550506211 0.14129659043503703 0.862134553488121
2 0.16949728288446203 0.5507645113918503 0.09152447807275017 0.05846360435760768 -0.06897487824921186 0.08388420546575731 0.008997926562500003 0.5761851124999999
0 0.1318213015625 0.9221684312499999 0.12497729370817479 0.8789570669234259 0.08485245468750002 0.8853122171875001 0.09169646254182524 0.9285235815140741
0 0.16282558295232827 0.8682165571328412 0.15891472173517168 0.8435243475546587 0.14656861718749997 0.8454797781249999 0.15047947840465656 0.8701719877031824
0 0.780271803125 0 0.77245007989948 -0.04938441699795053 -0.007821723225520065 0.07419849550204946 -2.7755575615628915e-18 0.1235829125
4 0.78027180625 1.7763568394002506e-16 0.7724500830542729 -0.049384417007630646 -0.007821723195727144 0.07419849549236916 2.7755575615628915e-18 0.1235829125