0 0.7127423796875001 0.7270887343750001 0.7058715421744691 0.5303336655708915 0.604370910924469 0.5338781452583914 0.6112417484375 0.7306332140625
0 0.770593961331481 0.2794845749862419 0.7637503874999999 0.08351027968749998 0.5638722214810189 0.09049017970125812 0.5707157953124999 0.286464475
0 0.3789180234375 0.3009794625 0.36855723591417866 0.004285310269663467 0.19054074375000002 0.010501782812499999 0.20090153127332133 0.3071959350428365
4 0.42990705 1 0.4204056890181992 0.7279166409188903 0.00815697247242562 0.7423126844087011 0.017658333454226464 1.014396043489811
4 0.4058014765837705 0.5783352006091096 0.39159629062499995 0.17155190312499996 0.03322098591622942 0.18406664470339043 0.047426171875 0.5908499421875
4 0.8654370328125 0.9359495000000001 0.8375992312359841 0.1387791605361405 0.37928484374999993 0.15478385156250002 0.4071226453265157 0.9519541910263596
4 0.9745668875 0.524077521875 0.957198934364078 0.026724430937234943 0.7463899312499999 0.034086043749999996 0.763757884385922 0.5314391346877649
4 0.12285881875 0.2661445796875 0.1140248858104856 0.013173776512371754 -0.008833932939514396 0.01746409994987176 1.3877787807814458e-18 0.270434903125
4 1.0045805589800365 0.9826844308549223 0.9999999999857392 0.8515143839666279 0.8829561046875 0.8556016468750001 0.8875366636817972 0.9867716937632943
4 0.9347548046970505 0.23466564246099364 0.931673834375 0.1464381703125 0.8824850671779494 0.14815587941400638 0.8855660375 0.2363833515625
0 0.7596631906250001 0.7723537953125 0.7549735702987098 0.638060652730098 0.687046225 0.640432728125 0.6917358453262903 0.774725870707402
2 0.7998718453125 0.98357920625 0.792701089299764 0.7782356234292146 0.5069377734374999 0.7882146984375 0.5141085294502359 0.9935582812582855
4 1.0084249611022191 0.832458748403131 0.9999999998957166 0.5911995563887158 0.9019846450434976 0.594622329860585 0.91040960625 0.8358815218750001
2 0.9299115453125 0.364601321875 0.9265033906043154 0.26700456190766675 0.8835608156250002 0.26850415000000005 0.8869689703331847 0.36610090996733324
2 0.8999199890678359 0.9832123532778002 0.8942215546383384 0.8200305689047033 0.7997478905705026 0.823329662501903 0.8054463249999999 0.986511446875
4 0.9842981203421385 0.9818292570987339 0.9824713499751413 0.9295173930381366 0.9098593593205028 0.932053059376903 0.9116861296875 0.9843649234375003
2 0.8098211328125 0.9550896265625 0.8061403265592384 0.8496851249066026 0.7319667890624999 0.8522753218749999 0.7356475953157615 0.9576798235308972
4 0.428343596875 1 0.4254968578125 0.9184800484375002 0.37396576821827315 0.9202795535018351 0.37681250728077315 1.001799505064335
4 0.32046538125 1 0.3174773811913282 0.9144349076948597 0.123064634375 0.9212239531249999 0.12605263443367182 1.0067890454301403
0 0.9798909703124998 0.13928230781249998 0.9749795188565479 -0.001363261596542542 0.9359408140624998 5.551115123125783e-18 0.9408522655184518 0.14064556940904252
4 0.9909705390625 0.23270254531249995 0.9888438515625 0.171802165625 0.9498051468299918 0.17316542683612607 0.9519318343299918 0.23406580652362602
4 0.7274011234420019 0.8782317235664163 0.723556725 0.768142578125 0.660314023432998 0.7703510623710835 0.6641584218750001 0.8804402078125
2 0.27611370312500005 0.8939910281250002 0.2744777890499858 0.8471445824541408 0.24715069687499996 0.848098865625 0.24878661095001417 0.8949453112958594
2 0.7499865531250001 0.8086511171874999 0.7483506390493516 0.7618046714984752 0.7272697390625 0.7625408328125001 0.7289056531381485 0.8093872785015248
2 0.49553354374999986 0.9988972921875 0.49327052968749985 0.9340930421875001 0.46047801715390746 0.935238181850535 0.4627410312164074 1.000042431850535
4 0.9991154140678955 0.5107126485920023 0.9945621203125002 0.38032337656250004 0.9383463859321047 0.38228647328299786 0.9428996796875 0.5126757453125
2 0.7120235984513837 0.9303626488350805 0.7108239280843864 0.8960085878994836 0.6819352874455027 0.8970174015644028 0.6831349578125 0.9313714624999998
2 0.8468273500366517 0.9850663901120672 0.8450005796875001 0.9327545250000002 0.8153311655883485 0.933790603637933 0.8171579359375001 0.9861024687500001
4 0.14199403594869198 0.679791251882997 0.1326420625 0.41198574062499993 0.09516490624071107 0.41329447160900007 0.10451687968940307 0.6810999828669971
1 0.36522603437499995 0.7595491546875 0.36285395932591363 0.6916218079693521 0.33162299531249995 0.6927124171874999 0.33399507036158627 0.7606397639056477
0 0.0499881125 1 0.049401706249999996 0.9832075109374999 0.021293838878371038 0.9841890586425214 0.021880245128371036 1.0009815477050215
1 0.028412453125000008 0.5164682 0.025086095290341216 0.4212137618654553 -0.002240997377050691 0.42216804484242515 0.001085360457608106 0.51742248297697
2 0.6923431437499998 0.9935880015624999 0.6907344946690817 0.9475223297099689 0.6118763118565818 0.9502761187724686 0.6134849609374999 0.9963417906249997
2 0.7764833172009459 0.9406192847600401 0.7756108296875 0.9156345140625 0.762337670299054 0.9160980230524599 0.7632101578124999 0.94108279375
0 0.8922213078707543 0.9866081032306754 0.8910761687500003 0.9538155906249998 0.8699952686917461 0.9545517514568242 0.8711404078125001 0.9873442640624999
2 0.8013243321211275 0.9804015796570796 0.8007244968730969 0.9632245499455026 0.7913552078125 0.9635517328125 0.7919550430605306 0.980728762524077
2 0.8265817546875001 0.9873368328125001 0.8258183281244562 0.9654751593594295 0.8164490390625 0.9658023421875 0.8172124656255437 0.9876640156405706
4 0.9911539664535075 0.2827266171585679 0.9889182171855968 0.21870314213300274 0.9483179640625 0.220120934375 0.9505537133304107 0.2841444094005651
2 0.49557205 0.9999999999999998 0.49449746406250006 0.9692278765624998 0.480443531215642 0.9697186505786146 0.4815181171531419 1.0004907740161146
2 0.8814440453154818 0.23027348446038837 0.8809805374999998 0.21700032500000005 0.8755151187470182 0.21719118116461167 0.8759786265625001 0.23046434062499999
2 0.6800292093878458 0.9095915831803548 0.6788295390625 0.8752375234375 0.6624332827996542 0.8758100933821451 0.6636329531250001 0.910164153125