4 0.6578125000000001 0.28593750000000007 0.5 0.28593750000000007 0.5000000000000001 0.80546875 0.6578125000000001 0.80546875
4 0.65703125 7.113475743484821e-17 0.5046875 6.180639314446799e-17 0.5046875 0.2484375000000001 0.65703125 0.2484375000000001
4 0.4640625 0.28593750000000007 0.3203125 0.2859375 0.32031250000000006 0.50625 0.4640625 0.50625
2 0.3687500000000001 0.775 0.21250000000000008 0.775 0.21250000000000008 0.99921875 0.3687500000000001 0.99921875
0 0.803125 0.7203125000000001 0.690625 0.7203125 0.690625 0.9828125 0.803125 0.9828125
0 0.16875000000000012 0.603125 7.386151007357474e-17 0.603125 9.816309499415503e-17 1 0.16875000000000012 1
0 0.14843750000000006 0.459375 5.625721233583154e-17 0.459375 6.907773351440539e-17 0.66875 0.14843750000000008 0.66875
1 0.478125 4.707236134222638e-17 0.290625 3.559129760021995e-17 0.290625 0.32656250000000003 0.478125 0.3265625000000001
4 1 1.0160741411675698e-16 0.659375 8.075014831877861e-17 0.659375 0.1578125000000001 1 0.15781250000000013
4 0.946875 0.4859375000000002 0.8578125 0.4859375000000002 0.8578125 0.81640625 0.946875 0.81640625
1 0.8421875 0.3390625000000001 0.66875 0.3390625000000001 0.66875 0.6210937500000001 0.8421875 0.6210937500000002
4 0.5859375 0.023437500000000066 0.49375 0.023437500000000062 0.49375 0.3664062500000001 0.5859375 0.3664062500000001
2 0.7375000000000002 0.7765625 0.7031250000000002 0.7765625 0.7031250000000002 0.82890625 0.7375000000000002 0.82890625
4 0.5359375000000001 0.3234375000000001 0.378125 0.3234375000000001 0.37812500000000004 0.9859375 0.5359375000000002 0.9859375
4 0.6289062500000001 0.553125 0.459375 0.553125 0.4593750000000001 0.98359375 0.6289062500000002 0.98359375
2 0.0921875000000001 0.7671875 0.0031250000000000943 0.7671875 0.0031250000000001077 0.990625 0.09218750000000012 0.990625
4 0.99296875 0.20312500000000008 0.91875 0.20312500000000008 0.91875 0.42890625000000016 0.99296875 0.42890625000000016
4 0.74375 0.17343750000000008 0.6078125 0.17343750000000008 0.6078125 0.3929687500000001 0.74375 0.3929687500000001
4 0.67890625 0.3968750000000001 0.6171875 0.3968750000000001 0.6171875 0.4828125 0.67890625 0.4828125
2 0.4109375 0.0015625000000000443 0.3140625 0.0015625000000000383 0.3140625 0.04843750000000004 0.4109375 0.04843750000000006
4 0.12187500000000004 0.321875 0.07031250000000004 0.321875 0.07031250000000004 0.415625 0.12187500000000004 0.415625
4 0.25703125000000004 0.026562500000000017 0.006250000000000003 0.0265625 0.006250000000000026 0.40546875 0.2570312500000001 0.40546875
2 0.50234375 0.014062500000000058 0.4359375 0.014062500000000056 0.4359375 0.07031250000000006 0.50234375 0.07031250000000007
4 0.24375000000000008 0.3703125 0.10468750000000004 0.3703125 0.10468750000000007 0.6078125 0.24375000000000008 0.6078125
4 0.64765625 0.03437500000000008 0.6 0.03437500000000008 0.6 0.10000000000000009 0.64765625 0.10000000000000009
4 0.66015625 0.39531250000000007 0.628125 0.39531250000000007 0.628125 0.4375 0.66015625 0.4375
4 0.70234375 0.44375 0.675 0.44375 0.675 0.515625 0.70234375 0.515625
4 0.34375 0.08906250000000003 0.178125 0.08906250000000002 0.17812500000000003 0.2734375 0.34375 0.2734375
4 0.61953125 0.3859375000000001 0.525 0.3859375000000001 0.525 0.56484375 0.61953125 0.56484375
4 0.590625 0.001562500000000069 0.5375 0.001562500000000066 0.5375 0.10703125000000006 0.590625 0.10703125000000009
4 0.76328125 0.050000000000000086 0.64375 0.050000000000000086 0.64375 0.1789062500000001 0.76328125 0.1789062500000001
0 1 0.0031250000000001173 0.921875 0.0031250000000001125 0.921875 0.08125000000000013 1 0.08125000000000013
2 0.82265625 0.0921875000000001 0.7921875 0.09218750000000009 0.7921875 0.1296875000000001 0.82265625 0.1296875000000001
0 0.3296875000000001 0.6015625 0.3062500000000001 0.6015625 0.3062500000000001 0.64140625 0.3296875000000001 0.64140625
4 0.3390625 0.06250000000000003 0.14375 0.06250000000000003 0.14375 0.12500000000000003 0.3390625 0.12500000000000006
4 0.88515625 0.3000000000000001 0.8515625 0.3000000000000001 0.8515625 0.4007812500000002 0.88515625 0.4007812500000002
0 0.24296875 0.08125000000000002 0.1234375 0.08125000000000002 0.1234375 0.15937500000000002 0.24296875 0.15937500000000004
2 0.10234375000000004 0.3234375 0.07031250000000004 0.3234375 0.07031250000000004 0.36796875 0.10234375000000004 0.36796875
0 0.9375 0.1250000000000001 0.8109375 0.12500000000000008 0.8109375 0.2328125000000001 0.9375 0.2328125000000001
2 0.03125000000000007 0.5484375 0.010937500000000067 0.5484375 0.010937500000000069 0.584375 0.03125000000000007 0.584375
2 0.69765625 0.04687500000000008 0.64375 0.046875000000000076 0.64375 0.10546875000000008 0.69765625 0.10546875000000008
0 0.77421875 0.06406250000000009 0.734375 0.06406250000000009 0.734375 0.11093750000000009 0.77421875 0.11093750000000009
4 0.1265625 0.02187500000000001 0.007812500000000003 0.021875 0.00781250000000001 0.1671875 0.1265625 0.1671875
0 0.035937500000000004 0.023437500000000003 0.0031250000000000028 0.0234375 0.003125000000000005 0.0578125 0.03593750000000001 0.0578125
0 0.66875 0.425 0.59375 0.425 0.59375 0.55625 0.66875 0.55625
0 0.06406250000000006 0.5640625 0.048437500000000064 0.5640625 0.04843750000000007 0.59296875 0.06406250000000006 0.59296875
4 0.74921875 0.20312500000000008 0.7328125 0.20312500000000008 0.7328125 0.2554687500000001 0.74921875 0.2554687500000001
4 0.3867187500000001 0.6953125 0.2375000000000001 0.6953125 0.2375000000000001 0.83515625 0.3867187500000001 0.83515625
1 0.3875 3.693075503678737e-17 0.215625 2.6406446606614805e-17 0.215625 0.09531250000000004 0.3875 0.09531250000000005
4 0.6828125 0.2890625000000001 0.6015625 0.2890625000000001 0.6015625 0.36796875000000007 0.6828125 0.36796875000000007
4 0.78046875 0.1921875000000001 0.75 0.1921875000000001 0.75 0.2882812500000001 0.78046875 0.2882812500000001
4 0.7390625 0.0671875000000001 0.7328125 0.0671875000000001 0.7328125 0.09375000000000008 0.7390625 0.09375000000000008
2 0.02265625000000012 0.96875 1.1863765866739982e-16 0.96875 1.2050333152547588e-16 0.99921875 0.02265625000000012 0.99921875
0 0.95703125 0.014062500000000117 0.9390625 0.014062500000000117 0.9390625 0.04062500000000012 0.95703125 0.04062500000000012
1 0.82734375 0.34062500000000007 0.58125 0.34062500000000007 0.58125 0.45000000000000007 0.82734375 0.4500000000000002
4 0.55390625 0.028125000000000067 0.54375 0.028125000000000067 0.54375 0.06250000000000007 0.55390625 0.06250000000000007