0 0.37917544062499997 0.9193600500000001 0.36766775935900503 0.2600854756461485 0.08177380781297594 0.26507577346476524 0.09328148907897091 0.9243503478186168
4 0.9864519609375 0.34617431406250004 0.982579707812193 0.12433310623241585 0.90602886875 0.12566930625 0.909901121875307 0.34751051408008415
4 0.9930519625000003 0.09758376718750014 0.9911976443388205 -0.008650050274295423 0.391289026557893 0.0018213934860627375 0.3931433447190726 0.1080552109478583
4 0.16009715781737827 0.3652866049669757 0.15396154686308733 0.013777649317523278 -0.006135610954290929 0.016572155288047556 0 0.36808111093749996
4 0.14929778906250007 1.0000000000000002 0.1411160453030533 0.5312681510212992 0.008323773097621907 0.5335860484434326 0.016505516857068657 1.0023178974221336
4 0.5234511124999999 0.7691629671874999 0.5193198015624999 0.5324802703125 0.44276896249256315 0.5338164698864446 0.44690027343006317 0.7704991667614445
4 0.39372664688123893 0.9472353425449244 0.38917265935397366 0.6863375831704001 0.2634105671602348 0.6885327687504759 0.2679645546875 0.9494305281250002
1 0.4101624319340801 0.27731521561305933 0.40543119374952397 0.006262754660234765 0.1937446890625 0.00995775625 0.19847592724705612 0.28101021720282454
1 0.4106797390625 0.9336561515625 0.4082391296844491 0.7938336998252117 0.33403168281249995 0.7951289953125 0.33647229219055097 0.9349514470497884
2 0.407676559375 0.493016453125 0.406326725 0.41568448281250003 0.35320981561798365 0.41661164178553367 0.35455964999298367 0.49394361209803367
4 0.3697710500000001 0.649170528125 0.3681621562418109 0.5569970682808443 0.297860365625 0.5582241906250001 0.2994692593831892 0.6503976504691558
4 1.002631495144193 0.8842551452155396 0.9999999999982567 0.7334968592751323 0.8822941640625 0.735551421875 0.8849256592084365 0.8863097078154073
1 0.6805204875162603 0.9937996915565483 0.678448014051495 0.8750677774945241 0.5237840734102346 0.8777674468754759 0.5258565468749998 0.9964993609375
1 0.9127393172013625 0.33105222423167113 0.9073808828125001 0.0240677359375 0.8019281952986377 0.02590841951832886 0.8072866296875001 0.3328929078125
2 0.9095875234374999 0.3295445015624999 0.9084013046874999 0.261586103125 0.8630957062498412 0.2623769156159116 0.8642819249998412 0.33033531405341154
2 0.3821701546940316 0.3746935800616961 0.3810930140625 0.3129842296875 0.3279761062434684 0.3139113886883039 0.329053246875 0.37562073906250004
2 0.9149925890624997 0.7287297171875 0.9131928093721612 0.6256204232748692 0.8592947703125002 0.6265612171874999 0.8610945500028387 0.7296705111001307
1 0.9377777828125 0.7806837234375 0.9368642580486355 0.7283479453083782 0.8915586580486355 0.7291387578083782 0.8924721828125 0.7814745359375002
2 0.7927960953125001 0.08467049687500001 0.7919916484266132 0.03858376656378746 0.7482483109375 0.03934730937499999 0.7490527578233869 0.08543403968621255
2 0.8017936234375 0.1524925484375 0.8005665015625001 0.08219075625 0.7513552468641415 0.08304974156541686 0.7525823687391415 0.15335153375291685
2 0.37491923594534 0.8545807145116504 0.37411478906250006 0.808493984375 0.3483374656171601 0.8089439292383496 0.34914191250000004 0.8550306593749999
2 0.9098681250071161 0.2560909160326844 0.9079456328125 0.14595144374999997 0.8634211640553838 0.1467286214673155 0.86534365625 0.25686809374999997
2 0.8589693109513705 0.7422095117321446 0.8569786468611295 0.6281643835803553 0.7999560828125001 0.629159715625 0.8019467469027413 0.7432048437767892
2 0.9095250781302621 0.4154961815514577 0.90847520625 0.35534909375 0.8678563937447381 0.35605809813604233 0.8689062656250002 0.41620518593750006
2 0.9064515437500003 0.14988436875 0.9053744031159165 0.08817501822960365 0.8616310671875 0.0889385609375 0.8627082078215838 0.15064791145789633
2 0.913267521875 0.0927254578125 0.9121222077937305 0.02711045204970538 0.8824392296874997 0.0276285703125 0.8835845437687692 0.09324357607529463
2 0.42631244687500003 0.6653737125000001 0.42489443941369087 0.5841360874665964 0.3858378874995241 0.5848178218477348 0.38725589496083324 0.6660554468811385
2 0.645537971875 0.33259076562500006 0.6435882109375 0.22088902968750004 0.600626004664466 0.22163893774288462 0.602575765601966 0.33334067368038467
2 0.8585883515689595 0.09367988630755716 0.8574430375000002 0.028064881249999996 0.8082317828060406 0.028923866817442835 0.8093770968749998 0.094538871875
2 0.8627082078125001 0.15064791093750002 0.8616037968634656 0.0873762977766889 0.8116114124999999 0.08824891875000002 0.8127158234490345 0.15152053191081113
2 0.7549099484374999 0.3314630390625 0.7536555562327905 0.2595989849515603 0.7021009093750001 0.260498875 0.7033553015797096 0.3323629291109397
2 0.392297184375 0.6862830453125001 0.390960984374762 0.6097322062363675 0.3526855640625 0.6104003062500001 0.354021764062738 0.6869511453261327
0 0.27626139062500005 0.5742285828125001 0.2744070734344354 0.4679947654494262 0.21894677031250004 0.4689628281250001 0.22080108750306468 0.575196645488074
1 0.9204860015675111 0.5958010987245856 0.9161229000000001 0.345839175 0.8130136062449889 0.34763895440041437 0.8173767078124999 0.597600878125
1 0.4821491968777639 0.2830910032833443 0.47751340156250005 0.017506459375 0.39705690780973607 0.018910832654155666 0.401692703125 0.28449537656249996
1 0.61885680625 0.32602416562500003 0.6139483156073509 0.044817000551381686 0.4936541390629759 0.046916743777265235 0.49856262970562504 0.32812390885088355
1 0.5102884656250001 0.9998965781250002 0.5055708613198406 0.7296252484308263 0.47120109503067276 0.7302251750216214 0.47591869933583214 1.0004965047157952
1 1.0023724342592326 0.9881817452953241 1 0.8522649484375 0.9202986640360455 0.853656139109432 0.9226710982952782 0.9895729359672562
0 0.24199497691360783 0.4912202218688714 0.24078148906202407 0.4216995609102348 0.20641172343749994 0.4222994875 0.20762521128908373 0.49182014845863664
0 0.28880829844824374 0.48727761624050725 0.28764935 0.4208814796874999 0.25015506092675627 0.4215359446969925 0.251314009375 0.48793208124999987
0 0.3675428671875 0.43198883749999994 0.36645209218221353 0.3694983559471379 0.3266144109375 0.3701937249999999 0.3277051859427865 0.432684206552862
0 0.18969042188839463 0.44915790545487944 0.1884905687361294 0.3804183757678553 0.13693592184773476 0.3813182656254759 0.138135775 0.4500577953125
0 0.14380425937500002 0.5062174203124999 0.14274075311366782 0.4452892009132802 0.11071438125 0.44584822343749997 0.11177788751133218 0.5067764428367196
4 0.991489700922985 0.09761103592138923 0.9904807328125003 0.03980734062500001 0.9311147756395153 0.040843578141110774 0.9321237437500001 0.09864727343749999
0 0.29122163906650445 0.6255378049169151 0.29018540153971517 0.5661718471321564 0.25737789841071074 0.5667445047152413 0.2584141359375 0.6261104625
0 0.18917803125 0.5093322625 0.18820996800782122 0.4538719609231812 0.14993454769532122 0.4545400609231812 0.1509026109375 0.5100003625
0 0.3167381296875 0.4758509328124999 0.31574279687499995 0.41882836874999996 0.28684094842694235 0.4193328525201567 0.2878362812394424 0.4763554165826567
2 0.9163525109374998 0.5380519421875001 0.9153980828343318 0.4833727718473453 0.8724358765620241 0.48412267966023476 0.8733903046651921 0.5388018500003895
1 0.5837406812661297 0.5524527634240629 0.5825817328013644 0.4860566259245388 0.5341516093477348 0.48690197656297585 0.5353105578124999 0.5532981140625
1 0.6933114500000002 0.4731846656250001 0.6923842906150411 0.42006775724195133 0.6455164296875001 0.4208858390625 0.6464435890724591 0.47400274744554877
1 0.7628475187553443 0.6071477471811728 0.7614158765625 0.5251289906250001 0.7192348015571556 0.5258652637563273 0.7206664437499999 0.6078840203125001
1 0.6503782875269797 0.6098922749831649 0.6490148187497146 0.5317791734211408 0.6021469577852347 0.5325972546879758 0.6035104265625 0.61071035625
1 0.6477116156249999 0.54664793125 0.6465253968694463 0.4786895324943369 0.6004386671874999 0.4794939796874999 0.6016248859430535 0.5474523784431631
1 0.5182211192951642 0.5590659937404842 0.515766875 0.41846241093750003 0.4306235937232107 0.41994859221524117 0.43307783801837496 0.5605521750182253
1 0.6957076078125 0.3418728484375 0.6944532156134937 0.2700087946533013 0.6436797000000001 0.27089505 0.6449340921990063 0.3427591037841987
1 0.6377460250107496 0.4233655787408462 0.6365052671874999 0.35228265625 0.6005732406142502 0.35290985250915374 0.6018139984374999 0.423992775
1 0.6526143781308271 0.7379977597088361 0.6507873281040378 0.6333262034865772 0.6179798249732106 0.6338988609652412 0.6198068749999999 0.7385704171875
1 0.6940283625736593 0.4247272734089407 0.6928557781245241 0.3575500062227347 0.6444256546133648 0.35839535781379406 0.6455982390624999 0.42557262500000004
1 0.5827568031360488 0.6751448709454891 0.581393334375 0.59703176875 0.5360877359264511 0.5978225806170108 0.5374512046875 0.6759356828124999
1 0.6008961140625001 0.7295240781250001 0.5993690281088724 0.6420374037635428 0.57046718125 0.6425418875 0.5719942672036277 0.7300285618614573
1 0.7211084828214168 0.7227375489483461 0.7193905109196275 0.6243150411635873 0.6639302077857105 0.6252831047152412 0.6656481796874999 0.7237056125
4 0.6044138656323821 0.9310558785479222 0.6034594359180928 0.8763767067006635 0.5644028843482106 0.877058442215241 0.5653573140624999 0.9317376140624998
1 0.41046594375000006 0.563290975 0.40906157031250007 0.4828344796875001 0.33719751718059576 0.4840888714794559 0.33860189061809576 0.5645453667919559
1 0.4581949687500001 0.43275060624999995 0.45736325312252113 0.38510161392047954 0.43314819218749995 0.38552428906249997 0.4339799078149789 0.4331732813920205
1 0.6844380031250001 0.8601172109374999 0.6833881312299113 0.7999701222866106 0.6505806281250001 0.8005427796875001 0.6516305000200889 0.8606898683383895
1 0.6494181317059691 0.46535576717954114 0.648613684375 0.41926903750000005 0.5923722511065309 0.42025073594545903 0.5931766984375 0.4663374656250001
1 0.6243027750141154 0.7275527758086617 0.6227756906249999 0.6400661015625 0.5969983671733845 0.640516046066338 0.5985254515624999 0.7280027203124999
1 0.5391634484375001 0.6845008546875 0.5381953859375 0.6290405515625002 0.5007010968602934 0.629695016344959 0.5016691593602935 0.6851553194699589
1 1.0017179746377634 0.642828067269317 0.999999999975004 0.5444055595054774 0.9805415972122405 0.5447452078611604 0.982259571875 0.643167715625
1 0.7934633843750001 0.7496038734375 0.7914181796712361 0.6324342209432385 0.7211163890625001 0.63366134375 0.7231615937662641 0.7508309962442615
0 0.4897688109375 0.8986767796875 0.48821445624241344 0.8096278433153637 0.45228242968749993 0.8102550390625 0.4538367843825865 0.8993039754346362
1 1.0012134842167366 0.7998920436141029 1 0.7303713828125 0.9861300499761063 0.7306134830061238 0.9873435341928429 0.8001341438077267