0 0.39843750000000006 0.12812500000000002 0.09687500000000002 0.128125 0.09687500000000006 0.7171875 0.3984375000000001 0.7171875
4 0.99140625 0.01562500000000009 0.43125 0.015625000000000056 0.4312500000000001 0.8875 0.99140625 0.8875
4 0.20000000000000004 0.353125 4.324534009489091e-17 0.353125 8.280717223922142e-17 0.99921875 0.2000000000000001 0.99921875
4 0.4281250000000001 0.6421875 0.1390625000000001 0.6421875 0.13906250000000012 1 0.4281250000000002 1
4 0.240625 1.4734031802241592e-17 0 0 4.018372309702253e-18 0.06562500000000002 0.240625 0.06562500000000002
4 0.2375 0.0031250000000000193 0.0828125 0.0031250000000000097 0.08281250000000001 0.1453125 0.2375 0.14531250000000004
4 0.2640625000000001 0.3875 0.007812500000000047 0.3875 0.007812500000000078 0.88828125 0.2640625000000001 0.88828125
4 0.7250000000000001 0.5046875 0.4609375 0.5046875 0.4609375000000001 0.8890625 0.7250000000000002 0.8890625
0 0.23203125000000005 0.13906250000000003 0.09375000000000003 0.1390625 0.09375000000000003 0.38984375 0.23203125000000008 0.38984375
4 0.13359375 0.1796875 0.08750000000000002 0.1796875 0.08750000000000004 0.28046875 0.13359375000000004 0.28046875
0 0.10625000000000011 0.8484375 0.006250000000000103 0.8484375 0.006250000000000112 0.9953125 0.10625000000000014 0.9953125
4 0.04843750000000009 0.7171875 0.014062500000000089 0.7171875 0.014062500000000092 0.759375 0.04843750000000009 0.759375
2 0.1375 0.1015625 0.09843750000000002 0.1015625 0.09843750000000002 0.16484375 0.1375 0.16484375
4 0.06640625000000008 0.740625 0.03281250000000009 0.740625 0.03281250000000009 0.78359375 0.06640625000000008 0.78359375
4 0.571875 0.00937500000000006 0.4015625 0.00937500000000005 0.4015625 0.2906250000000001 0.571875 0.2906250000000001
4 0.30390625 0.2921875 0.275 0.2921875 0.275 0.3390625 0.30390625 0.3390625
2 0.2406250000000001 0.4296875 0.16718750000000004 0.4296875 0.16718750000000004 0.50859375 0.2406250000000001 0.50859375
4 0.2390625000000001 0.4984375 0.18281250000000004 0.4984375 0.18281250000000007 0.58125 0.2390625000000001 0.58125
4 0.7171875 0.3625000000000001 0.6046875 0.3625000000000001 0.6046875 0.590625 0.7171875 0.590625
4 0.35390625 0.07187500000000004 0.24375 0.07187500000000002 0.24375 0.17734375000000005 0.35390625 0.17734375000000005
4 0.96484375 0.0218750000000001 0.6921875 0.021875000000000082 0.6921875 0.42656250000000007 0.96484375 0.4265625000000002
4 0.9640625 0.006250000000000107 0.765625 0.006250000000000094 0.765625 0.18437500000000012 0.9640625 0.18437500000000012
4 0.49375 0.15781250000000005 0.4015625 0.15781250000000005 0.4015625 0.2687500000000001 0.49375 0.2687500000000001
4 0.05703125000000011 0.9546875 0.029687500000000124 0.9546875 0.029687500000000124 0.99453125 0.05703125000000011 0.99453125
4 0.025781250000000096 0.7625 9.337931843498569e-17 0.7625 9.825877052533841e-17 0.8421875 0.0257812500000001 0.8421875
4 0.24921875 0.09218750000000002 0.178125 0.09218750000000002 0.17812500000000003 0.2109375 0.24921875 0.2109375
4 0.79296875 0.02968750000000009 0.6 0.02968750000000008 0.6 0.3851562500000001 0.79296875 0.3851562500000001
0 0.60234375 0.3156250000000001 0.4125 0.3156250000000001 0.4125 0.5515625 0.60234375 0.5515625
4 0.05937500000000001 0.007812500000000003 9.567553118338697e-19 0.0078125 1.6551866894725943e-17 0.2625 0.059375000000000025 0.2625
2 0.17734375000000005 0.1890625 0.14687500000000003 0.1890625 0.14687500000000003 0.2453125 0.17734375000000005 0.2453125
4 0.02812500000000003 0.2046875 2.5066989170047385e-17 0.2046875 2.93723880732998e-17 0.275 0.028125000000000032 0.275
4 0.31015625 3.420400239806084e-17 0.2484375 3.042481891631706e-17 0.2484375 0.11171875000000005 0.31015625 0.11171875000000005
4 0.10312500000000002 0.1421875 0.035937500000000025 0.1421875 0.035937500000000025 0.29140625 0.10312500000000005 0.29140625
4 0.39609375 0.15937500000000004 0.25625 0.15937500000000004 0.25625 0.32031250000000006 0.39609375 0.3203125000000001
0 0.65859375 0.006250000000000075 0.55625 0.00625000000000007 0.55625 0.1703125000000001 0.65859375 0.1703125000000001
0 0.035156250000000125 0.9609375 0.001562500000000118 0.9609375 0.00156250000000012 0.996875 0.035156250000000125 0.996875
4 0.4875 0.010937500000000058 0.44375 0.010937500000000055 0.44375 0.18437500000000004 0.4875 0.18437500000000004
0 0.025000000000000043 0.3328125 0.0015625000000000409 0.3328125 0.001562500000000044 0.38359375 0.025000000000000043 0.38359375
0 0.08125000000000002 0.006250000000000008 0.0453125 0.0062500000000000056 0.045312500000000006 0.11484375 0.08125000000000002 0.11484375