2 0.3781250000000001 0.50625 0.22031250000000008 0.50625 0.22031250000000008 0.79609375 0.3781250000000001 0.79609375
2 0.5054687500000001 0.846875 0.2968750000000001 0.846875 0.2968750000000001 1 0.5054687500000001 1
2 0.5179687500000001 0.603125 0.33281250000000007 0.603125 0.33281250000000007 0.9 0.5179687500000002 0.9
4 1 0.09375000000000012 0.915625 0.09375000000000011 0.915625 0.3453125000000001 1 0.3453125000000001
1 0.8734375 0.11718750000000008 0.6265625 0.11718750000000008 0.6265625 0.5156250000000001 0.8734375 0.5156250000000002
1 0.56953125 4.5398039546517124e-17 0.171875 2.1048616860345134e-17 0.171875 0.13671875000000006 0.56953125 0.13671875000000008
2 0.08750000000000001 5.357829746269671e-18 0 0 9.184850993605149e-18 0.15 0.08750000000000002 0.15
2 0.32890625 0.2125 0.26875 0.2125 0.26875 0.36015625 0.32890625 0.36015625
4 0.82421875 0.4546875000000002 0.7546875 0.4546875000000002 0.7546875 0.6921875000000002 0.82421875 0.6921875000000002
4 1 0.6687500000000002 0.9328125 0.6687500000000002 0.9328125 0.8625 1 0.8625
4 0.96953125 0.43750000000000017 0.8453125 0.43750000000000017 0.8453125 0.5414062500000002 0.96953125 0.5414062500000002