0 1.0216708689763085 0.7924474673597116 0.9645464845239389 -0.024469263813795456 0.6146197187840159 1.068820310035079e-10 0.6717441032363857 0.8169167312803891
2 0.4739164567426354 0.48537762652805155 0.4401826625000001 0.0029618859374999917 0.14325148739887408 0.02372533605383203 0.17698528164150934 0.5061410766443836
4 0.5535825625033297 0.9974740906726167 0.5303667358879066 0.6654723055407804 0.012880385937500006 0.7016584765625 0.03609621255292315 1.0336602616943362
4 0.1727840171875 0.300464375 0.15338299966388338 0.023016873055180923 -0.019401017523616625 0.035099107430180895 0 0.31254660937499995
4 0.7967388001267295 0.9804709518123182 0.7823515281249999 0.7747233656249999 0.6568766734271023 0.7834974217263075 0.671263945428832 0.9892450079136259
4 0.961993117238603 0.9469868272933073 0.9578513265625 0.8877564609374998 0.9297948374488968 0.8897183617691923 0.9339366281249998 0.9489487281249998
4 0.8593291734433576 0.10600596414626866 0.8549148968749998 0.04287886406249999 0.8120508156191422 0.045876212416231285 0.8164650921875 0.10900331249999998
4 0.37732016563927534 0.7615385578115018 0.3540498421875 0.428757425 0.008019812485724694 0.45295420156349825 0.031290135937500005 0.785735334375
4 0.7790290109375001 0.16722529843750006 0.7716173859375001 0.06123411718750001 0.7100489796402696 0.06553939932457134 0.7174606046402696 0.17153058057457135
4 0.3659733312499999 0.75606674375 0.3524035171511991 0.5620093619808735 0.2362808265625 0.5701294515625001 0.2498506406613008 0.7641868333316266
4 0.47199873437499995 0.2787580859375 0.46812942961477494 0.22342445364748226 0.4431903281249999 0.22516836562499995 0.447059632885225 0.28050199791501773
4 0.645428364129569 0.13819283689662973 0.6352428975461355 -0.007466122520610696 0.5284723703124999 5.551115123125783e-18 0.5386578368959335 0.14565895941724044
4 0.5211684734625115 0.26513875192018016 0.519097578125 0.23552356875 0.5035106390374884 0.2366135137048198 0.5055815343749999 0.26622869687499995
4 0.5766359875 0.9911630921875002 0.5591968687384525 0.7417720795223633 0.329289528125 0.7578487671875 0.34672864688654753 1.007239779852637
0 0.594851290686109 0.5348747118113992 0.557738665584983 0.004139461927731419 0.42213230146137415 0.013621982928832049 0.45924492656250016 0.5443572328124999
4 0.9975285890625001 0.4471967843750001 0.9910434155478409 0.35445450045907323 0.9629869265701029 0.356416401671229 0.969472100084762 0.4491586855871558
0 0.9887979843750001 0.3671420406250001 0.9680890312344731 0.07099021384045257 0.8293652812500001 0.08069072343749997 0.8500742343905271 0.3768425502220475
0 1.007348774895821 0.6548300470327388 0.9866943187500002 0.359457565625 0.8425151390520306 0.3695395561002783 0.8631695951978513 0.6649120375080171
4 0.4468309625 0.2100337921875 0.44296165774522567 0.15470015997543327 0.41490516874999994 0.1566620609375 0.4187744735047742 0.2119956931495667
4 0.13251905625000002 0.46382730937499994 0.11775030191557043 0.2526242947460624 -0.009283246521929583 0.2615073463085624 0.005485507812499996 0.47271036093749996
2 0.8807904073566533 0.34571782961011527 0.8733242843673971 0.23894730301627098 0.7688917968750001 0.24624993437499998 0.7763579198642565 0.35302046096884426
0 0.47727319689131303 0.6229786611707863 0.46828115156250005 0.4943864203125 0.386449724983687 0.5001086310167138 0.39544177031249994 0.628700871875