2 0.6150797250259351 0.24473547606763074 0.226550421875 0.22437351875000006 0.19056945309906492 0.9109313239323692 0.5790987562500001 0.93129328125
4 1.025482745030383 0.026853210283106683 0.5995048340594543 0.004528654670963028 0.5703929593415714 0.5600163334503565 0.9963708703125 0.5823408890625001
4 0.7515095125000001 0.7165848125000001 0.5065332031292799 0.7037461483558373 0.49369453906250005 0.9487224562500002 0.7386708484332203 0.9615611203941631
0 0.1914180531250001 0.29763523437500006 0.06658936100842008 0.29109323927176517 0.05612216882092005 0.4908191470842652 0.18095086093750004 0.49736114218750005
0 0.10686028125000016 0.06007175000000002 0.022600914113911942 0.05565590370650173 -0.003403514046800443 0.5518499543879332 0.08085585308928775 0.5562658006814314
4 0.6735909359375001 0.05378602656250009 0.2632166109501725 0.03227921850819614 0.24735227343750005 0.33498879687500005 0.6577265984248276 0.356495604929304
0 0.9951442453125001 0.6057462687500001 0.7720129577572596 0.5940524541790505 0.7527958499447597 0.9607367369915506 0.9759271375 0.9724305515625001
0 0.2933607094116167 0.05419938055131486 0.023418664062500004 0.040052317187500006 -0.0013591406616165979 0.5128409881986853 0.26858290468750007 0.5269880515625001
4 0.3612363968450129 0.6100760297678157 0.1708726405992927 0.6000994874986528 0.15083778125000016 0.9823873562500001 0.3412015374957204 0.992363898519163
0 0.19889059120118552 0.6625889734676967 0.09278620214296532 0.6570282780735339 0.08411805937500012 0.8224262953124999 0.19022244843322034 0.8279869907066628
0 0.047626368653197824 0.324521606326814 0.008617401469977595 0.3224772328076511 0.00011280781250005978 0.4847545328125 0.039121774995720296 0.4867989063316629
4 0.6272046440078102 0.8493236125135109 0.48833272369958997 0.8420456436818482 0.4813000796875001 0.9762364874999996 0.6201719999957203 0.9835144563316625
4 0.33066136103154253 0.865075321643064 0.07164182500000012 0.8515006843749999 0.06501805615595772 0.9778897361694359 0.32403759218750017 0.9914643734374999
4 0.7741125671948241 0.43456877173524877 0.5931109640625001 0.4250828796875001 0.5782279264808372 0.7090681546832204 0.7592295296131613 0.718554046730969
4 1.0072469359001768 0.3748131888700786 0.639002295265222 0.3555143046850224 0.6236286078025455 0.6488617314399439 0.9918732484375001 0.668160615625
4 0.7216439125000002 0.8386265218750001 0.6108584484472306 0.8328205013768326 0.6028445046058373 0.9857356499957204 0.713629968658607 0.991541670493888
4 0.7974781375 0.2574238609375001 0.7007359015837986 0.25235381521859873 0.691495334375 0.4286743421875001 0.7882375702912013 0.4337443879064016
0 0.12011462343750012 0.9416611171874998 0.0530192012784501 0.9381447952976135 0.050974828125000114 0.9771537609375003 0.11807025028405013 0.9806700828273864
4 0.9221366453124998 0.23735798281250003 0.66935854375 0.22411044375000005 0.6548026057357978 0.5018542843480518 0.9075807072982978 0.5151018234105518
4 0.9220240187912475 0.8366108429629548 0.8065574781250001 0.8305594984375002 0.7996883843337528 0.9616296257870456 0.9151549250000002 0.9676809703125002
4 0.268883465625 0.401832259375 0.1627790765625 0.39627156406249997 0.15451980860092523 0.5538677875413196 0.26062419766342526 0.5594284828538196
0 0.24053625937500006 0.7038876375 0.20932908593750005 0.7022521390625001 0.2070393881559533 0.7459421812843772 0.2382465615934533 0.7475776797218772
0 0.8007381890625002 0.8818877843750001 0.7289616906250002 0.8781261375000001 0.7240551947481898 0.9717476563023132 0.7958316931856899 0.9755093031773132
0 0.8903814312682761 0.7238627809012768 0.8154842156250004 0.7199375843750002 0.8102506202308375 0.8198005390582204 0.8851478358741132 0.8237257355844967
0 0.1447819578125001 0.7098218781249999 0.10733335001658872 0.7078592793709699 0.10496187656250007 0.7531096796875001 0.14241048435841144 0.75507227844153
0 0.11315927500000011 0.6862595828125 0.08819353597055493 0.6849511837442757 0.08606738750000006 0.7255205093749999 0.11103312652944522 0.7268289084432242
4 0.5967533500000002 0.9228306531250002 0.5358993625312357 0.9196414306539902 0.5318923906562357 0.9960990056539902 0.5927463781250002 0.9992882281250003
0 0.20509885000000003 0.5142731265625 0.1863745469097851 0.5132918274612616 0.18457549843750004 0.54761971875 0.20329980152771499 0.5486010178512386
0 0.19422941948465242 0.7515294172260015 0.15053937730143221 0.7492397187068386 0.14685950468750011 0.8194558578124997 0.19054954687072032 0.8217455563316628
4 0.5102462500540768 0.7821729552181594 0.3479689515625002 0.7736683625000002 0.3370111108558373 0.9827564218707204 0.49928840934741386 0.9912610145888797
0 0.5693011891064598 0.8196900679112036 0.47724002968750023 0.8148653468750002 0.47151578429333724 0.9240904531207205 0.5635769437122968 0.9289151741569238
0 0.33833709064534245 0.30064100273684446 0.22443090937500002 0.2946714328125001 0.20979319685465764 0.5739756300756556 0.32369937812500005 0.5799451999999999
2 0.40959872203113257 0.9411858921956826 0.3253393547662495 0.93677004679724 0.322477232735117 0.9913825999140575 0.40673660000000017 0.9957984453125002
0 0.4006011566838919 0.36648989533523935 0.2944967676256717 0.3609291999410765 0.2856650750000001 0.529447934375 0.3917694640582203 0.5350086297691629
0 0.49959560473887654 0.895833811519682 0.4387416171875002 0.8926445890625004 0.433262696521609 0.9971886196133722 0.49411668407298526 1.0003778420705538