0 0.74693003125 0.2516454578125001 0.17505858740405222 0.22167494515482306 0.1352341953125001 0.9815696078125 0.707105639158448 1.011540120470177
0 0.4463378126001145 0.5237866375871338 0.044545459375000054 0.5027295921874999 0.01976765458310592 0.975518262494529 0.42156000780822034 0.9965753078941628
0 0.1549418703451961 0.05320373375112334 0.023091564062500007 0.04629375156250001 0.00690012652980396 0.35524476468637667 0.13875043281250005 0.36215474687500004
2 1.0212680187823842 0.09234738599239337 0.9175041687500001 0.0869093531250001 0.8789881765273355 0.8218382765606572 0.9827520265597197 0.8272763094280504
0 0.4945564093767623 0.39488354527887415 0.11694961562927988 0.3750940124183372 0.08636579218750012 0.9586681468749999 0.46397258593498253 0.9784576797355371
0 0.1603147156250001 0.02532171562500003 0.027684229726195348 0.018370846136648897 0.014027815624999962 0.278950740625 0.1466583015238047 0.28590161011335113
2 1.022085768811599 0.0767438000955893 0.9136408421875 0.0710604421875001 0.8733666874378535 0.839537076477356 0.9818116140619525 0.845220434385445
2 0.9375899515624999 0.30075362812500017 0.9141845718238667 0.2995270041006783 0.9121810858863668 0.33775579160067826 0.935586465625 0.33898241562500014
0 0.6241899186309501 0.22017861257564805 0.5165251717602298 0.21453614218148517 0.5030323078125001 0.47199531875000006 0.6106970546832203 0.4776377891441629
4 0.5588825140624999 0.31689323125 0.5159726515692349 0.3146444201839891 0.5134376281249999 0.3630155390625 0.5563474906182649 0.365264350128511
4 0.2088361968750001 0.51759828125 0.16124525777469123 0.5151041460339361 0.1578107108996912 0.580639210096436 0.20540165000000005 0.5831333453124998
2 0.7032444687500001 0.6373877781250001 0.650972454751487 0.6346483175290576 0.6463521703125001 0.7228085828125002 0.6986241843110133 0.7255480434084427
4 0.08938035004642793 0.4831742687524333 0.06753532809404487 0.48202942022899065 0.06520474367261701 0.5264996421015574 0.08704976562500008 0.5276444906250001
4 0.576636549753699 0.20204000319397913 0.5313861481954788 0.19966852967481627 0.5285649125 0.2535009031250001 0.5738153140582203 0.25587237664416296
2 0.8477721281754873 0.5964581787241517 0.8298280046875004 0.5955177671875002 0.8281925061995132 0.6267249415883487 0.8461366296875001 0.6276653531250002
4 0.2259426672065981 0.44495651213558773 0.18693370156250005 0.4429121390625001 0.183540042168402 0.5076670238019123 0.2225490078125001 0.509711396875
4 0.6205896656250001 0.6471378234375 0.5800203406279295 0.6450116749441004 0.57564538125 0.7284908625000001 0.6162147062470705 0.7306170109933998
2 0.7837885500528984 0.3693608083656422 0.7541417343750002 0.3678070843750001 0.7519746983601171 0.4091565889765575 0.7816215140380153 0.4107103129671995
4 0.04130100158110776 0.6840582949574445 0.011654187500000074 0.682504571875 0.009160053106392407 0.7300955097300555 0.038806867187500094 0.7316492328125
4 0.6859766891117736 0.9071662750844695 0.6446271843750001 0.9049992390625 0.6401704499464469 0.9900387859346937 0.6815199546832205 0.9922058219566632
4 0.4180258515625 0.06386209218750005 0.3946204718142237 0.06263546834717901 0.3929031983767238 0.09540300115967901 0.41630857812500005 0.09662962500000004
4 0.4684170437499999 0.10248980156250002 0.44891255946014647 0.10146761400030999 0.44715439687927977 0.13501532648083708 0.4666588811691332 0.13603751404302714
4 0.30546348441399823 0.3755857398808723 0.16737174375000005 0.3683486578125001 0.15293846710583714 0.6437519593707204 0.29103020776983535 0.6509890414390925
0 0.7355897718749999 0.03513022812500009 0.6450889702617495 0.030387282218376093 0.6378110015117495 0.16925920253087606 0.7283118031249999 0.17400214843750006
0 0.2588339390792208 0.26518153249344983 0.18081600625000005 0.26109278593750007 0.17345626248327933 0.40152506438155033 0.2514741953125001 0.40561381093750015
4 0.09295199218750012 0.8479235703125001 0.06096463907180829 0.8462471841973898 0.05732565468750013 0.9156831437499999 0.08931300780319196 0.9173595298651103
4 0.46502670156250014 0.1821089796875001 0.44474203910333143 0.18104590547088992 0.44261589062499995 0.2216152312500001 0.46290055308416866 0.22267830546661024
4 0.58219948442777 0.28995162399308794 0.5580139249999999 0.2886841125000001 0.5560922140097299 0.3253525416319122 0.5802777734375 0.32662005312500003
2 0.6991799375230184 0.08798461987328518 0.6578304343749999 0.08581758437500009 0.6543958874769816 0.151352647314215 0.6957453906250002 0.15351968281250009
4 0.6355655922007071 0.7793527981854953 0.58407375625 0.776654225 0.5794943593617929 0.8640343096270048 0.6309861953125001 0.8667328828124999
4 0.01584461408313324 0.6921120480437961 8.326672684688674e-17 0.6912816671875002 -0.002943896895633069 0.7474545785187041 0.012900717187500087 0.7482849593750001
2 0.9104693687500001 0.5794036265625001 0.8823829125114205 0.5779316779070884 0.8790301406250002 0.6419063828125002 0.9071165968635798 0.6433783314679118
4 0.2491138375000001 0.8686248203125 0.21634630468750013 0.866907546875 0.21332063253054442 0.9246408172546106 0.24608816534304445 0.9263580906921106
4 0.2207754218768204 0.8421053577777672 0.18176645468750016 0.8400609843750002 0.1778821453106799 0.9141780203472333 0.21689111250000015 0.9162223937500003
2 0.8073950484375002 0.3518222406250001 0.7847698484586874 0.35063650428322185 0.7830934625 0.38262385781250013 0.8057186624788129 0.3838095941542784
4 0.667082200009703 0.8795771045023594 0.6288534125 0.8775736187500002 0.6253370906152973 0.9446690408101407 0.6635658781250001 0.9466725265625
2 0.9428787819549507 0.08041595941194501 0.9116716085217306 0.07878046089278215 0.9090548109374998 0.12871193750000012 0.94026198437072 0.130347436019163
4 0.1443973828125001 0.64252201875 0.11865146399215254 0.6411727325923112 0.11562579211715254 0.6989060029048113 0.1413717109375001 0.7002552890625
2 0.8229898453203826 0.6812148310995947 0.7816403406250001 0.6790477953125001 0.7777151437421177 0.7539450110879056 0.8190646484375002 0.7561120468750001
4 0.020194195372601177 0.8628862269782038 1.1102230246251565e-16 0.8618278937499999 -0.0027394610006563846 0.9140999090175972 0.01745473437194468 0.9151582422458011
4 0.4183110703125001 0.789871990625 0.3629183375342064 0.7869689805973064 0.35568125625000013 0.925060721875 0.41107398902829384 0.9279637319026938
4 0.24258942343750006 0.3363038312500001 0.21138225002421707 0.33466833235041143 0.20913343906250006 0.37757819531250003 0.24034061247578306 0.3792136942120886
4 0.5592295187500003 0.39983756406250015 0.5256818078313812 0.39807940276472864 0.523392109375 0.44176944531250006 0.5569398202936191 0.4435276066102715
4 0.12485756876265039 0.8511603153836184 0.08428824531250009 0.8490341671875001 0.08048571092484982 0.9215908439913816 0.12105503437500012 0.9237169921874999
4 0.6257348515625002 0.5191066390625002 0.5820448093903238 0.5168169403326061 0.5792235734375001 0.5706493140625002 0.6229136156096764 0.5729390127923943
4 0.6133536609886231 0.6060778474620138 0.56498254375 0.603542825 0.5617933218238771 0.6643968134754863 0.6101644390625001 0.6669318359375
4 0.22274457036947265 0.2820659004753976 0.1923175765625001 0.2804712890625 0.19006876554333724 0.32338115312072024 0.22049575935030977 0.3249757645336178
4 0.864743828130144 0.8398674936518506 0.8374375514808372 0.8384364328082204 0.8347389796006934 0.8899282688438699 0.8620452562500003 0.8913593296875002
4 0.10974015312500005 0.4529483953125001 0.08321405619632055 0.451558221336766 0.08104702025882053 0.4929077260242659 0.10757311718750004 0.4942979
4 0.643111029698359 0.9190015794802987 0.603321884375 0.9169163187500002 0.5996011249891411 0.9879126377072017 0.6393902703125001 0.9899978984375002
4 0.26044513750000003 0.3090760125 0.22845778587630475 0.3073996261676756 0.22608631243880475 0.3526500277301756 0.25807366406250004 0.35432641406250004
4 0.5942226390625 0.25459491250000005 0.5708172594046286 0.253368288497151 0.5688955484375 0.29003671718750007 0.5923009280953713 0.29126334119034913
4 0.2746475203274872 0.47097868877653 0.2403196296875001 0.469179640625 0.237293957797513 0.5269129112234701 0.2716218484375001 0.528711959375
4 0.7312580242117053 0.8641646844155744 0.703171567965985 0.8626927358964116 0.7008818703125 0.906382778125 0.7289683265582203 0.9078547266441628
4 0.7060955610166105 0.7173340563029851 0.6717676703125002 0.7155350078125002 0.6681286858558373 0.7849709687457203 0.7024565765599476 0.7867700172362052
0 0.4209631984667116 0.530280030692614 0.23918141562500006 0.5207532515625001 0.22323530465828867 0.8250231880573862 0.4050170875000001 0.8345499671875002
4 0.8394509906250003 0.8448005296875 0.8121447140157849 0.8433694680788832 0.8096505780782849 0.8909604071413832 0.8369568546875001 0.89239146875
4 0.1943996047028221 0.7781372887701384 0.13510597500000007 0.775029840625 0.130076815547617 0.8709918983515573 0.18937044525043903 0.8740993464966957
4 0.6676921093750001 0.3006906796875001 0.6466272687732919 0.29958671830556305 0.6449508828124999 0.3315740718750001 0.6660157234142081 0.3326780332569371
0 0.3886398718772685 0.3111004812067165 0.2864363796875 0.30574422343749996 0.2759283015602315 0.5062503094182836 0.37813179375000006 0.5116065671875001
4 0.1612806734479117 0.8577631013638362 0.12149152812500011 0.8556778406250001 0.11772988123958854 0.9274543392611638 0.1575190265625001 0.9295396
4 0.5634508809532781 0.36407197819133663 0.5275626309575578 0.3621911546721738 0.5253138203125001 0.40510101718750013 0.5612020703082202 0.406981840706663
4 0.6743004546875002 0.47314788125000007 0.645433818770198 0.47163504492710107 0.6435121078125001 0.5083034734375002 0.6723787437298023 0.5098163097603992
4 0.21202765946910523 0.650760302891866 0.17769976875000007 0.6489612546875 0.1746740967808949 0.7066945252331339 0.20900198750000007 0.7084935734375
4 0.4166888421875001 0.8805363421875002 0.3784600546909124 0.8785328561848903 0.3742895328125001 0.9581111484374999 0.4125183203090878 0.9601146344401098
4 0.4143614891105833 0.38755141939501714 0.36208947500000005 0.38481195937500007 0.35861404057691687 0.45112720247998306 0.4108860546875001 0.45386666250000013
4 0.7909273531250002 0.7108273921875001 0.7565994625273949 0.709028343227277 0.7538600015625 0.7613003593750001 0.7881878921601053 0.763099408335223
4 0.36094910468913377 0.7946889999688282 0.32974193125427986 0.7930535014808372 0.3264300468750001 0.8562480265625 0.357637220309854 0.857883525050491
0 0.8249988041210562 0.29954690942720125 0.718894415062836 0.2939862140330384 0.7089178734375001 0.48434996875000014 0.8150222624957204 0.489910664144163
4 0.9353887468983556 0.9249313401793543 0.8940392421875 0.9227643046875 0.8907273577891447 0.9859588301331458 0.9320768625000003 0.988125865625
4 0.8196900687500002 0.4306988109375001 0.791603612530074 0.4292268619261515 0.7893956890625 0.47135654531250004 0.8174821452824261 0.47282849432384866
4 0.3619391953125001 0.4473898546875 0.3166887937302181 0.4450183816274634 0.3128862593552181 0.5175750597524634 0.3581366609375 0.5199465328125
2 0.9385580640625001 0.774891584375 0.8987689187381871 0.7728063236629013 0.8932082234256873 0.8789107127254013 0.9329973687500003 0.8809959734375002
2 0.9119612234375001 0.6405029390625 0.8745126156536477 0.6385403400783722 0.8715687171875001 0.6947132515625001 0.9090173249713525 0.696675850546628
4 0.3384188656625384 0.29908064303372617 0.29160810625000005 0.2966273953125 0.2882144468374617 0.36138228040377385 0.3350252062500001 0.363835528125
2 0.8931948703387471 0.2671340948116806 0.8736903859375001 0.26611190781250016 0.8709100374737531 0.3191641020633197 0.8904145218750001 0.32018628906250013
4 0.14030415633166288 0.33250793125427974 0.11767895477344266 0.33132219523511697 0.11530748281250006 0.376572596875 0.1379326843707203 0.37775833289416283
4 0.3788644500416997 0.48269904451682455 0.32581225625000015 0.4799186968750001 0.3220914968333005 0.5509150164206755 0.3751436906250001 0.5536953640625001
4 0.1673916484736768 0.4575344258722069 0.14554662656250006 0.4563895765625 0.1431751530476169 0.5016399780390574 0.16502017495879368 0.5027848273487642
4 0.6021062906250001 0.8057628671874999 0.5404721234473968 0.8025327576236597 0.535361190625 0.9000551734375 0.5969953578026034 0.9032852830013403
4 0.4529571015789798 0.009365567188363727 0.41784903124999995 0.007525631250000048 0.4160499827960201 0.04185352187413638 0.451158053125 0.04369345781250006
4 0.27265183126873865 0.9121037902674478 0.23130232656250013 0.9099367546874999 0.2278677796687616 0.9754718175450522 0.26921728437500014 0.9776388531250001
4 0.6128452625 0.16795080312500005 0.5753966546875 0.16598820468750003 0.5731069565233138 0.20967824688932385 0.6105555643358139 0.21164084532682384
2 0.04869383593750003 0.1399495234375 0.018266842106915798 0.13835491247513887 0.014995845231915791 0.2007692593501389 0.04542283906250002 0.20236387031250005
4 0.5574924250000002 0.8957387671875002 0.4857159265625001 0.8919771203125002 0.48060499334352225 0.9894995359980847 0.5523814917810222 0.9932611828730848
4 0.02111577968750008 0.5766046203125 0.0016112969062255567 0.5755824336574495 -0.0003104141022018503 0.6122508631358251 0.019194068679072675 0.6132730497908756
4 0.2010388828154747 0.9052214265057424 0.16593081406250013 0.9033814906250001 0.16233271718452555 0.9720372703692579 0.1974407859375001 0.9738772062500001
4 0.3104827734375001 0.7873502374999999 0.2504089655811164 0.7842019023998519 0.24619755620611636 0.8645603742748518 0.3062713640625001 0.867708709375
4 0.2776444968750001 0.6526344921875001 0.2495580422009347 0.6511625434936528 0.24591905781250006 0.720598503125 0.27400551248656546 0.7220704518188474
4 0.8878265031755627 0.6830481318477111 0.8659814828125001 0.6819032828125 0.8640597718244376 0.7185717119022892 0.8859047921875002 0.7197165609375001
4 0.512637628142243 0.8261083215459852 0.47987009687500004 0.8243910484375 0.4769670874827572 0.8797837815790148 0.5097346187500001 0.8815010546875
4 0.07917175468750011 0.7376762781249999 0.055766375040647256 0.7364496539119063 0.05335401406250011 0.7824802343750001 0.07675939370935296 0.7837068585880937
4 0.7954669391155151 0.44507577242590746 0.772061559375 0.44384914843749995 0.7702216233558372 0.4789572187457202 0.7936270030963524 0.48018384273412773
2 0.11726784218750001 0.1451079796875 0.05563367492291427 0.14187787022088436 0.050686292110414255 0.23627956865838434 0.11232045937500001 0.23950967812499996
2 0.08947755156250006 0.18276765937500003 0.030183921815743302 0.17966021206818603 0.02486855150324329 0.281083524568186 0.08416218125000005 0.28419097187500003
4 0.020328965625000063 0.54683514375 0.000044303125000066944 0.5457720703125 -0.001877406541373894 0.5824404985041168 0.0184072559586261 0.5835035719416168
2 0.15210628750000005 0.22673064375000002 0.12480001089098584 0.22529958213754334 0.12226498745348587 0.2736707008875433 0.14957126406250004 0.27510176249999996
4 0.49090747343750013 0.4197266218750001 0.3543760906250001 0.41257131562500005 0.34235517618724887 0.6419440375622212 0.47888655899974886 0.6490993438122212
4 0.0957942093937005 0.704125249643175 0.05756542343750006 0.7021217640625 0.05421265154379966 0.766096469106825 0.09244143750000008 0.7680999546875
4 0.12877173593750008 0.9108219312499999 0.0952240249326148 0.9090637700357878 0.09305698899511479 0.9504132747232878 0.12660470000000007 0.9521714359375
0 0.9850859296874999 0.7976703828125 0.8899040516162786 0.7926821114738385 0.8793141969287787 0.9947485567863383 0.9744960749999999 0.9997368281250001
4 0.8387415562500001 0.9777581140624999 0.8067542031250001 0.976081728125 0.8055006997656171 0.9999999999877165 0.8374880528906171 1.0016763859252165
4 0.45509444843750024 0.9388762890625 0.4254476344080887 0.9373225649936325 0.4227490609375001 0.9888144015625004 0.45239587496691164 0.9903681256313679
4 0.6003205125000001 0.8995479359375003 0.5527295734196627 0.8970538003403588 0.5486408265446626 0.9750717331528586 0.596231765625 0.97756586875
0 0.9268994953159456 0.2360429499342534 0.8223554656249998 0.2305640296875001 0.8080448531215542 0.5036267922532469 0.9125888828125 0.5091057125000001
0 0.9412013187783594 0.29155502602137034 0.9255977312500001 0.29073727656250015 0.9148852140341406 0.4951442599161299 0.9304888015625 0.49596200937500007
2 0.37099191253752106 0.3492916984394664 0.29375415937500005 0.3452438390625 0.28982896246247897 0.42014105312303374 0.36706671562500004 0.4241889125000001
2 0.3589974531250001 0.14525933750000003 0.3215488453125 0.14329673906250004 0.31660146177119003 0.2376984375436919 0.3540500695836901 0.23966103598119193
4 1.0050700433755932 0.08836919708612061 0.9410730964352698 0.08501526083256773 0.9360030530596765 0.18175749812144723 1 0.18511143437500013
4 0.9387634953124999 0.03951953437500011 0.6344935593990096 0.023573422979367726 0.605136359375 0.583742178125 0.9094062952884903 0.5996882895206324
2 0.2768841390625001 0.18945993437500003 0.237875171875 0.18741556093750006 0.233173113106293 0.27713618284427455 0.27218208029379304 0.2791805562817745
4 0.9710051312500001 0.8125788828125001 0.9343367031321937 0.8106571717377348 0.9300844062500001 0.891795821875 0.9667528343678065 0.8937175329497654
4 0.3922446035702397 0.27217328908583405 0.3633779676370194 0.27066045306667125 0.36072028281250007 0.32137210937500005 0.3895869187457204 0.32288494539416285
2 0.7335962375000001 0.11795189843750012 0.7109710375025429 0.11676616245147975 0.708476903125 0.1643571015625001 0.7311021031224573 0.16554283754852048
4 0.9816291531250002 0.027684229687500044 0.026689660901146828 -0.02236202819611622 -0.025482745200823737 0.9731467890060326 0.9294567470230296 1.0231930468896488
2 0.8238097500481109 0.307307814706994 0.7949431140625001 0.3057949781250001 0.7925716405476171 0.35104537960155746 0.8214382765332277 0.3525582161835513
0 0.9944082719102217 0.6197894962029297 0.738509452634388 0.6063784077867882 0.718147495300937 0.9949077111581381 0.9740463145767707 1.0083187995742797
0 0.9324491609375002 0.2644973921875001 0.9051428843170772 0.26306633079273717 0.8931219686920772 0.4924390526677371 0.9204282453125001 0.49387011406250003
4 0.7521370875000001 0.032868146875000094 0.5469499249364542 0.022114743400026393 0.5227036577489542 0.48476108402502655 0.7278908203125001 0.4955144875000002
4 0.21908236406250006 0.24745179843750004 0.18943555002011275 0.2458980746162276 0.1873911765625001 0.284907040625 0.21703799060488738 0.28646076444627244
2 0.8754784046875004 0.36634284843750015 0.8497324875323573 0.3649935618825898 0.8474019015625001 0.4094637843750001 0.8731478187176431 0.4108130709299105
4 0.9732107312499998 0.02411375000000011 0.8148343281101932 0.015813594032528223 0.8048577859226931 0.20617735028252823 0.9632341890624998 0.2144775062500001
4 0.28613358125000005 0.23688400468749998 0.029454582812500026 0.22343202812499996 0.005494527343508549 0.680617112540931 0.2621735257810086 0.694069089103431
2 1.0033527724836038 0.2650840051262199 0.9786432906249999 0.2637890359375 0.9752905181201337 0.32776374059199026 0.9999999999787376 0.3290587097807101
4 0.5283449656486531 0.003928612048671651 0.2935109884020872 -0.008378514793934758 0.2791594883656683 0.26546442808848064 0.513993465612234 0.277771554931087
0 0.07741458751036605 0.03975283573970434 0.02514257187500001 0.037013375 0.020440512489633966 0.12673399707279567 0.07271252812500001 0.12947345781250003
4 0.5320404324835788 0.7395051000646491 0.49693236217535847 0.7376651640454863 0.4946426640625002 0.7813552062500001 0.5297507343707204 0.783195142269163
4 0.3800778046875001 0.3998364859375001 0.33014632652771503 0.39721968816373865 0.326548229652715 0.4658754694137387 0.37647970781250006 0.46849226718750014
4 0.9638089375000002 0.9498904437500002 0.9396233780808874 0.9486229320917225 0.9372927921433873 0.9930931539667224 0.9614783515625002 0.9943606656250001
0 1.0119898812245707 0.284312386887794 0.9636187640051441 0.2817773640594942 0.9392907218430733 0.7459840631092003 0.9876618390624998 0.7485190859375
2 0.5277416906250001 0.612543625 0.47234895783456554 0.6096406152039663 0.4690779609375001 0.6720549609375002 0.5244706937279346 0.6749579707335338
0 0.11810989220078046 0.05440274037159448 0.0759802078125 0.052194817187500006 0.07225944842421958 0.12319113619090553 0.1143891328125 0.125399059375
4 0.9555850000000001 0.8978261828125002 0.9282787234540093 0.8963951215599852 0.9264796750000001 0.9307230125000002 0.9537859515459909 0.9321540737525151
0 0.13347817343750004 1.8041124150158794e-17 0.027373784411491027 -0.005560696008789859 0.022689323437500016 0.08382413437500001 0.128793712463509 0.08938483038378989
4 0.52753833125 0.43729280625000005 0.46590416407239676 0.4340626966861598 0.4607932312500001 0.5315851125000001 0.5224273984276034 0.5348152220638404
4 0.5223975406250001 0.4010365703125001 0.4740264218413522 0.3985015475170411 0.4704692124663521 0.46637714907954103 0.5188403312500001 0.4689121718750001
0 0.9395680594258004 0.5167782084056772 0.9122617828125001 0.5153471468750002 0.9100129717933371 0.5582570109332204 0.9373192484066373 0.5596880724638974
0 0.9931086625412069 0.31618039452623176 0.9759447171875001 0.3152808703125001 0.9653548640212934 0.5173473164112684 0.9825188093750002 0.518246840625
2 0.5768112125199307 0.6166798933697027 0.48631041085583726 0.6119369484332203 0.4804226170859067 0.7242827722510177 0.5709234187500002 0.7290257171875001
4 0.9976792687500001 0.5573751515625003 0.9680324546187344 0.5558214278746276 0.9587101124312346 0.7337023138121275 0.9883569265625003 0.7352560375000001
4 0.15584147812500004 0.588359228125 0.06065959999887862 0.5833709578124411 0.05240033280822032 0.7409671813316627 0.14758221093434173 0.7459554516442216
2 0.04535209531250002 0.06936539687499998 0.021946715668765257 0.06813877260240947 0.019248142187499994 0.119630609375 0.04265352183123476 0.12085723364759052
2 0.5151085421875001 0.6744673218750001 0.4831211890802873 0.6727909355981008 0.4811177031250001 0.7110197218750001 0.5131050562322129 0.7126961081518994
4 0.8342062807862755 0.5269028750575846 0.7163992026655553 0.5207288671634216 0.7074039593750001 0.69236831875 0.8252110374957203 0.698542326644163
4 0.23906870630475704 0.5676866723926747 0.15090844218750005 0.5630663890625 0.14399846088274304 0.6949166963573253 0.23215872500000004 0.6995369796875
2 0.9760949984558576 0.25270297464971947 0.9292842390625001 0.25024972656250016 0.9152598374183374 0.5178512359332205 0.9620705968116947 0.5203044840204397
4 0.8930799203749213 0.1200515066214285 0.7939971453125001 0.1148587984375001 0.788477337418337 0.2201830078082203 0.8875601124807584 0.2253757159921487
4 0.3806856437500002 0.73157293125 0.328413628203604 0.7288334703751476 0.323180031328604 0.8286964250626475 0.37545204687500017 0.8314358859375
4 0.9779603955462959 0.5156609765747528 0.956115373593913 0.5145161280513102 0.9539074514851172 0.5566458124140575 0.9757524734375002 0.5577906609375002
4 0.9018873125000002 0.026634425000000118 0.6740749499467188 0.014695285391670023 0.6632397718217187 0.22144280726667 0.8910521343750002 0.23338194687500008
4 1.0037207591496489 0.030406646714856565 0.9160123153918963 0.025810042175283664 0.9122915562422473 0.09680635952292721 1 0.10140296406250011
4 0.9144454062500001 0.5483191156250002 0.8387680109360438 0.5443530312777867 0.8309993921860439 0.6925871031527866 0.9066767875000001 0.6965531875000002
2 0.14288114531250004 0.10420492031249999 0.10153164062740312 0.1020378843291458 0.09715668124999997 0.18551707187500002 0.13850618593509692 0.1876841078583542
0 0.12422534687500002 0.04220608281250002 0.09535871095826513 0.04069324647877775 0.09339611249999999 0.07814185468750003 0.1222627484167349 0.07965469102122229
2 0.9717277516287421 0.18675903623602558 0.9467620125042797 0.18545063741833728 0.9434092405630377 0.24942534336981179 0.9683749796875001 0.2507337421875001
4 0.179089859375 0.07011571875000003 0.13305927727593586 0.06770335933050249 0.13003360624572022 0.1254366297691628 0.17606418834478435 0.12784898918866036
0 0.07897494535095496 0.03983461020373591 0.057910103125 0.03873064843750001 0.05566129211011689 0.08164051241405734 0.07672613433607185 0.08274447418029325
4 1.0032301072311558 0.10391921386006209 0.9870661055865646 0.10307209511395676 0.9838359983554088 0.1647062625038948 1 0.16555338125000013
4 0.885585321875 0.024215429687500106 0.8286322312915037 0.021230644520564862 0.8225808859375002 0.1366971859375001 0.8795339765209966 0.13968197110443537
0 0.9358859468934643 0.39297833871017984 0.9296445125000001 0.39265123906250016 0.9252286671058373 0.4769106062457203 0.9314701014993014 0.47723770589340003
0 0.9501081499999999 0.09174734375000011 0.9438667156881777 0.0914202441069943 0.9408819312499999 0.14837333593750007 0.9471233655618221 0.14870043558050589
0 0.10926940791582751 0.5514963140679152 0.049975778232607286 0.5483888671112523 0.043801771875000076 0.6661959453125 0.1030954015582203 0.6693033922691629
0 0.8737699218937409 0.07053554026740623 0.8651879500000001 0.07008577812500011 0.8608947655433372 0.1520046078082203 0.869476737437078 0.15245436995062644
4 0.2969835 3.8857805861880476e-17 0.1510899671395553 -0.007645955335160296 0.14399505932705528 0.12773296341483972 0.28988859218749996 0.13537891875000005
2 0.970971871875 0.11161649687500011 0.9600493608982109 0.11104407262468215 0.9577187765232109 0.15551429449968215 0.9686412875 0.15608671875000013
0 0.9889337468886008 0.560046105990483 0.9787914156250002 0.55951456875 0.9755613046738996 0.6211487361970173 0.9857036359375002 0.6216802734375002
4 0.9915018593938691 0.10799849495245332 0.958734328125 0.10628122187500014 0.9559130937311308 0.16011359567254693 0.988680625 0.16183086875000013
1 0.18686071724490444 0.11589765671715835 0.13380852196094264 0.11311730929761694 0.13057841250000002 0.17475147656250006 0.18363060778396184 0.17753182398204145
0 0.985821903125 0.7836271546875002 0.9358904264979344 0.7810103574819853 0.9343775905604345 0.8098769934194852 0.9843090671875 0.812493790625
0 0.9874374140625 0.11091477500000013 0.9772950827951734 0.11038323783061132 0.9747191718576735 0.15953453626811132 0.9848615031250001 0.16006607343750015
0 0.3329178843750001 0.6727423343750001 0.27830533125000007 0.6698802125000001 0.2760974086303924 0.712009896917864 0.3307099617553924 0.714872018792864
4 0.9773173109375002 0.9459044546875003 0.9445497797161255 0.9441871807037968 0.9416247530523696 0.9999999999961938 0.9743922842737442 1.0017172739798972
0 0.13541972191194246 0.1570117883575965 0.12215667196094267 0.15631670148511695 0.12064383593750005 0.1851833375 0.13390688588849983 0.18587842437247956
2 0.14037490156250015 0.46550640468750004 0.004623700015521937 0.4583919856413248 -0.02166694060947812 0.9600472903288247 0.11408426093750013 0.9671617093749999
0 0.10810017500000002 0.09612355000000003 0.06909120938075293 0.09407917645272754 0.06692417343749998 0.13542867968750003 0.10593313905674706 0.1374730532347725
0 0.14207003125000003 0.14953709531250003 0.13036734062665672 0.14892378278088858 0.1290998281266567 0.17310934215588858 0.14080251875000005 0.17372265468750003
0 0.9448083742298916 0.9989632828540277 1.1657341758564144e-16 0.949447975 -0.000981299187390061 0.9681722792617137 0.9438270750425015 1.0176875871157414
4 0.9347349093749999 0.9999999999999998 1.0547118733938987e-16 0.9510126187499999 -0.0012266239868285566 0.9744179985010453 0.9335082853881713 1.0234053797510452