0 0.7296875 5.568315914873122e-17 0.1796875 2.2005372172179003e-17 0.17968750000000006 0.6015625000000001 0.7296875 0.6015625000000002
0 0.8265625 0.4984375000000001 0.5015625 0.4984375 0.5015625000000001 0.915625 0.8265625 0.915625
0 0.19531250000000003 0.010937500000000013 1.3394574365674175e-18 0.0109375 2.2388074296912548e-17 0.3546875 0.19531250000000006 0.3546875
0 0.8828125 9.242256312315182e-17 0.6265625 7.673177600907635e-17 0.6265625 0.1765625000000001 0.8828125 0.1765625000000001
0 0.853125 0.565625 0.475 0.565625 0.4750000000000001 0.8890625 0.853125 0.8890625
0 0.17187500000000003 0.01562500000000001 1.9135106236677394e-18 0.015625 2.401455832703013e-17 0.3765625 0.17187500000000006 0.3765625
0 0.8625 0.006250000000000091 0.634375 0.0062500000000000775 0.634375 0.36406250000000007 0.8625 0.36406250000000007
0 0.73125 0.00781250000000007 0.4 0.00781250000000005 0.4 0.5843750000000001 0.73125 0.5843750000000002
0 0.8140625 9.261391418551857e-17 0.6984375 8.553392487794795e-17 0.6984375 0.07968750000000009 0.8140625 0.07968750000000009
0 0.521875 0.010937500000000048 0.28125 0.010937500000000034 0.28125000000000006 0.625 0.521875 0.625
0 0.7125 0.12343750000000009 0.6125 0.12343750000000009 0.6125 0.3281250000000001 0.7125 0.3281250000000001
0 0.6265625 0.36406250000000007 0.5453125 0.36406250000000007 0.5453125 0.4984375 0.6265625 0.4984375
0 0.50625 0.003125000000000054 0.378125 0.0031250000000000457 0.378125 0.2375000000000001 0.50625 0.2375000000000001
4 0.4484375 0.353125 0.3 0.353125 0.30000000000000004 0.7 0.4484375 0.7
0 0.6078125 0.33281250000000007 0.4890625 0.33281250000000007 0.4890625 0.5390625 0.6078125 0.5390625
0 0.38125000000000003 0.010937500000000037 0.2328125 0.010937500000000027 0.23281250000000003 0.459375 0.3812500000000001 0.459375
0 0.646875 0.08437500000000007 0.534375 0.08437500000000006 0.534375 0.2687500000000001 0.646875 0.2687500000000001
0 0.5390625 0.20312500000000008 0.4640625 0.20312500000000008 0.4640625 0.3187500000000001 0.5390625 0.3187500000000001
4 0.996875 1.1031388745444518e-16 0.8046875 9.854579711888858e-17 0.8046875 0.5250000000000001 0.996875 0.5250000000000001
4 1 0.3968750000000001 0.8046875 0.3968750000000001 0.8046875 0.8984375 1 0.8984375
0 0.6890625 0.23437500000000008 0.63125 0.23437500000000008 0.63125 0.3187500000000001 0.6890625 0.3187500000000001
0 0.8734375 0.2453125000000001 0.84375 0.2453125000000001 0.84375 0.3125000000000001 0.8734375 0.3125000000000001
0 1 8.036744619404506e-17 0.3125 3.827021247335479e-17 0.31250000000000006 0.928125 1 0.928125
0 0.9484375 0.1515625000000001 0.9015625 0.1515625000000001 0.9015625 0.22812500000000008 0.9484375 0.22812500000000008
0 0.7421875 8.103717491232876e-17 0.58125 7.11825952004399e-17 0.58125 0.13437500000000008 0.7421875 0.13437500000000008
0 0.3656250000000001 0.8921875 0.1984375000000001 0.8921875 0.1984375000000001 1 0.3656250000000001 1
0 0.7734375 9.223121206078503e-17 0.7328125 8.974364825001696e-17 0.7328125 0.037500000000000096 0.7734375 0.0375000000000001
4 0.37968750000000007 0.35937500000000006 0.303125 0.359375 0.30312500000000003 0.5609375 0.37968750000000007 0.5609375
0 0.6859375 0.14218750000000008 0.6265625 0.14218750000000008 0.6265625 0.2312500000000001 0.6859375 0.2312500000000001
0 0.048437500000000015 0.023437500000000003 2.8702659355016093e-18 0.0234375 1.8561053049577072e-17 0.2796875 0.048437500000000036 0.2796875
4 0.9609375 0.6593750000000002 0.8609375 0.6593750000000002 0.8609375 0.8890625 0.9609375 0.8890625
0 0.81875 0.0265625000000001 0.7796875 0.0265625000000001 0.7796875 0.0687500000000001 0.81875 0.06875000000000012
0 0.8546875 0.6671875000000002 0.74375 0.6671875000000002 0.7437500000000001 0.8390625 0.8546875 0.8390625
0 0.740625 0.01093750000000009 0.70625 0.010937500000000086 0.70625 0.05156250000000009 0.740625 0.05156250000000009
0 0.1453125 0.015625000000000014 0.09375 0.01562500000000001 0.09375 0.07500000000000002 0.1453125 0.07500000000000002
0 0.71875 0.2828125000000001 0.6890625 0.2828125000000001 0.6890625 0.3375000000000001 0.71875 0.3375000000000001
0 0.6609375 0.039062500000000076 0.6328125 0.039062500000000076 0.6328125 0.07812500000000008 0.6609375 0.07812500000000008
0 0.1281250000000001 0.7921875 0.012500000000000094 0.7921875 0.012500000000000108 1 0.12812500000000013 1
0 0.7234375000000001 0.725 0.6265625 0.725 0.6265625000000001 0.878125 0.7234375000000002 0.878125
4 0.9125 0.09218750000000012 0.8546875 0.09218750000000012 0.8546875 0.1953125000000001 0.9125 0.19531250000000014
0 0.3625 0.06406250000000005 0.3140625 0.06406250000000005 0.3140625 0.12656250000000005 0.3625 0.12656250000000005
0 0.690625 0.6640625 0.6546875 0.6640625 0.6546875 0.725 0.690625 0.725
0 0.628125 0.4109375 0.590625 0.4109375 0.590625 0.48125 0.628125 0.48125
4 0.8328125 0.21250000000000008 0.6859375 0.21250000000000008 0.6859375 0.5140625000000001 0.8328125 0.5140625000000002
0 0.6828125 0.5390625 0.571875 0.5390625 0.571875 0.678125 0.6828125 0.678125
4 0.4328125 0.515625 0.38750000000000007 0.515625 0.38750000000000007 0.603125 0.4328125 0.603125
0 0.9765625 0.1656250000000001 0.6734375 0.16562500000000008 0.6734375 0.7203125000000001 0.9765625 0.7203125000000001
0 1 0.8328125 0.875 0.8328125 0.875 0.971875 1 0.971875
0 0.7578125000000001 0.6843750000000001 0.7234375 0.684375 0.7234375000000001 0.7312500000000001 0.7578125000000002 0.7312500000000002
0 0.11875000000000002 0.1015625 0.05312500000000002 0.1015625 0.05312500000000002 0.2296875 0.11875000000000005 0.2296875
0 0.7859375 0.41406250000000017 0.7703125 0.41406250000000017 0.7703125 0.4437500000000002 0.7859375 0.4437500000000002
0 0.1453125 0.07343750000000002 0.10625 0.07343750000000002 0.10625 0.128125 0.1453125 0.128125
0 0.571875 0.496875 0.5421875 0.496875 0.5421875 0.5671875 0.571875 0.5671875
0 0.7828125000000001 0.6359375 0.7046875 0.6359375 0.7046875000000001 0.7546875000000001 0.7828125000000001 0.7546875000000002
0 0.590625 0.03437500000000007 0.565625 0.034375000000000065 0.565625 0.08125000000000007 0.590625 0.08125000000000007
0 0.3015625 0.009375000000000033 0.23125 0.009375000000000027 0.23125 0.14531250000000004 0.3015625 0.14531250000000004
0 0.7 0.2171875000000001 0.6625 0.2171875000000001 0.6625 0.2718750000000001 0.7 0.2718750000000001
0 1 0.9234375 0.9328125 0.9234375 0.9328125 0.984375 1 0.984375
0 0.153125 0.1015625 0.109375 0.1015625 0.10937500000000003 0.215625 0.15312500000000004 0.215625
0 0.6265625 0.2562500000000001 0.6015625 0.2562500000000001 0.6015625 0.2906250000000001 0.6265625 0.2906250000000001
4 0.434375 0.3828125000000001 0.39531250000000007 0.3828125000000001 0.39531250000000007 0.453125 0.434375 0.453125
0 0.7609375 0.4859375000000002 0.7359375 0.4859375000000002 0.7359375 0.5281250000000002 0.7609375 0.5281250000000002
0 0.821875 0.3296875000000001 0.809375 0.3296875000000001 0.809375 0.3515625000000001 0.821875 0.3515625000000001
4 0.4640625 0.2062500000000001 0.415625 0.2062500000000001 0.415625 0.30156250000000007 0.4640625 0.30156250000000007
0 0.39531250000000007 0.7734375 0.009375000000000095 0.7734375 0.009375000000000109 1 0.39531250000000007 1
0 0.715625 0.4625 0.7 0.4625 0.7 0.4875 0.715625 0.4875
0 0.6984375 0.6171875 0.6703125 0.6171875 0.6703125 0.65625 0.6984375 0.65625
0 0.61875 0.678125 0.590625 0.678125 0.590625 0.7140625 0.61875 0.7140625
0 0.8078125 0.6250000000000002 0.7609375 0.6250000000000002 0.7609375 0.6953125000000002 0.8078125 0.6953125000000002
0 0.7453125 0.6406250000000001 0.71875 0.640625 0.71875 0.690625 0.7453125 0.6906250000000002
0 0.265625 0.275 0.24375 0.275 0.24375 0.328125 0.265625 0.328125
0 0.18906250000000005 0.25625 0.16718750000000004 0.25625 0.16718750000000004 0.284375 0.18906250000000005 0.284375
0 0.9015625 0.821875 0.859375 0.821875 0.859375 0.89375 0.9015625 0.89375
0 0.10156250000000014 0.9375 0.017187500000000116 0.9375 0.01718750000000012 1 0.10156250000000014 1
0 0.5890625 0.4234375 0.56875 0.4234375 0.56875 0.45625 0.5890625 0.45625
0 0.965625 0.48437500000000017 0.8859375 0.48437500000000017 0.8859375 0.6437500000000002 0.965625 0.6437500000000002
0 0.7187500000000002 0.8640625 0.7000000000000002 0.8640625 0.7000000000000002 0.8890625 0.7187500000000002 0.8890625
0 0.84375 0.8625 0.8078125 0.8625 0.8078125 0.9078125 0.84375 0.9078125
4 0.640625 0.2140625000000001 0.6109375 0.2140625000000001 0.6109375 0.2609375000000001 0.640625 0.2609375000000001
0 0.275 0.16562500000000005 0.253125 0.16562500000000005 0.253125 0.2265625 0.275 0.2265625
0 0.7656250000000002 0.8375 0.7468750000000002 0.8375 0.7468750000000002 0.8703125 0.7656250000000002 0.8703125
0 0.034375 0.020312500000000004 2.487563810768061e-18 0.0203125 6.8886382452038604e-18 0.0921875 0.03437500000000001 0.0921875
2 1 0.5890625000000002 0.9359375 0.5890625000000002 0.9359375 0.7921875000000002 1 0.7921875000000002
0 0.3531250000000001 0.909375 0.30937500000000007 0.909375 0.30937500000000007 1 0.3531250000000001 1
0 0.10156250000000014 0.915625 0.0796875000000001 0.915625 0.0796875000000001 0.9453125 0.10156250000000014 0.9453125
0 0.9359375 0.15781250000000013 0.915625 0.15781250000000013 0.915625 0.19375000000000014 0.9359375 0.19375000000000014
0 0.7484375000000002 0.846875 0.7312500000000002 0.846875 0.7312500000000002 0.8765625 0.7484375000000002 0.8765625
0 0.8609375 0.6953125000000002 0.8484375 0.6953125000000002 0.8484375 0.7156250000000002 0.8609375 0.7156250000000002
0 0.4125000000000002 0.925 0.3687500000000001 0.925 0.3687500000000001 0.9984375 0.4125000000000002 0.9984375
0 0.921875 0.9046875 0.8921875 0.9046875 0.8921875 0.9328125 0.921875 0.9328125
0 0.3218750000000001 0.90625 0.2687500000000001 0.90625 0.2687500000000001 1 0.3218750000000001 1
0 0.99375 0.33281250000000007 0.9296875 0.33281250000000007 0.9296875 0.4234375000000002 0.99375 0.4234375000000002
0 0.37968750000000007 0.01562500000000002 1.9135106236677394e-18 0.015625 3.5782648662586727e-17 0.56875 0.37968750000000007 0.56875
0 0.3843750000000001 0.928125 0.3671875000000001 0.928125 0.3671875000000001 0.9609375 0.3843750000000001 0.9609375
0 1 0.7328125000000001 0.47968750000000016 0.7328125 0.47968750000000016 0.996875 1 0.996875
0 0.2625 0.015625000000000024 0.1328125 0.015625000000000017 0.13281250000000003 0.325 0.2625 0.325
0 0.11875000000000005 0.246875 0.09375000000000003 0.246875 0.09375000000000003 0.2828125 0.11875000000000005 0.2828125
0 0.58125 0.675 0.36406250000000007 0.675 0.36406250000000007 1 0.5812500000000002 1
0 0.039062500000000125 0.9609375 0.015625000000000118 0.9609375 0.015625000000000118 1 0.039062500000000125 1
0 0.16875 0.178125 0.128125 0.178125 0.12812500000000002 0.2640625 0.16875000000000004 0.2640625
4 0.10625000000000014 0.990625 0.057812500000000114 0.990625 0.05781250000000012 1 0.10625000000000014 1
0 0.11093750000000005 0.2828125 0.08906250000000004 0.2828125 0.08906250000000004 0.3171875 0.11093750000000005 0.3171875
0 0.14062500000000014 0.99375 0.11093750000000013 0.99375 0.11093750000000013 1 0.14062500000000014 1
0 0.8 0.4281250000000001 0.721875 0.428125 0.721875 0.5468750000000001 0.8 0.5468750000000002
0 0.3687500000000001 0.9828125 0.3531250000000001 0.9828125 0.3531250000000001 1 0.3687500000000001 1
0 0.8515625 0.8078125 0.7484375000000002 0.8078125 0.7484375000000002 0.9140625 0.8515625 0.9140625
0 0.8359375 0.88125 0.8171875 0.88125 0.8171875 0.90625 0.8359375 0.90625
0 0.75 0.6375000000000002 0.7421875 0.6375000000000002 0.7421875 0.6500000000000001 0.75 0.6500000000000001
0 0.19531250000000006 0.19843750000000002 0.09531250000000002 0.1984375 0.09531250000000004 0.3859375 0.19531250000000006 0.3859375
0 0.3062500000000001 0.4390625 0.017187500000000057 0.4390625 0.01718750000000008 0.853125 0.3062500000000001 0.853125
0 0.19843750000000013 0.959375 0.17500000000000013 0.959375 0.17500000000000013 1 0.19843750000000013 1
0 0.3437500000000001 0.896875 0.33281250000000007 0.896875 0.33281250000000007 0.9390625 0.3437500000000001 0.9390625
0 0.17343750000000005 0.25625 0.16562500000000005 0.25625 0.16562500000000005 0.26875 0.17343750000000005 0.26875
0 0.6750000000000002 0.825 0.6671875000000002 0.825 0.6671875000000002 0.8390625 0.6750000000000002 0.8390625
0 0.7453125 0.5390625000000002 0.7375 0.5390625000000002 0.7375 0.5515625000000002 0.7453125 0.5515625000000002
0 0.2765625000000001 0.9265625 0.21250000000000008 0.9265625 0.21250000000000008 1 0.2765625000000001 1
0 0.25 0.01250000000000003 0.234375 0.012500000000000028 0.234375 0.057812500000000024 0.25 0.057812500000000024
0 0.26250000000000007 0.896875 0.2312500000000001 0.896875 0.2312500000000001 0.946875 0.26250000000000007 0.946875
0 0.79375 0.4671875000000002 0.784375 0.4671875000000002 0.784375 0.4890625000000002 0.79375 0.4890625000000002
0 0.2640625000000001 0.9578125 0.23593750000000008 0.9578125 0.23593750000000008 0.99375 0.2640625000000001 0.99375
0 0.15000000000000013 0.9140625 0.13750000000000012 0.9140625 0.13750000000000012 0.9375 0.15000000000000013 0.9375
0 0.1453125 0.017187500000000015 0.1328125 0.017187500000000015 0.1328125 0.05312500000000002 0.1453125 0.05312500000000002