2 1.0034086737413088 0.014961818944613476 0.9273033484375001 0.013633395312500112 0.9238946746928877 0.2089161484321394 0.9999999999966965 0.2102445720642528
2 0.39167353593750004 0.08085810468750006 0.2588812640796538 0.07854020682976075 0.2559361703125 0.24726450625000002 0.38872844217034624 0.24958240410773933
2 0.7323442796969384 0.2602684541467867 0.6604802265625 0.2590140625000001 0.6584622921602348 0.3746214531245242 0.7303263452946731 0.3758758447713108
0 1.0047994122185895 0.014986094372097539 0.8773109625 0.012760775000000104 0.8725115502709453 0.28771889216495594 0.9999999999895348 0.28994421153705335
0 0.18407211718750002 0.2460101140625 0.04971758281250003 0.243664946875 0.045572636156725105 0.4811287750038266 0.1799271705317251 0.4834739421913266
4 0.6657317627959205 0.1372121640676654 0.5188791315463963 0.13464884216540013 0.5150886875 0.3518032625000001 0.6619413187495241 0.3543665844022653
4 0.5375092921875001 0.05214891718750007 0.425026426570785 0.050185521400356106 0.42194498593750007 0.2267211312500001 0.5344278515542151 0.2286845270371441
4 0.30713432812499997 3.8163916471489756e-17 0.18215336660818102 -0.0021815507223459734 0.17973192597075272 0.13654269530217103 0.30471288748757164 0.13872424602451702
0 1.0058356492215081 0.013441444462960894 0.7757912015625 0.009426003125000096 0.7699555523287899 0.3437500765486022 0.9999999999877979 0.34776551788656296
4 0.3927643117919917 0.01836762501491525 0.32402478210496766 0.017167771862650016 0.32238861874999997 0.11090349218750004 0.39112814843702404 0.11210334533976526
0 0.7977024046875003 0.4551887984375001 0.532117860943501 0.4505530027812085 0.5230098859375 0.9723485187500002 0.7885944296814993 0.9769843144062916
0 0.8393618125000002 0.7543989265625002 0.6768865625038958 0.751562910714321 0.6727143468750001 0.9905889999999999 0.8351895968711045 0.9934250158481792
0 0.9890662734476814 0.7726394072292326 0.8750211453125003 0.7706487421875001 0.8710178043661658 0.9999999999943914 0.985062932501347 1.0019906650361237
0 1.000652214053019 0.3774689232171625 0.8475505359241774 0.37479652343726755 0.8411149609336583 0.7434903611576053 0.9942166390624999 0.7461627609375002
4 0.46616335781250023 0.021211546875000063 0.17714488282238647 0.016166710371104998 0.1608105203129758 0.9519616640352346 0.44982899530308956 0.9570065005391297
0 0.7536591046875001 0.4716101375000001 0.6333649281256301 0.46951039527641536 0.6294381375000001 0.6944761265625001 0.7497323140618702 0.6965758687860848
0 0.6480058515625001 0.526024521875 0.5808285843614587 0.5248519382757895 0.5777471437364586 0.7013875476507895 0.6449244109375001 0.70256013125
2 0.18804635156250007 0.5555016109375 6.938893903907228e-17 0.5522192499999999 -0.00714457815026176 0.9615319003123647 0.18090177341223823 0.9648142612498647
0 0.5545076468750001 0.4212517953125001 0.4795190687283782 0.4199428653012133 0.4773375187283782 0.5449238278012132 0.5523260968750001 0.5462327578125
2 0.2468352921875001 0.23147826875000005 0.17809576249302533 0.23027841602458493 0.1747143593680253 0.4239989082120849 0.24345388906250007 0.4251987609375001
2 0.13077577812500002 0.07630411718750002 0.01829291248998509 0.07434072088625632 0.016438593739985068 0.1805745396362563 0.128921459375 0.1825379359375
0 1.0022360864786268 0.16965241379304546 0.9464753442872119 0.16867910776733014 0.9442392578085851 0.2967845939742848 1 0.29775790000000013
4 0.5065683734537133 0.39228572719614696 0.38783645937500005 0.3902132546875001 0.3857912562227349 0.5073829078120242 0.5045231703014481 0.5094553803206712
2 0.04731351877275552 0.02327692369633887 0.016068278125000002 0.022731535937500002 0.0147320781022445 0.09928237630366114 0.04597731875000001 0.09982776406250002
2 0.48888118750000026 0.5998211531250002 0.30765879216138703 0.5966579046210188 0.30073236872388703 0.9934724593085186 0.48195476406250026 0.9966357078125
4 0.4357211953194057 0.4223038464793819 0.29824213750000006 0.4199041406250001 0.29475165624309446 0.6198736800831182 0.4322307140625001 0.6222733859375
0 0.035552506256757876 0.6075356511753475 7.355227538141662e-17 0.6069150796875 -0.0013907390692577196 0.6865904441371525 0.03416176718750008 0.687211015625
4 0.4526993767064999 0.25538723437751365 0.25897888593750007 0.25200583125000003 0.2566064498560002 0.38792262812248646 0.450326940625 0.39130403125000013
2 0.15656278281250002 0.03143482968750002 0.12219301875715002 0.03083490271537606 0.12115678125000003 0.09020085937500003 0.15552654530535 0.09080078634712398
2 0.2149327859375001 2.6367796834847467e-17 0.10557444375436875 -0.001908856500285135 0.10252662187499999 0.17270078437500003 0.21188496405813134 0.1746096408752852
0 0.17861388125000002 0.2005954375 0.14268185469290548 0.1999682418778217 0.14186377343750003 0.24683610312500007 0.17779579999459455 0.24746329874717837
4 0.280671125 0.08360876562500003 0.185373140625 0.08194533281250002 0.18160996478922736 0.2975374921729115 0.27690794916422745 0.2992009249854115
4 0.6813974665126249 0.3140750047029936 0.46580530624999994 0.31031182968750004 0.4640873350498749 0.4087343374845065 0.6796794953124998 0.41249751250000016
0 0.7518786875 0.4840809640625001 0.6925127312343212 0.4830447274607355 0.6907674906093212 0.5830294977732354 0.7501334468749998 0.584065734375
4 0.42807705000000007 0.14400305156250004 0.3655865687635271 0.14291227578753657 0.3624778578125 0.32101014687500007 0.424968339048973 0.3221009226499636
0 0.12095444062500002 0.280851365625 0.09283372341948185 0.280360516657261 0.09209744998198185 0.32254159165726093 0.12021816718750003 0.3230324406249999
0 0.14825707500000004 0.328210075 0.11701183437500004 0.3276646875 0.11592105937500001 0.39015516875 0.14716630000000003 0.39070055625
2 0.6821337390625001 0.27189392968750004 0.6337036171706438 0.2710485790906915 0.6324764952956439 0.34135037127819146 0.6809066171875001 0.34219572187499997
0 0.6281327563236591 0.5006738281535592 0.5797026328125 0.49982847656249996 0.578530048363365 0.5670057437487059 0.6269601718745241 0.5678510953397652
0 0.6526301921964298 0.44015464948841376 0.60576233125 0.43933656718750014 0.6045352077857106 0.509638359347259 0.6514030687321404 0.5104564416481726
4 0.6430578265687856 0.361850662139909 0.6321219921875001 0.3616597765625001 0.6309494093687146 0.42883704411009127 0.6418852437500002 0.4290279296875002
0 0.8194499922013281 0.9103251648327999 0.7819557031250001 0.9096707000000002 0.7807831202986721 0.9768479679797004 0.8182774093750002 0.9775024328125002
0 0.5670954593750002 0.5058593703125001 0.5374124796874999 0.5053412515625 0.5365125892627989 0.5568958984409963 0.5661955689502991 0.5574140171909963
4 0.6257322390625001 0.011494928125000076 0.5319965171703701 0.009858765043877301 0.53025127654537 0.1098435353563773 0.6239869984374999 0.11147969843750008
0 0.15766582343750007 0.4158876343750001 0.1373564171930292 0.41553313249573287 0.13667468281250003 0.45458968281250006 0.15698408905697087 0.4549441846917673
0 1.000690938968102 0.19619199008181584 0.9788192702151752 0.1958102183745003 0.9781102656220734 0.23642903141768454 0.9999819343750002 0.2368108031250001
2 0.5308282922115862 0.4349031126826077 0.4995830515625001 0.4343577250000001 0.4985740843477349 0.49216142031202414 0.529819324996821 0.49270680799463173
2 0.8031290125249152 0.14429865482261875 0.7828196062500001 0.1439441531250001 0.7821924109125852 0.17987618111488152 0.8025018171875002 0.18023068281250013
2 0.6773959625 0.006145770312500084 0.6492752463543254 0.005654921865911681 0.6489480140625001 0.024402065625000087 0.6770687302081747 0.024892914071588487
0 0.9818892565462152 0.19898928128244414 0.9631421109374999 0.1986620484375001 0.962542184078309 0.2330318140573214 0.9812893296870243 0.23335904690226542
2 0.860243065625 0.09528796875000009 0.8321223484401947 0.09479712015810464 0.831222459375 0.1463517671875001 0.8593431765598052 0.14684261577939553
0 0.1571114796875 1.9428902930940238e-17 0.11493040468397897 -0.0007362732357806192 0.11424536093397897 0.03850986582671938 0.1564264359375 0.03924613906250002
0 0.4502407740764876 0.03812373594865361 0.41118422251446346 0.037442001546388395 0.410202525 0.09368343437500005 0.4492590765620241 0.09436516877726528
0 0.710156834375 0.09891915625000008 0.6898474281072737 0.09856465414053305 0.6893838484197737 0.12512310882803307 0.7096932546875 0.1254776109375001
2 0.8602976057288492 0.09216344533067697 0.8462372463543254 0.09191802030341167 0.8458282046875002 0.11535195000000012 0.8598885640620241 0.11559737502726539
4 0.07584910312500001 9.8879238130678e-18 0.0555396956698521 -0.0003545020680306134 0.05376135816985209 0.1015263729319694 0.074070765625 0.10188087500000001
2 0.38876797813535846 0.694963427531568 0.36377178593750004 0.6945271171875 0.36298097342714164 0.7398327162184322 0.38797716562500006 0.7402690265625