0 0.40526232812751195 0.7224505469229306 0.39430448586262884 0.5133624876338733 0.2663550764851169 0.5200680328984426 0.27731291874999997 0.7291560921875
0 0.4681850720105227 0.2810525046803976 0.45657303125000004 0.059481576562500006 0.2318813858019773 0.07125716719460239 0.24349342656249995 0.2928280953125
0 0.8504596718749999 0.3204748250000001 0.8337775857180821 0.0021616608671120472 0.6168877325930824 0.013528376492112032 0.6335698187500001 0.33184154062500004
4 0.9895944968750001 0.9750276125000001 0.9757745329059011 0.7113269999951048 0.529511959375 0.7347146312499999 0.543331923344099 0.9984152437548952
4 1.0049506027958348 0.6112253577207911 0.9812358732587253 0.15872134981852243 0.5693011890624999 0.18030993125 0.5930159185996093 0.6328139391522687
4 0.6816380531249999 0.9504861749999998 0.6369889406160965 0.09853035295510922 0.07213910937499998 0.128132878125 0.11678822188390345 0.9800887001698906
4 0.3035583609375 0.5134243593750001 0.2772268328125 0.010988873437499996 -0.0005170078798517998 0.025544811378646802 0.025814520245148236 0.5279802973161469
4 0.990155975000904 0.29907185314224627 0.9760906874999999 0.030690165624999988 0.874667374999096 0.03600553592025372 0.8887326625 0.3043872234375
4 0.10504796251511257 0.9650575377883648 0.09727934375000001 0.816823465625 0.01614069373488745 0.8210757622116353 0.023909312499999995 0.969309834375
4 0.14085676093750002 0.21528090781250006 0.1359502657657104 0.12165938897323854 0.07509627812072024 0.12484861085583712 0.08000277329250985 0.21847012969509869
0 0.3135216312867347 0.7632452928884395 0.3060801125 0.6212526546875 0.2202603874632653 0.6257502758615605 0.22770190625 0.7677429140625001
2 0.48970730473316487 0.9902730805588369 0.4769504156203822 0.7468571311618855 0.16487868563222857 0.7632121172034986 0.1776355747450113 1.0066280666004501
4 0.106477946875 0.8132121 0.09323040777280671 0.5604339976801066 0.002729606250000005 0.5651769437499998 0.015977145352193294 0.8179550460698932
2 0.1351612109375 0.345444875 0.129764065625 0.24246120312500002 0.07359115463280926 0.24540510051893807 0.07898829994530925 0.34838877239393806
2 0.19127656252754174 0.9683617099005286 0.18211777031249998 0.793601540625 0.0666512312224582 0.7996528854119713 0.07581002343749997 0.9744130546874998
4 0.0704747484375 0.9621755109374999 0.06720374998172417 0.8997611637137762 0.020392990624999986 0.9022144124999999 0.023663989080775816 0.9646287597237235
2 0.255666778125 0.9430821421875001 0.24969720775509613 0.8291759598421683 0.1623171234375 0.8337553562499999 0.16828669380740385 0.9476615385953316
4 0.6073066281744488 0.9950624712560401 0.6033814312220657 0.9201652557169829 0.5409670842976169 0.9234362532109428 0.5448922812499999 0.99833346875
4 0.855403653196434 0.9820602576130419 0.8518055562397711 0.9134044763673217 0.6473985733558372 0.9241169921917798 0.6509966703125001 0.9927727734375
0 0.09973491569640741 0.11729877792503499 0.09466487031250001 0.020556540625 0.03381088274109256 0.023745762699964996 0.03888092812499998 0.12048799999999997
4 0.07171033125000001 0.20951685156249997 0.06827578278794495 0.14398178859396196 0.02146502343749999 0.14643503750000003 0.024899571899555047 0.211970100468538
4 0.33164697187500003 0.8702558390625 0.32551385156107343 0.753228940597779 0.24749591875000002 0.7573176874999998 0.2536290390639266 0.874344585964721
2 0.737245175 0.9068911765625 0.7346283773079014 0.8569596999609352 0.7003004866829012 0.8587587483984352 0.7029172843749999 0.908690225
2 0.26210493636543397 0.7972328124775729 0.2594881390582202 0.7473013358558371 0.2314016828125 0.748773284375 0.23401848011971382 0.7987047609967358
2 0.5199265437549871 0.9996418672826589 0.5164102218750001 0.9325464453125001 0.47428053714609925 0.9347543684145425 0.47779685902608626 1.0018497903847012
4 0.07534375782407357 0.4878331158458365 0.06814756406250003 0.35052155468749996 -0.005189292208845561 0.3543649763421756 0.0020069015527279825 0.4916765375005121
2 0.29829374531249997 0.9205077812500001 0.29633114686639705 0.8830591732733462 0.26356361562499997 0.884776446875 0.2655262140711029 0.922225054851654
2 0.16466869064827855 0.9681915254441812 0.16172479375 0.9120186140625002 0.12583654528922145 0.9138994370558191 0.1287804421875 0.9700723484375
4 0.9219863654509102 0.7000641202397364 0.9078393015582202 0.4301220749183372 0.8329420859374999 0.43404727187500003 0.8470891498301898 0.7039893171963992
1 0.66270823438621 0.7684148627138978 0.6589465875 0.6966383640625 0.61837726248879 0.6987645122861021 0.6221389093749999 0.7705410109374999
1 1.002994639075513 0.5440481609601722 0.99784281875 0.44574556562499995 0.9650752874869871 0.44746283903982775 0.9702271078125 0.5457654343749999
2 0.36759045625 0.98884973125 0.3646465583591277 0.9326768202838525 0.280387190625 0.9370926671875 0.2833310885158723 0.9932655781536475
2 0.21879722968749998 0.9262386609375002 0.2174070546875 0.8997125640625002 0.20024310937575523 0.9006120890769113 0.20163328437575526 0.9271381859519112
0 0.10825045468750001 0.9664543468750001 0.10636963125000001 0.930566096875 0.08140389368872522 0.9318744957058074 0.0832847171262252 0.9677627457058074
2 0.18635016254549674 0.9639259586806302 0.18536886406249997 0.9452016546875 0.1744463530795032 0.9457740788193696 0.17542765156249998 0.9644983828125
2 0.160069390625 0.9699972078125001 0.1588427657372866 0.9465918281191152 0.14635989542478658 0.9472460281191152 0.1475865203125 0.9706514078125
4 0.069727828125 0.2612540125 0.06612973035148437 0.19259823121520206 0.017758611601484363 0.19513325465270204 0.021356709374999998 0.2637890359375
2 0.4964756484374999 0.9999999999999998 0.4948038906249999 0.968100959375 0.4760795855227749 0.9690822585841602 0.4777513433352749 1.00098129920916
2 0.14217179531249996 0.21051805625000003 0.14143582031154892 0.1964748281068527 0.1336340265625 0.196883703125 0.13437000156345108 0.21092693126814735
2 0.31915746718750004 0.9006386281250001 0.317276643713564 0.86475037899226 0.29699198125 0.8658134531249999 0.29887280472393596 0.9017017022577398