4 0.5090626703125001 0.5535052734375 0.4831809044951469 0.05965176086569364 0.23352352012014682 0.07273574992819357 0.2594052859375 0.5665892624999999
4 0.43388987500000004 0.9999999999999998 0.4085930390625 0.517307590625 0.06999521246545437 0.5350527498648361 0.09529204840295438 1.017745159239836
4 1.0254827450633808 0.9731467906637198 0.9741280894566996 -0.006758441852507418 0.382752160806285 0.024234256361725617 0.4341068164129661 1.0041394888779527
4 0.345487475 1 0.32165940000000004 0.545333253125 0.08214434616451796 0.5578857054555197 0.10597242116451791 1.0125524523305196
4 0.38150007502745337 0.29889495052384096 0.37099199687500006 0.0983888625 0.2602065327850467 0.10419488228865907 0.2707146109375 0.3047009703125
4 0.181982146875 0.9999999999999998 0.167760712393834 0.7286389010992318 0.01172484552103793 0.7368163954653453 0.025946280002203947 1.0081774943661135
4 0.985325696883201 0.41589099703148485 0.9689298234375002 0.10303908750000002 0.756721046866799 0.11416047796851525 0.7731169203125 0.42701238750000003
4 0.344155303125 0.5715355687499999 0.3374088702839716 0.4428059791431462 0.26719273125 0.4464858515625 0.27393916409102836 0.5752154411693537
4 0.84828044375 0.5177342140625 0.8284091354784262 0.13856706244217187 0.6146399995409262 0.14977022806717188 0.6345113078125001 0.5289373796875
4 0.791570521875 0.16709664531250001 0.782425507161064 -0.0074006313316378695 0.6412130484375 0 0.6503580631514362 0.1744972766441379
4 0.665535026610868 0.6133669321729178 0.6467267921875 0.2544844421875 0.481328774951632 0.26315258501458216 0.500137009375 0.622035075
1 0.3344429125227208 0.11751540668353966 0.3287186671285579 0.00829030043781942 0.28190790773083707 0.010743548441779775 0.28763215312499996 0.11996865468750002
4 0.9813861531249998 0.2212992453125 0.9700194379140289 0.004409393728301669 0.8295871582265288 0.011769137478301706 0.8409538734374997 0.2286589890625
1 0.517046840625 0.28787963437499997 0.5019184781303598 -0.0007867156252808871 0.392693371875 0.0049375296875 0.40782173436964014 0.29360387968778084
4 0.17348164141300954 0.8527283030837021 0.16673520937072023 0.723998713980837 0.09417853125 0.7278012484374999 0.10092496329228931 0.856530837540365
4 0.6599909187499999 0.4329410703125 0.6544711109374999 0.3276168609375 0.5975180202606729 0.33060164588608354 0.603037828073173 0.4359258552610836
4 0.325876365625 0.41681142031249996 0.3193343718548337 0.29198272774020406 0.2639416390625 0.29488573749999997 0.2704836328326663 0.4197144300722958
4 0.9907637297386434 0.5196548478508718 0.9775979655944804 0.26843710410515165 0.848088198355837 0.2752244234417798 0.8612539625 0.5264421671874999
1 0.23048611875000002 1.0000000000000002 0.22120187656250004 0.8228461156250001 0.13538215099222822 0.8273437371108072 0.14466639317972824 1.0044976214858072
1 0.300926053125 0.7169660703125 0.28955933749999996 0.5000762171875001 0.12494149995294572 0.5087034725396506 0.13630821557794573 0.7255933256646506
1 0.12309708440632883 0.8616274224727898 0.11667775312499999 0.73913926875 0.012133723406171165 0.7446181884647103 0.018553054687499997 0.8671063421875
4 0.5523803296875001 0.37990654218750003 0.539459890625 0.13336987499999997 0.4575410609119791 0.13766305888803165 0.4704614999744791 0.3841997260755317
4 0.8625303484734177 0.3268831272478513 0.8531671187500001 0.14822206093750004 0.7665672140265822 0.15276056962714876 0.7759304437499999 0.3314216359375
1 0.3512764406250001 0.12523874218750003 0.3451842077861591 0.008992022934885999 0.31943829062499995 0.010341309375000001 0.3255305234638409 0.12658802862761404
4 0.6481810765704623 0.17774065640193304 0.6388587336858593 -0.00014022967991507705 0.5179309383653968 0.0061973279806518625 0.5272532812499999 0.18407821406249997
4 0.7150941203163356 0.4394411000731875 0.7079388140625 0.30290971718750004 0.6400632139770016 0.3064669264935923 0.6472185202308371 0.44299830937927975
4 0.138706228125 0.6519293687500001 0.11932556875 0.28212436875 -0.0117445577753407 0.28899346320904135 0.007636101599659289 0.6587984632090415
4 0.9740672972940698 0.08164714685303756 0.9691840759326619 -0.01153026567387867 0.7491735046875001 0 0.754056726048908 0.09317741252691623
1 0.138893000002988 0.5510000234945137 0.12429617500000001 0.2724760046875 0.08918810624701201 0.27431594056798614 0.10378493124999999 0.5528399593749999
1 0.38550812503110443 0.5545042380935067 0.37675820620372125 0.38754586161694926 0.3174645764851169 0.39065330946094257 0.3262144953125 0.5576116859375
4 0.6393338734471511 0.26269511112165556 0.6341002781249999 0.16283215625 0.5654444984278487 0.16643025294084443 0.5706780937499999 0.26629320781249993
1 0.3457499984375 0.049643123437500006 0.343542075 0.007513439062500002 0.3287186671597178 0.008290301032384633 0.3309265905972178 0.05041998540738464
1 0.255812746875 0.28905317812500003 0.2527870745262131 0.23131990775544295 0.08270798077621308 0.24023337494294297 0.085733653125 0.29796664531250006
4 0.6817464515625 0.2808127375 0.6784754546875 0.218398390625 0.6480484608569157 0.2199930015873611 0.6513194577319157 0.28240734846236115
1 0.10555860166809157 0.3329144828069662 0.10171517968749999 0.2595776265625 -0.0038434219805915685 0.2651097187555338 0 0.338446575
4 0.5326150956316477 0.07740140154577421 0.5295076484332203 0.018107771793337158 0.498300475 0.0197432703125 0.5014079221984274 0.07903690006493705
4 0.0514598359384552 0.7934081343932263 0.04765730156249999 0.7208514562499999 0.012549232811544792 0.7226913921692736 0.016351767187499994 0.7952480703125
4 0.856225965625 0.05731238593750001 0.8530102112270186 -0.0040478593901730146 0.7757724578125 0 0.7789882122104814 0.06136024532767302
4 0.6363446937500001 0.0414546 0.633925726190214 -0.004702057874876475 0.5442051031250001 0 0.5466240706847861 0.04615665787487648
4 0.6674236469122411 0.2463588678981014 0.6623127140625 0.1488364515625 0.6147217749627589 0.1513305867893986 0.6198327078125 0.24885300312499997
1 0.19347013907978022 0.8907968565797258 0.18909517968750003 0.8073176687500002 0.1376033437327198 0.8100162418577742 0.14197830312499998 0.8934954296874998
4 0.05524595781250001 1 0.0549463015625 0.9942822078124998 0.03310127961331861 0.9954270548345321 0.03340093586331862 1.0011448470220323
4 0.16101983911152556 0.3910290103104631 0.15537736875000002 0.2833642625 0.09764409838847445 0.2863899350020368 0.10328656875 0.39405468281249995
1 0.0975214359375 0.28404939843750004 0.08480543432570685 0.04141362718443019 0.07076220625000001 0.04214960156249999 0.08347820786179316 0.28478537281556987
1 0.68385933125 0.3808392406250001 0.6772355626590458 0.25445019053477763 0.6140410359332202 0.2577620749183372 0.6206648045241743 0.38415112500855964