4 1.0701510801851888 0.084070497351342 0.5535250234375001 0.002244968750000098 0.48337394325231137 0.4451614588986582 1 0.5269869875000002
4 0.4985114046875001 7.771561172376095e-17 0.18908716719536472 -0.04900798442465485 0.126901721875 0.3436154671875 0.4363259593671354 0.392623451612155
0 0.1947718671875001 3.8857805861880476e-17 0.07748387660615413 -0.0185765925932866 -0.02138794058134591 0.6056754980317134 0.09590005000000004 0.624252090625
2 0.8812146875 0.5002633578125001 0.7893905359375 0.4857198406250001 0.7706917281632372 0.6037794638210805 0.8625158797257371 0.6183229810085804
2 0.5125089485132087 0.3311277328244911 0.163731503125 0.27588681249999997 0.1247451014867913 0.522037265613009 0.47352254687500006 0.5772781859375
2 0.22357381993737763 0.49734978925056206 0.1170886699756147 0.4804841983841426 0.08567956250000011 0.6787934984375 0.19216471246176303 0.6956590893039195
4 0.9314952357812318 0.33262759397272534 0.8381278217569686 0.3178396484188058 0.8202845156249999 0.4304978500000002 0.9136519296492631 0.44528579555391967
2 0.5612416640625 0.5128636796875 0.368333784375 0.4823100734375 0.33289160106849897 0.7060832142317336 0.525799480755999 0.7366368204817336
4 0.5038051296875001 0.016517784375000077 0.4621370267480326 0.0099182050785931 0.44857122503823704 0.09556930444608051 0.4902393279777046 0.10216888374248749
4 0.31342012500000005 3.8857805861880476e-17 0.20924987022863456 -0.016498947907994322 0.18202532179113454 0.1553900817795057 0.2861955765625 0.17188902968750006
4 0.5185237266131326 0.153317005930319 0.4830286765625 0.14769514218750004 0.4736181655743675 0.20711076906968112 0.509113215625 0.21273263281250004
4 0.24697710156250005 2.7755575615628914e-17 0.16904231842382036 -0.012343657693817466 0.15395418695872043 0.08291904991426977 0.23188897009740014 0.09526270760808726
4 1.0031324664599262 0.5195732370010889 0.9660941525264393 0.5137069452176976 0.9563169999024821 0.5754374662407054 0.9933553138359688 0.5813037580240967
4 0.035353490649069744 0.8567049014105305 0.0006300718750001044 0.8512052515624999 -0.006458365649069564 0.8959598798394696 0.02826505312500007 0.9014595296875001
2 0.9651164390625 0.5198799968750001 0.8632610781250001 0.5037476921875002 0.8388181924385307 0.6580739953522594 0.9406735533760306 0.6742063000397595
1 0.9860511656603629 0.5674910810267286 0.49838004687500004 0.49025156406250014 0.4194295280572387 0.9887255234267677 0.9071006468426015 1.0659650403909962
4 0.9669328484418693 0.4584705937224138 0.9360675875000002 0.45358201718750013 0.928979151558131 0.4983366453400865 0.9598444125000001 0.5032252218750001
4 1.0116103695785787 0.33266077047106446 0.9674024521921192 0.32565892485224635 0.9557920826135404 0.39896392000618197 1 0.40596576562500014
4 1.0255428148176355 0.07858721880061809 0.8279814148452141 0.047296567063994176 0.8024386 0.2085675531250001 0.9999999999724214 0.239858204861624
4 0.8118252875047094 0.3690429234077658 0.7825032890624998 0.364398775 0.7746815656202903 0.41378319221723425 0.8040035640625 0.418427340625
4 0.1204245188096463 0.639210221498409 0.0741266266007372 0.6318773560085805 0.03953994529109102 0.8502490751351715 0.08583783750000011 0.857581940625
4 0.9813926578124998 0.6268683625000001 0.8062323024291412 0.5991256889522869 0.7674903312117629 0.8437328799289195 0.9426506865951214 0.8714755534766327
4 0.9459361156250002 0.8806967875000001 0.7669176023608959 0.8523430405039779 0.7435310375000002 1.0000000000000002 0.9225495507641046 1.0283537469960222
2 0.9652459953704435 0.7587790074466593 0.9405537859375 0.7548681453125001 0.9323654185468178 0.8065674575328435 0.9570576279797611 0.8104783196670027
2 0.48269163906249996 6.661338147750939e-17 0.4109299074433192 -0.01136594289418431 0.4007060854681651 0.053184721800664705 0.47246781708734575 0.06455066469484907
2 0.42789773454774255 0.09624988640934681 0.4194097875000001 0.09490552812500005 0.41757657163358053 0.10648000152426296 0.426064518681323 0.10782435980860972
2 0.451823043825582 0.005120677647793992 0.4433350968750001 0.0037763187500000515 0.4407685935085805 0.019980581211762948 0.4492565404591624 0.02132494010955689
4 0.9352961187500002 0.7081580875000002 0.9028875949977063 0.7030250812001417 0.8973879453125002 0.7377485000000001 0.9297964690647941 0.7428815062998586
2 0.4245524204513109 0.1273595756860822 0.4160644734375 0.12601521718750003 0.41435347163358055 0.13681805933676297 0.42284141864739144 0.13816241783534514
4 0.9151282906250001 0.7555870734375001 0.8842630297404822 0.750698496540483 0.8783967374999999 0.787736809375 0.9092619983845178 0.7926253862720171
4 0.5222475953309963 0.009946923320718826 0.32316666400650035 -0.02158439808393211 0.2703700327380041 0.3117604176578491 0.46945096406250003 0.34329173906250005
2 0.8673109609375003 0.5281187828125 0.853421593810355 0.5259189230564344 0.8446221546875 0.5814763921875 0.8585115218146452 0.5836762519435659
2 0.11234890312500012 0.8799736140625001 0.0961446406250001 0.8774071109375001 0.08917841808592379 0.9213901077073207 0.10538268058592382 0.9239566108323206
4 0.9332209203125001 0.8011660359375001 0.9069854483285033 0.7970107460006802 0.9014857998910035 0.8317341647506801 0.9277212718750004 0.8358894546875002
2 0.47546084687500006 0.0057005843750000725 0.4685161625421014 0.004600654421683237 0.46692737500000014 0.014631864062500078 0.47387205933289883 0.015731794015816914
4 0.4936497438339892 0.6999052666572138 0.47127242968750005 0.6963610484375001 0.465894995228511 0.7303128349052864 0.4882723093750001 0.733857053125
2 0.42152333124999997 0.006649581250000059 0.4138070157192038 0.0054274369052203396 0.4117293703125 0.018545173437500045 0.41944568584329617 0.019767317782279765
4 0.7075067093749999 0.7480146734375002 0.6866726578125 0.744714884375 0.6815396527664459 0.7771234080031861 0.7023737043289459 0.7804231970656863
2 0.9047089000329891 0.8013961060417152 0.8885046374999999 0.798829603125 0.8842271327795108 0.8258367064582848 0.9004313953125 0.828403209375
2 0.9613638515625 0.723360646875 0.946702853291043 0.7210385723891461 0.9432808484374998 0.7426442562500001 0.9579418467089569 0.7449663307358538