1 1.0038233694808727 0.7146772659672602 0.9970878318682989 0.3287985468642075 0.762748528012426 0.3328889543344472 0.7694840656249999 0.7187676734374999
0 0.4090070312556181 0.47970995657185905 0.404984796875 0.2492763078125 0.26750573905688196 0.251676013740641 0.27152797343750007 0.4821096625000001
0 0.2828886625 0.327200296875 0.277257534375 0.004593189062499999 0.13899734531250002 0.007006529687499999 0.14462847343750002 0.3296136375
0 0.47677986563464103 0.8707742177398294 0.473684790625 0.693457478125 0.401820737490359 0.6947118697601704 0.4049158124999999 0.8720286093749999
0 0.34397968749999996 0.9621683203125 0.33991654842926877 0.7293912776534308 0.18993939375 0.7320091390625 0.19400253282073124 0.9647861817215693
0 0.0990519546875 0.4491772671875 0.09419800553656996 0.17109462811017945 -0.004853949150930051 0.17282358592267946 -1.3877787807814458e-18 0.45090622500000005
1 0.986533768855528 0.3508610999981581 0.980318075760251 -0.005235721888270152 0.6803637671875001 0 0.686579460282777 0.35609682188642827
4 0.8977294468750001 0.9931337703124999 0.891975606791833 0.6634964843655422 0.4764139078123971 0.6707501406191059 0.48216774789556416 1.0003874265660637
1 0.7548008703181177 0.32521399094683306 0.7491970125 0.0041691453125 0.5101709234318824 0.008341360615666996 0.51577478125 0.32938620625000004
0 0.5193664328199907 0.6246809988666453 0.5161486453124999 0.44033407968750005 0.44037893749250917 0.4416566448833549 0.4435967249999999 0.6260035640625001
0 0.15083621250422796 0.6404901455547186 0.1466367265625 0.39990179375 0.002127489058272057 0.40242421225778136 0.006326974999999989 0.6430125640625
0 0.2799356609397194 0.24755220325215013 0.27772684062499997 0.12100897968749999 0.20898731249778052 0.12220883268534984 0.21119613281249996 0.24875205625
0 0.7592106046875001 0.6673766437500002 0.7550520234375001 0.4291316843749999 0.5769541515448946 0.4322403943038918 0.5811127327948946 0.670485353678892
0 0.8651013750034224 0.8249275908210649 0.863506115601157 0.7335352611340407 0.7916420624727346 0.7347896531254758 0.7932373218749998 0.8261819828125001
0 0.047699648456372576 0.6407276635812098 0.04625437186660736 0.5579277760816856 0.0056355593477347855 0.5586367796879759 0.007080835937499999 0.6414366671874999
0 0.15512186406802225 0.5278982034413707 0.1536220484375 0.441973790625 0.11144097343197772 0.4427100637461293 0.11294078906249998 0.5286344765625001
4 0.6422907359394123 0.32561512510955504 0.64076365 0.23812845156250004 0.5915523968730877 0.23898743739044503 0.5930794828125 0.3264741109375
0 0.7485668265625001 0.773828615625 0.7465897953088182 0.6605646185390613 0.6856615765625002 0.661628125 0.687638607816182 0.7748921220859388
0 0.23276702877114558 0.8578433593364482 0.22945379687452405 0.6680285234102349 0.12400110872837844 0.6698692078237868 0.127314340625 0.8596840437500001
0 0.20326702656249998 0.9583735171874999 0.20164449843448828 0.8654189263899591 0.146965328125 0.8663733546874998 0.1485878562530117 0.9593279454850405
0 0.11804302812500003 1 0.11717900000000003 0.9504997609375 0.054688518718302104 0.9515905341215245 0.05555254684330209 1.0010907731840244
1 0.5592331578125 0.7599433296875 0.5518431546875 0.33657032031249995 0.4807602327979016 0.3378110772886561 0.4881502359229016 0.7611840866636561
4 0.15596285625 0.93419540625 0.1539858249974289 0.820931409227702 0.07431046250000001 0.8223221484375001 0.07628749375257111 0.935586145459798
0 0.31284352343750005 0.9689627562499998 0.31135734217846006 0.883819476044601 0.25589704062499996 0.8847875390625 0.2573832218840399 0.9699308192678988
2 0.9924239562629606 0.6883096976175225 0.9912786421874997 0.6226946921875 0.9506598296745391 0.6234036961324774 0.95180514375 0.6890187015624998
0 0.37905135937500006 0.4646054546875 0.3777696984340497 0.391179138864833 0.33090183749999996 0.39199722031250006 0.3321834984409503 0.465423536135167
0 0.9955801078288593 0.33195033999971446 0.9938075984375001 0.23040330781249999 0.9531887859211409 0.23111231156278556 0.9549612953125001 0.33265934375000006
0 0.741998453125 0.6661143453124999 0.7408804078015041 0.6020616009325506 0.6979182015624998 0.6028115093749999 0.6990362468859957 0.6668642537549493
0 0.41223272501112146 0.5749806709496507 0.4109374296875 0.5007732234375 0.3656318312388785 0.5015640353003493 0.36692712656249993 0.5757714828125
0 0.4268191093928415 0.5153420197721416 0.42563289061557635 0.44738362133511733 0.3865763405977348 0.4480653562504758 0.38776255937500004 0.5160237546875
2 0.9213357109375 0.28636414062500004 0.9197949906204018 0.198096335674065 0.8807384406250002 0.1987780703125 0.8822791609420984 0.287045875263435
0 0.9391126125031064 0.4095101470529762 0.9373537375 0.3087442453125 0.8912670078093934 0.3095486920095236 0.8930258828124998 0.4103145937499999
0 0.27112329062795115 0.10080865016907052 0.26970528281250006 0.019571025 0.22752420937204892 0.020307298268429447 0.22894221718750005 0.10154492343749996
2 0.9237468734375 0.6035578703125 0.922260690625 0.5184145890624999 0.8816418765893161 0.5191235937237921 0.883128059401816 0.6042668749737922
0 0.06178446093750001 1.0000000000000002 0.06081485468750001 0.9444512796875001 0.007697945303234206 0.945378438531663 0.008667551553234207 1.000927158844163
2 0.9936396234375001 0.5788968171875 0.9916489591046531 0.46485168903994545 0.9525924075421532 0.4655334234149454 0.9545830718750002 0.5795785515625
0 0.906366745329 0.9507890806327849 0.904662409375 0.8531477031249999 0.8445153218585 0.854197574054715 0.8462196578125001 0.9518389515625
0 0.3754008093803821 0.52405321905834 0.3742691296875 0.45921934531249986 0.3406804968696179 0.45980563719165995 0.34181217656249996 0.5246395109375
2 0.9458094265625 0.6141119328125001 0.944282340607641 0.5266252583805087 0.9075691828129759 0.5272660890897652 0.9090962687678349 0.6147527635217567
2 0.44333807187499996 0.29783309531249996 0.44185189014629217 0.2126898156060823 0.4113877792087922 0.21322156873108233 0.41287396093749995 0.2983648484375
2 0.947519490625 0.8016106453124999 0.946183290609692 0.7250598053729951 0.9133757890625 0.7256324625 0.914711989077808 0.8021833024395049
0 0.7988670812517982 0.701064673540525 0.7976808624999999 0.633106275 0.7601865734357017 0.6337607405219751 0.7613727921875 0.7017191390625
0 0.95114358125 0.11394266093749998 0.9498755546875 0.04129747656249999 0.9162869218688858 0.04188376839971532 0.9175549484313859 0.11452895277471531
0 0.9725473109375 0.4448695156250001 0.9711702078125001 0.3659752828125 0.9313325265377319 0.36667065170602386 0.932709629662732 0.44556488451852394
0 0.3742159593750001 0.9038192374999999 0.37339787812499997 0.8569513765624999 0.34215263749999997 0.8574967640625 0.34297071875000007 0.904364625
0 0.2540012359375 1 0.25345029685917275 0.9684367303432543 0.22845410468750002 0.968873040625 0.2290050437658273 1.0004363102817457
0 0.6756708953125001 0.35784997031250004 0.6745664859375001 0.2945783578125 0.6300420171675152 0.295355534792563 0.6311464265425151 0.35862714729256295
0 0.6349350984374998 0.44138613125 0.6325353924168912 0.30390707187099597 0.5481732424168914 0.30537961874599595 0.5505729484375 0.442858678125
2 0.859086296875 0.6593823546875001 0.8581182347093032 0.6039220530918913 0.8299975171870242 0.6044129015352349 0.8309655793527211 0.6598732031308436
2 0.9403626453180245 0.8392412800039948 0.9395445640625002 0.79237341875 0.9090804546819757 0.7929051715585053 0.9098985359375 0.8397730328125002
2 0.9932614000000001 0.825816025 0.9918161218750002 0.7430161375000001 0.9590086187697103 0.7435887948792017 0.9604538968947102 0.8263886823792017
1 0.478906878125 0.99263065625 0.47634355624999997 0.8457780249999999 0.402917240625 0.8470596859375 0.40548056250000003 0.9939123171875002
2 0.4649097765625001 0.28026644218749996 0.4638462703074232 0.21933822314665008 0.43650668437499995 0.21981543750000002 0.4375701906300768 0.28074365654084993
2 0.4198381468750001 0.11540294062500003 0.41878827499282545 0.055255852713968046 0.37270154531250005 0.05606030000000001 0.37375141719467464 0.11620738791103198
0 0.7604764515625001 0.9189553687500001 0.7595492921875 0.865838459375 0.7298663140574926 0.8663565778381217 0.7307934734324926 0.9194734872131217
2 0.9032315765873404 0.1444709904856078 0.902222609372575 0.08666729517358371 0.8748830249727344 0.08714450937547592 0.8758919921874998 0.1449482046875
0 0.21758152812970105 0.25645428933182174 0.21631350156250004 0.1838091046875 0.174913557807799 0.1845317434806783 0.17618158437499998 0.25717692812500004
0 0.9678957025325909 0.35743738123306706 0.9659186718745243 0.2441733843477348 0.9276432515625002 0.24484148437500006 0.9296202822205668 0.3581054812603323
2 0.9234425500000001 0.9442400687499999 0.92250175625 0.890342028125 0.8935999093612615 0.8908465117129205 0.8945407031112615 0.9447445523379205
2 0.9617628281250001 0.9013772593750001 0.9603584546771071 0.8209207650295834 0.9244264281250002 0.8215479609375 0.9258308015728932 0.9020044552829167
0 0.3306326921875001 0.6451654765624999 0.3266513617269827 0.41707522029871946 0.20401379141448267 0.4192158671737194 0.20799512187499997 0.6473061234374999
2 0.4024544728572246 0.1938432749828552 0.40162275624952415 0.14619428278523475 0.35631715624999993 0.14698509531249998 0.3571488728577005 0.19463408751012043
1 0.16492517031249998 0.9999999999999998 0.1635014718467016 0.9184364374412886 0.10022985880405103 0.9195408484747395 0.1016535572698494 1.0011044110334508
2 0.9678834359374999 0.8043806671874998 0.9666972171875001 0.73642226875 0.9409198937452663 0.7368722137913052 0.9421061124952661 0.804830612228805
2 1.0011725849959379 0.9585106652400885 0.9999999999934726 0.8913333980635407 0.9826897478100346 0.8916355500109525 0.9838623328124999 0.9588128171875002
2 0.41922240624999985 0.25918558593749996 0.41818616874151504 0.19981962920140428 0.3947522390624999 0.20022867031249997 0.3957884765709848 0.2595946270485957
2 0.40952950785025494 0.15152585528797757 0.4087386968750001 0.10622025468750003 0.3649953593649862 0.10698379630131172 0.3657861703402411 0.15228939690178928
2 0.40160121406249993 0.23448935781250008 0.40078313280157013 0.18762149624882718 0.364069975 0.18826232656250003 0.3648880562609298 0.23513018812617287
2 1.0008180826153497 0.9897716140463315 1 0.9429037531249997 0.9812462439471503 0.9432311015786684 0.9820643265625 0.9900989625000001
2 0.9789125328124999 0.9885912390625 0.9784898578125001 0.9643761765625 0.9370899140417182 0.9650988144344158 0.9375125890417181 0.9893138769344159
0 0.37388082058855265 0.9741482984326817 0.3732127203125001 0.9358728781250001 0.33181277628644745 0.9365955171923186 0.3324808765625 0.9748709375000002