4 1 0.6015625000000001 0.5734375 0.6015625 0.5734375 1 1 1
4 0.30781250000000004 0.325 0.004687500000000041 0.325 0.004687500000000081 1 0.3078125000000001 1
4 1 1.0773064811249373e-16 0.759375 9.299661631025214e-17 0.7593750000000001 0.7328125000000002 1 0.7328125000000002
4 0.478125 4.9081547497077516e-17 0.3234375 3.9609669909922206e-17 0.3234375 0.09609375000000006 0.478125 0.09609375000000006
4 0.4945312500000001 0.18125000000000005 0.19375 0.18125000000000005 0.19375000000000006 0.990625 0.4945312500000002 0.990625
4 0.3265625 0.13593750000000002 0.15625 0.1359375 0.15625000000000003 0.35546875 0.3265625 0.35546875
4 0.14140625 0.16875 2.0665914735611586e-17 0.16875 4.0422911924981e-17 0.49140625 0.14140625000000004 0.49140625
4 0.31015625 0.02812500000000003 0.221875 0.02812500000000002 0.221875 0.10859375000000004 0.31015625 0.10859375000000004
4 0.2109375 1.3203223303307401e-17 0.0046875 5.740531871003218e-19 0.004687500000000011 0.18125000000000002 0.2109375 0.18125000000000005
4 0.06640625000000006 0.3015625 3.693075503678737e-17 0.3015625 4.9081547497077516e-17 0.5 0.06640625000000007 0.5
4 0.03515625000000003 0.2109375 2.583239341951448e-17 0.2109375 3.0711845509867216e-17 0.290625 0.035156250000000035 0.290625
4 0.32421875 0.14218750000000005 0.2625 0.14218750000000005 0.2625 0.2359375 0.32421875 0.2359375
0 0.2359375 0.09062500000000001 0.0734375 0.090625 0.07343750000000002 0.28671875 0.2359375 0.28671875
0 0.18125 0.0015625000000000187 0.125 0.0015625000000000153 0.125 0.07031250000000003 0.18125 0.07031250000000003
4 0.49453125 0.0015625000000000562 0.4265625 0.0015625000000000521 0.4265625 0.045312500000000054 0.49453125 0.045312500000000054
0 0.13046875 9.519715352747003e-18 0.025 3.061616997868383e-18 0.025000000000000005 0.103125 0.13046875 0.103125
4 0.68203125 0.015625000000000066 0.4234375 0.01562500000000005 0.4234375 0.671875 0.68203125 0.671875
4 0.19843750000000007 0.3640625 0.009375000000000045 0.3640625 0.00937500000000006 0.62421875 0.1984375000000001 0.62421875
4 0.3953125 0.042187500000000044 0.3625 0.042187500000000044 0.3625 0.09609375000000005 0.3953125 0.09609375000000005
0 0.042968750000000104 0.7328125 0.0015625000000000894 0.7328125 0.0015625000000001055 0.99375 0.042968750000000125 0.99375
0 0.078125 0.0015625000000000062 0.021875 0.0015625000000000027 0.021875000000000002 0.0578125 0.078125 0.0578125
2 0.53984375 0.08281250000000005 0.4265625 0.08281250000000004 0.4265625 0.4609375 0.53984375 0.4609375
0 0.05781250000000001 0.007812500000000003 9.567553118338697e-19 0.0078125 8.036744619404506e-18 0.1234375 0.057812500000000024 0.1234375
4 0.93828125 0.16093750000000012 0.884375 0.1609375000000001 0.884375 0.2804687500000001 0.93828125 0.2804687500000001
0 0.9953125 0.009375000000000112 0.8296875 0.009375000000000102 0.8296875 0.16484375000000012 0.9953125 0.16484375000000012
4 0.3875 0.001562500000000044 0.3328125 0.0015625000000000409 0.3328125 0.055468750000000046 0.3875 0.055468750000000046
0 0.07656250000000002 0.190625 0.05468750000000002 0.190625 0.05468750000000002 0.22421875 0.07656250000000002 0.22421875
4 0.58984375 0.004687500000000065 0.4625 0.004687500000000057 0.4625 0.18125000000000008 0.58984375 0.18125000000000008
4 0.35078125 0.10156250000000004 0.33125 0.10156250000000004 0.33125 0.14062500000000006 0.35078125 0.14062500000000006
0 0.26328125 0.0031250000000000305 0.2359375 0.0031250000000000292 0.2359375 0.030468750000000034 0.26328125 0.030468750000000034
4 0.86796875 0.0265625000000001 0.73125 0.02656250000000009 0.73125 0.1750000000000001 0.86796875 0.1750000000000001
0 0.021093750000000015 0.0890625 0.0015625000000000111 0.0890625 0.0015625000000000129 0.12109375 0.021093750000000015 0.12109375
0 0.15468750000000003 0.2953125 0.14531250000000004 0.2953125 0.14531250000000004 0.309375 0.15468750000000003 0.309375
4 0.99140625 0.17500000000000013 0.91875 0.17500000000000013 0.91875 0.2617187500000001 0.99140625 0.2617187500000001
4 0.48359375 0.14375000000000004 0.3640625 0.14375000000000004 0.36406250000000007 0.3750000000000001 0.48359375 0.3750000000000001
2 0.2734375 3.0711845509867216e-17 0.228125 2.7937255105548996e-17 0.228125 0.01484375000000003 0.2734375 0.014843750000000034
0 0.865625 0.2000000000000001 0.8046875 0.2000000000000001 0.8046875 0.2570312500000001 0.865625 0.2570312500000001
0 0.11250000000000009 0.878125 0.09843750000000011 0.878125 0.09843750000000011 0.90078125 0.11250000000000009 0.90078125
4 0.7828125 0.006250000000000087 0.6265625 0.0062500000000000775 0.6265625 0.16562500000000008 0.7828125 0.16562500000000008