0 0.19812054531250006 0.27995551406249997 0.06070430625000004 0.2751568328125 0.05274285781869294 0.5031428656252163 0.19015909688119295 0.5079415468752162
2 0.320481400060244 0.8501982218771035 0.20336528750000013 0.8461084374999999 0.19960268587725624 0.9538552609353962 0.3167187984375001 0.9579450453124998
2 0.41147257812500015 0.7517512968750001 0.3130950437212122 0.7483158773868772 0.3093869718462122 0.8545011539493773 0.4077645062500002 0.8579365734375001
4 0.9643349953125 0.7241541062500001 0.4474625509768327 0.7061045234170482 0.4372653546811763 0.9981140298685945 0.9541377990168435 1.0161636127015463
0 0.5413487531250001 0.88292631875 0.42110954347369783 0.8787274729349852 0.4169652281250002 0.9974051343750002 0.5372044377763023 1.0016039801900152
1 0.8556711047337844 0.47802435492458584 0.7166933171875 0.47317114375 0.7102041921330027 0.6589953765605969 0.8491819796792871 0.6638485877351827
4 0.6142657343800215 0.003685474856205834 0.017754334330164153 -0.017145161789205315 -0.0024764672373572493 0.5621892086670889 0.5940349328125001 0.5830198453125
4 0.9477281468750001 0.035655120312500115 0.6775803140691066 0.02622134981081255 0.6644384718749998 0.4025544593750001 0.9345863046808933 0.41198822987668765
4 1.0154001869228149 0.06772387701298302 0.8826685921875 0.0630887875000001 0.8624377898104141 0.6424231573679793 0.9951693845457289 0.6470582468809621
4 0.9452097281249999 0.8688873109375003 0.7468931107360677 0.8619619421804661 0.7420727156250001 1 0.9403893330139323 1.006925368757034
4 0.2396577000000002 0.47840102656250005 0.025725601573867517 0.4709303527994785 0.012038454687500005 0.8628789437500002 0.22597055311363268 0.8703496175130218
2 0.09393306093750012 0.26380958749999994 0.008047912487425151 0.26081041208146766 -0.012619132856824086 0.8526371676781462 0.07326601559325088 0.8556363430966785
4 0.7666976203125 0.02620649062500008 0.463757275 0.015627581250000057 0.44456255289474084 0.565292535984023 0.7475028982072407 0.575871445359023
4 0.604048703125 0.34103440937500007 0.4619478203394176 0.3360721367291794 0.45442261562499997 0.5515657843749999 0.5965234984105824 0.5565280570208208
4 0.980064512516619 0.5871195807740983 0.8613868515625003 0.5829752656250001 0.8548977265458813 0.7687994973509017 0.9735753875000001 0.7729438125
2 0.27038296250382443 0.8969157718751335 0.0923664718750001 0.8906992984375 0.08985807030867576 0.9625305140623667 0.26787456093750006 0.9687469875000001
2 0.27801722815086466 0.6782990273843359 0.22023994531250007 0.6762813999999999 0.21784060463300275 0.744989520310597 0.27561788747136734 0.7470071476949329
4 0.9147025875000001 0.4441263750000001 0.8147635046880597 0.44063642498397143 0.8092013968749999 0.5999143375 0.9091404796869403 0.6034042875160287
2 0.32293527187500015 0.7799285546875001 0.1917652250000001 0.7753479953125002 0.1871846656250001 0.9065180421875001 0.31835471250000014 0.9110986015625
0 0.7363786828125001 0.8944272718749999 0.6395626953125001 0.8910463828124999 0.6357579508472888 0.9999999999750244 0.7325739383472888 1.0033808890375244
0 0.9486253125179394 0.8158492041737949 0.83619384375 0.8119230109375002 0.830577206232061 0.9727624723887056 0.9430086750000003 0.9766886656250003
2 0.8787919547149219 0.30841543983974745 0.8366301546875 0.30694311718750006 0.8342308140080027 0.37565123749809703 0.8763926140354246 0.3771235601503444
2 0.8648123875000001 0.2610236906250001 0.8257736828012264 0.25966042844783455 0.8234288718637265 0.3268070003228346 0.8624675765625002 0.32817026250000014
0 0.7368843161517107 0.9694906437683933 0.6791070325821668 0.9674730171248932 0.6779711656250001 1.0000000000000002 0.7357484491945441 1.0020176266435004
2 0.2097750719010044 0.8416419148803345 0.1395054046875001 0.8391880437499999 0.13808761244550286 0.879788296873097 0.20835727965900713 0.8822421680034316
1 0.8315935156249997 0.4959449765625001 0.5161607859063224 0.48492982276781016 0.5062907718438225 0.7675700415178102 0.8217235015624998 0.7785851953125001
2 0.9213502625074488 0.8805617404116985 0.8823115578125001 0.879198478125 0.8802939296349059 0.9369757608810996 0.9193326343298546 0.9383390231677982
0 0.3616963484375001 0.9235562906249999 0.3460808656250001 0.9230109859375 0.3452629086200473 0.9464342094032002 0.36087839143254735 0.9469795140907001
2 0.02197785939373092 0.6677944838386198 8.604228440844963e-17 0.6670269999999999 -0.004580559414705807 0.7981970464495274 0.017397299979025026 0.7989645302881473
2 0.4129002546875002 0.9347250859374998 0.36605380937500015 0.9330891718749997 0.36414524297688133 0.9877433578400655 0.41099168828938143 0.9893792719025656
0 0.60844079375 0.8868326765625001 0.5553481562741135 0.8849786399344813 0.553330528125 0.9427559234375 0.6064231656008866 0.9446099600655188
0 0.9401433703403604 0.8796545570146848 0.9167201484375 0.8788366 0.9151932952846398 0.9225599492353155 0.9386165171875002 0.9233779062500002
0 0.8692887281250001 0.9834950234375002 0.8364962156250002 0.9823498828125002 0.8358798594927993 0.9999999999495502 0.8686723719927993 1.0011451405745502
2 0.12813832343750015 0.851298715625 0.07504568593686574 0.8494446797056657 0.07373695468686572 0.8869218359556659 0.12682959218750015 0.8887758718750002
0 0.9131409724481315 0.9365593515825144 0.8834715567705376 0.9355232734011141 0.882053765572406 0.9761235265061 0.91172318125 0.9771596046875002
0 0.24490741875000013 0.9100972171875001 0.2183610984375001 0.9091702000000002 0.21716142921173529 0.9435242594129496 0.24370774952423532 0.9444512766004497
2 0.15089232031250008 0.7817379453124998 9.992007221626409e-17 0.7764686703124999 -0.00403525358012361 0.8920232344136705 0.14685706673237636 0.8972925094136703
2 0.834240698464326 0.5992252773568121 0.7733403203125002 0.5970985890625 0.770395674945503 0.6814221906230971 0.8312960530973289 0.683548878917409
0 0.1546499468756921 0.8084478546676828 0.1234189843750001 0.8073572453125 0.12221931400800286 0.8417113062480969 0.15345027650869486 0.8428019156032797
0 0.56752821875 0.98390148125 0.5456665430816429 0.9831380546641604 0.5450777109375 1 0.5669393866058572 1.0007634265858396
2 0.8414684398530168 0.5713355328401055 0.8164836679799201 0.5704630452856082 0.8146841625000002 0.6219941343750002 0.839668934373097 0.6228666219294975
0 0.21734485625346936 0.893500187400654 0.19079853750000014 0.8925731687500005 0.18976245780903087 0.9222425844743466 0.21630877656250008 0.9231696031250001
4 0.8437537437593925 0.640207243481038 0.7984688468749999 0.638625859375 0.7960149749906076 0.7088955268314623 0.8412998718750002 0.7104769109375001
2 0.24608725312500015 0.9210825843750001 0.23515641566706752 0.9207008706703489 0.2344475187519032 0.941000998383003 0.2453783562098358 0.9413827120876542
0 0.5014722582594544 0.9503257078826717 0.4780490343750001 0.9495077500000001 0.47679483236364273 0.9854233577968255 0.500218056248097 0.9862413156794971
2 0.3335339507712157 0.9241362906519315 0.30542608281250005 0.9231547421874999 0.3044990648537845 0.9497010609105683 0.3326069328125001 0.9506826093749998
0 0.7304745328378629 0.973957166461202 0.7132975029867273 0.9733573312451715 0.7123671203125 1 0.7295441501636356 1.0005998352160304