2 0.6740963681637814 0.8048205249829591 0.668901549999524 0.5072096093477348 0.4158151015624999 0.51162725 0.4210099197267573 0.8092381656352241
2 0.19895846541225645 0.7115361171639398 0.1965178546870241 0.5717136655977347 0.09028403593749999 0.573567984375 0.09272464666273236 0.7133904359412051
2 0.343037525 0.4605458640625001 0.3396561208986061 0.2668253734272695 0.22873551621110616 0.26876149998976945 0.23211692031250006 0.46248199062500006
2 0.971111715625 0.4073888625000001 0.969325570309693 0.3050606982766895 0.8513747874999998 0.3071195375 0.8531609328153067 0.4094477017233106
4 0.8272138606507484 0.6239957156027318 0.822768949972259 0.3693470046607108 0.6321729828125001 0.37267387031250004 0.6366178934909894 0.6273225812545211
4 1.0038586188595444 0.8475093819168127 0.9999999999844036 0.626449305356497 0.8819884733123591 0.6285092046896843 0.8858470921874998 0.84956928125
4 0.9835350999999999 0.9400656734374999 0.9808081609375 0.7838394703124998 0.8941026187431534 0.785352921482761 0.8968295578056533 0.9415791246077612
4 0.061167987504253805 0.5170362689937011 0.055059645312500016 0.16708957656249998 -0.005868573448800121 0.16815308256892186 0.0002397687429536735 0.5180997750001229
4 0.9843205902111045 0.582184957792451 0.9818663453120239 0.4415813749727347 0.86313443125 0.44365384843749994 0.8655886761490805 0.5842574312572163
4 0.5239301015625001 0.930897990625 0.522103053122497 0.8262264342315995 0.47132953749999995 0.8271126890625002 0.473156585940003 0.9317842454559008
4 0.0649099375 1 0.06318947028918795 0.9014345346019539 0.006948037151400658 0.9024162328185847 0.008668504362212708 1.0009816982166309
4 0.879218046875 0.9622021281249997 0.8739277859351748 0.659123295179296 0.8122184359374998 0.6602004359374999 0.8175086968773251 0.9632792688832037