4 0.529791742355352 0.7119792590068279 0.45748696714001025 0.19750405122459222 0.3012102872846583 0.21946730628026434 0.37351506250000005 0.7339425140625
4 0.5649446687641995 0.9957864079135339 0.5303688515625 0.749766684375 0.37950769985940747 0.7709688364996323 0.4140835170611069 1.016988560038166
4 0.7077305359374999 0.6869715921874999 0.6770689624566013 0.468803157503703 0.5347179265625 0.488809290625 0.5653795000433985 0.706977725308797
2 0.7464294671875 0.18766401406250002 0.716998837798011 -0.021745796916882686 0.5622694515625 0 0.5917000809519891 0.20940981097938272
0 0.2805685750000001 0.3083614390625 0.2440356358802973 0.04841606990548147 0.132630478125 0.06407304375000002 0.16916341724470277 0.3240184129070186
0 0.9807818086048916 0.3282920545761366 0.9313427024153891 -0.023485461057365774 0.764234965625 -2.2204460492503132e-17 0.8136740718145026 0.35177751563350235
0 1.0007879422060852 0.4706430890234029 0.9716485734375 0.26330571250000007 0.8246556562314147 0.2839642203515971 0.8537950250000002 0.4913015968749999
1 0.7769239281752304 0.9659946659824092 0.731475210802653 0.642610249040515 0.5457999466899225 0.668705206495606 0.5912486640624999 0.9920896234375002
4 0.40932914687500005 1.0000000000000002 0.389799321875 0.8610380671875001 0.05248926059558974 0.908443902254682 0.07201908559558975 1.047405835067182
4 0.147626828125 0.5637235203125 0.10163446718749998 0.23647086874999998 0.013438717141922013 0.24886597311319583 0.05943107807942203 0.5761186246756957
1 0.35529043437499996 0.6828567281250001 0.31603927146844857 0.403570187337542 0.1442896527184486 0.4277080217125421 0.183540815625 0.7069945625
4 0.57251385625 0.9710547953124999 0.5247818312487988 0.6314237921789536 0.43349149374999996 0.6442538125 0.48122351875120106 0.9838848156335462
2 0.2603617375 0.2543985234375 0.25307689525770477 0.2025641792976114 0.21903643125 0.20734825468750007 0.22632127349229525 0.2591825988273887
4 0.6452616718749999 0.657882484375 0.5530594921324045 0.0018298886704750216 0.39678281249999997 0.023793143750000023 0.4889849922425954 0.679845739454525
4 0.53283606875 0.4417381015625 0.47292639843749995 0.01545864375 0.3050450154661772 0.039052833244916776 0.36495468577867723 0.46533229105741675
2 0.9548541344677897 0.16626111561195925 0.9297456393955772 -0.012395104734310958 0.8415498890625001 0 0.8666583841347126 0.1786562203462702
4 0.12664226093750003 0.8522645687500001 0.09521958429605276 0.6286806056882611 0.02172312499999999 0.639009859375 0.05314580164144724 0.862593822436739
4 0.438685439187517 0.8383890165145423 0.4081325952221754 0.6209942290448068 0.2735180294721583 0.6399130719052644 0.30407087343749994 0.8573078593749999
4 0.39830518753725885 0.6184307424526105 0.3863449984375 0.5333295796875 0.3252268905877411 0.5419191700473894 0.3371870796875 0.6270203328124999
2 0.7534970609374999 0.9677092421875002 0.7469733220093878 0.9212904265436132 0.651041103125 0.9347728203125 0.657564842053112 0.981191635956387
4 0.9502960187499999 0.6165905578124999 0.9372485405664503 0.5237529261458975 0.8861878437499999 0.5309290390625 0.8992353219335495 0.6237666707291023
4 1.0527335597508312 0.9004086046354001 0.9999999998150215 0.5251898439963116 0.7537603994391902 0.5597965643609116 0.8064939593749998 0.935015325
2 0.631068477689777 0.9722926123415714 0.623239990625 0.916590034375 0.5574800004352232 0.9258319985959285 0.5653084875000001 0.9815345765624999
4 0.9095143578124999 0.5734085234374999 0.8764607452287831 0.33821985721682424 0.7387515921874999 0.35757361718749997 0.7718052047712167 0.5927622834081757
4 0.4657756687500001 0.9750108796875001 0.45664243278970484 0.9100245373378039 0.40944997031249997 0.91665700625 0.4185832062727952 0.9816433485996962
4 0.3876915875 0.6215002421875 0.381820221875 0.5797233078125 0.35010069837395363 0.5841811964228445 0.35597206399895354 0.6259581307978446
4 0.33453157499999997 0.580057871875 0.32452850773017156 0.5088823541017035 0.29745086562499995 0.5126878687499999 0.30745393289482836 0.5838633865232965
4 0.8759339812728264 0.862141942349918 0.8502739406250001 0.6795612671875001 0.6862607906021736 0.702611812337582 0.7119208312499999 0.8851924875
4 0.49111772968749995 0.6164317796875001 0.46621879207024514 0.43926663197818855 0.3726075140625 0.4524228390625001 0.3975064516797548 0.6295879867718116
4 0.5322340406347421 0.9988057313193179 0.5175556263954604 0.8943633956864515 0.464947634798062 0.9017569673476377 0.47962604903734374 1.006199302980504
4 0.4202768609375 0.9656267640625001 0.4023365788572578 0.8379750202095881 0.28396859760725784 0.8546105545845881 0.3019088796875 0.9822622984375002
0 0.14424940937500003 1 0.14050939374222748 0.9733884061946956 0.06314470156249999 0.9842613046874998 0.06688471719527252 1.0108728984928042
2 0.26741257812499997 0.9445083375 0.2621935875 0.907373284375 0.2320213576051609 0.911613714149705 0.23724034823016088 0.948748767274705
0 0.6777296704318452 0.37246111178668506 0.6721844921875 0.3330051171875 0.6489750842556548 0.3362669866508149 0.6545202625 0.37572298125
4 0.9136712315209987 0.8836618624619137 0.9049729125000001 0.8217701078124998 0.7115611794165011 0.8489523547255864 0.7202594984374999 0.9108441093750003
4 0.1796935015625 0.7469816578125 0.16566746250000003 0.647181203125 0.13240064522054323 0.6518565493456937 0.14642668428304323 0.7516570040331937
0 0.93117655625 0.8622673828125003 0.9203036581611712 0.7849026905759975 0.8019356765624999 0.8015382250000002 0.8128085746513285 0.8789029172365026
2 0.9500785611018909 0.615043265232201 0.943881009375 0.5709453890625 0.9121614857731088 0.5754032769552989 0.9183590374999998 0.6195011531249999
0 0.2442784359375 0.9146246624999999 0.22927383624517428 0.807861385894259 0.10394303281249999 0.8254754812499998 0.11894763250482572 0.9322387578557405
2 0.9775617798615952 0.383969546551252 0.9725602468337534 0.34838178720651636 0.9524454263471585 0.3512087406552643 0.9574469593750002 0.3867965
2 0.42071177699138185 0.9687213515022247 0.41255710309473564 0.9106978325971585 0.3591754640625 0.9182001328125002 0.36733013795914615 0.9762236517175664
0 0.3285766953125 0.9643136812499999 0.3220529562301536 0.9178948654837857 0.2825969625 0.92344004375 0.2891207015823464 0.9698588595162143
4 1.0202235916392794 0.9097111501082841 1 0.7658128218749999 0.9161217786732203 0.7776011373917158 0.9363453703125 0.921499465625
0 0.4176003515625 0.5873175828125001 0.39933388187866503 0.45734489856874205 0.32506377562866495 0.467782881381242 0.3433302453124999 0.5977555656250001
0 0.9382521484374997 0.3737155984375001 0.9342291761789934 0.3450906623343033 0.9187562371164935 0.3472652420218033 0.9227792093749999 0.37589017812500003
4 0.3107702297629868 0.8263870708496167 0.3034853873601452 0.7745527255673811 0.2872388013471583 0.7768360344052644 0.29452364374999995 0.8286703796874999
4 0.7327631219351057 0.27005532855267467 0.7133006326875283 0.13157252723578067 0.5655340685649227 0.15233976430810597 0.5849965578125002 0.290822565625
1 0.8511940330870982 0.9555566843364078 0.8379290968750002 0.8611717578125001 0.6677267716004021 0.8850921344135922 0.6809917078125001 0.9794770609375
4 0.4287827257790993 0.7230194389530047 0.4178010984374999 0.6448810984375 0.3373418170024226 0.6561889127456061 0.348323444344022 0.7343272532611106
4 0.295272203125 0.839610165625 0.2818985375 0.7444515921875 0.25172630770024407 0.7486920226387574 0.26509997332524404 0.8438505960762575
4 0.3296890734375 0.9610016359375001 0.32599228740578373 0.9346976399546165 0.3198031109677643 0.9355674720903417 0.32349989699948056 0.9618714680732253
1 0.4417214333471722 0.6691317874248568 0.426499375 0.5608212171875 0.18280059165282792 0.5950708485126432 0.19802265000000002 0.70338141875
4 0.5223480796875 0.97337156875 0.5175640030596833 0.9393311026602473 0.5075065922177643 0.9407445799028418 0.512290668845581 0.9747850459925944