4 1.0223981716451145 0.8778484202834405 0.9999999999915424 0.7184771530648207 0.8956723953125 0.7331394421875002 0.9180705669660719 0.8925107094061199
4 0.7862076906250001 0.9646899187500001 0.7646793515625 0.8115078265625002 0.4660516373613682 0.8534772147133817 0.4875799764238682 1.0066593069008816
4 0.42037413749999997 1 0.4115032781249154 0.936880554686898 0.1298957946574514 0.9764579047795611 0.138766654032536 1.039577350092663
4 1.045366824812991 0.7878383321116955 0.9255474850391859 -0.06472058380435959 0.38554192810137417 0.01117224670689303 0.5053612678751791 0.8637311626229481
4 0.4218742468813418 0.6514090047326241 0.3966491216660001 0.4719229172628885 0.2945277263471583 0.48627514378026443 0.31975285156250005 0.6657612312500001
4 0.47290977200450995 0.36337813685901144 0.4231118967589039 0.009047842923933958 0.2173218125 0.037969753125 0.267119687745606 0.3923000470600775
2 0.19762540793727604 0.8296656937324638 0.17109553593750002 0.6408958421875 0.028744501347158335 0.6609019750302644 0.05527437334693437 0.8496718265752282
2 0.2772482796875 0.700136259375 0.22636311404248302 0.3380694967325719 0.043782439062500005 0.3637295375000001 0.09466760470751695 0.7257963001424281
2 0.5017062408877513 0.6244107956195724 0.4406005515624999 0.18962122031249998 0.1791078890453547 0.22637161706550496 0.24021357837060595 0.6611611923725773
2 0.1704012359375 0.26546379218750005 0.145611028125 0.08907229218749999 -0.018402120660040336 0.1121228362463896 0.006388087152459665 0.28851433624638967
2 0.1882327892955778 0.3923418891584346 0.15887596404997179 0.1834572170983571 0.030450573437499996 0.20150622812500002 0.05980739868310599 0.41039090018507746