0 0.5586593345182683 0.6047760843825085 0.274674059375 0.5898930468750001 0.26739609048173185 0.7287649671799917 0.5513813656250002 0.7436480046875001
0 0.9868849781250002 0.7633424921875 0.5250188171875001 0.7391371125000001 0.5116895034198657 0.9934755718536398 0.973555664357366 1.0176809515411398
0 1.0254827452641453 0.026853210071958254 0.9349819437382036 0.02211026406188189 0.8958935265625 0.7679616984375001 0.9863943280884415 0.7727046444475765
0 0.9911139672383819 0.02583434121661559 0.8288366687499998 0.017329748437500098 0.8121954702616178 0.3348627337833846 0.9744727687499998 0.34336732656250013
4 0.08653884375000023 2.2204460492503132e-17 0.02568485724916284 -0.0031892223278064645 -0.009863733377039474 0.6751182870701323 0.0509902531237979 0.6783075093979389
4 0.5775780396125434 0.004944164091326619 0.02677143639966568 -0.023922387266603538 0.0007670077246222845 0.4722716627045699 0.5515736109375 0.5011382140625
0 0.7742838297598139 0.28202492830767206 0.6120065297734427 0.273520335860117 0.599781178125 0.5067939546875 0.7620584781113712 0.5152985471350552
4 0.16946499062500012 2.914335439641036e-17 0.0274723531111785 -0.007441518486267891 0.0063343374861784315 0.3958958643262321 0.14832697500000006 0.4033373828125
0 0.5600815204811765 0.35372520938384 0.43135193142295636 0.34697877805217714 0.4213345031250001 0.5381227125000001 0.5500640921832203 0.544869143831663
0 0.6905560000000002 0.26746675156250005 0.526718342196299 0.2588803842071055 0.5126530546874999 0.527262071875 0.6764907124912011 0.5358484392303946
0 0.9980030515625 0.536269421875 0.8614716687499999 0.5291141156250001 0.8508818155613931 0.7311805610160539 0.9874131983738931 0.7383358672660538
0 0.4486551266079909 0.41985923663198077 0.3386498421875 0.41409410468749996 0.33214873589200905 0.5381426180555191 0.44215402031249995 0.54390775
4 0.27304071718750006 0.26279679062500005 0.02338333277017886 0.24971280156028203 0.01218016718750006 0.4634819359375001 0.26183755160482125 0.4765659250022181
4 0.3336350317892708 0.390361625028262 0.17915952500000004 0.38226590625000006 0.17175889321072937 0.523478364034238 0.3262344000000001 0.5315740828125
0 0.7370761521789377 0.4396686750323061 0.6738816256207174 0.4363567905756433 0.66787116875 0.5510431515625 0.7310656953082203 0.5543550360191629
0 0.6432988796875001 0.8407792093749998 0.5325134156647882 0.8349731898657975 0.5242541484375001 0.9925694140625 0.635039612460212 0.9983754335717023
4 0.07924241410129898 0.318355310197172 0.012146992187500039 0.31483898906249996 0.006422748398701092 0.4240640960528279 0.07351817031250003 0.42758041718750006
0 0.34896128126976494 0.620385227747864 0.27016316875000007 0.6162555937499999 0.26468424841773525 0.7207996238146361 0.34348236093750006 0.7249292578125001
0 0.7935485458252335 0.4966084953393713 0.7381558130170134 0.49370548588270846 0.7357025656250001 0.5405162453125001 0.7910952984332202 0.543419254769163
0 0.24964645156250004 0.679330775 0.09829166236495693 0.6713986062429227 0.09224031718750009 0.7868651453125 0.24359510638504323 0.7947973140695772
4 0.1454549000000001 0.4133570515625 0.0058028015961772515 0.40603819466990065 -0.006504326528822807 0.6408721712324007 0.13314777187500007 0.6481910281250001
0 0.5351711015650464 0.7842615343264112 0.42906671406249997 0.7787008390625 0.4179862109349535 0.9901294359860889 0.5240905984374999 0.9956901312500002
0 0.9266862671909978 0.5685186858707572 0.8611512046875 0.5650841390625001 0.8560402718715021 0.662606554754243 0.921575334375 0.6660411015625001
0 0.9739136985502157 0.966066452536757 0.8841930759842859 0.9613643952821974 0.8821682703125001 1 0.9718888928784299 1.0047020572545597
0 0.38535013125000017 0.6574967828125 0.3385393718269821 0.6550435352912388 0.3338373140144821 0.7447641587287388 0.38064807343750007 0.7472174062500001
4 0.9725444254793147 0.35030716573200704 0.849276090625 0.3438469453125001 0.8369689620164055 0.578680921849656 0.9602372968707202 0.585141142269163
0 0.7420479203301099 0.8224847637264846 0.6585687328125001 0.8181098046875 0.6506365640448902 0.9694645940860156 0.7341157515625001 0.9738395531249999
0 0.05923741408964693 0.8344218322945081 9.992007221626409e-17 0.8313173312500002 -0.005029157839646731 0.9272793880179924 0.05420825625000011 0.9303838890625002
4 0.20509337816962764 0.8577122616484566 0.18090781875000012 0.8564447500000002 0.17865900773083726 0.8993546140582204 0.20284456715046478 0.9006221257066768
0 0.7864241734397063 0.5877668140204018 0.7661395109417797 0.5867037405433372 0.76503555 0.6077685828125 0.7853202124979266 0.6088316562895646
0 0.650111578125 0.457016075 0.5588305965639108 0.4522322421711965 0.5553551624957203 0.5185474844566629 0.6466361440568095 0.5233313172854663
4 0.8442879031249999 0.9913482625000001 0.8076194747170724 0.9894265515476723 0.8070653437499999 0.9999999999999998 0.8437337721579276 1.0019217109523275
0 0.5633514409239567 0.4704625781406677 0.4907947625000001 0.46666004375 0.48736021532604334 0.5321951077968323 0.55991689375 0.5359976421875001
0 0.3949586859375001 0.47415464218750003 0.3481479265678714 0.4717013936475073 0.345531128125 0.5216328703125 0.3923418874946286 0.5240861188524928
4 0.01322010312500011 0.8914666499999999 1.1657341758564144e-16 0.8907738140625 -0.002167034751356339 0.9321233188121634 0.011053068373643653 0.9328161547496633
0 0.6966394421875001 0.47979487343750005 0.6638719109603419 0.47807759956415385 0.6615413250000002 0.5225478203125001 0.6943088562271583 0.5242650941858463
0 0.7412455953125001 0.5392420984375 0.72486182963217 0.5383834619932577 0.7235534311946701 0.5633492010557577 0.7399371968750001 0.5642078375
0 0.4462051968750001 0.48153429062499997 0.40251515468750015 0.47924459218750004 0.40022545625000017 0.5229346343750002 0.4439154984375001 0.5252243328125001
0 0.7059033156250002 0.9598438468750002 0.6731357844020771 0.9581265729208399 0.6709412905539176 0.999999999996275 0.7037088217768407 1.0017172739504354
0 0.6678822000000001 0.4164843203125 0.615610184375 0.41374485937500005 0.6128298359467541 0.4667970546060978 0.6651018515717542 0.46953651554359777
0 0.7115954641008073 0.5228240805190539 0.69443151875 0.5219245562500001 0.6925915827308372 0.5570326265582203 0.7097555280816444 0.5579321508272741
0 0.15660955000000013 0.9021106609375 0.12540237629626735 0.9004751624860473 0.12192694218322031 0.9667904047691629 0.15313411588695308 0.9684259032206155
0 0.8981921000000002 0.9480162546875002 0.8708858234686586 0.9465851931554597 0.868596125 0.9902752359375002 0.8959024015313416 0.9917062974695406
0 0.640490915687201 0.9540687613131379 0.6108441000000002 0.9525150375000001 0.6089223890002994 0.9891834668118626 0.6385692046875001 0.9907371906250004
0 0.7688016765625001 0.924024103125 0.7422755797104268 0.9226339292500322 0.74031298125 0.9600825374999999 0.7668390781020734 0.9614727113749678
0 0.3570194282124349 0.48155419531708227 0.3367347656350518 0.4804911217936397 0.334526843672617 0.5226208061640575 0.35481150625 0.5236838796875001
4 0.3239359125000001 0.9038389656249999 0.1959865030450058 0.8971334203083074 0.19140710625000007 0.9845135046874999 0.31935651570499435 0.9912190500041923
0 0.7628597234375001 0.9776929265625002 0.737893985600956 0.9763845281073624 0.7366563515625001 1 0.7616220893990441 1.0013083984551376
0 0.7532687500670423 0.5038853862207587 0.734544446875 0.5029040875 0.7333178233704578 0.5263094684667415 0.7520421265625002 0.5272907671875002