4 0.729035629734067 0.21927791674444702 0.5021603218750001 0.19543236093750005 0.446139598275069 0.7284339406079278 0.6730149061341358 0.7522794964148747
4 0.5935213005319835 0.7612065547434137 0.40860238415648775 0.7417707937270335 0.3824702687500001 0.9904012671875002 0.567389185125496 1.0098370282038802
4 0.46907982501289763 0.4653280248772894 0.29659243281250014 0.44719886875000003 0.2717669217296413 0.6833978201329969 0.4442543139300388 0.7015269762602863
2 0.4912789562500001 5.551115123125783e-17 0.30636004171715503 -0.019435760967926208 0.284855991717155 0.18516160934457382 0.46977490624999996 0.20459737031250008
0 0.9139310828533572 0.08945607773626965 0.7663067390625 0.07394013437500009 0.7375614124591426 0.34743365507623053 0.88518575625 0.3629495984375001
0 0.29174840781250005 3.8857805861880476e-17 0.0710888618178856 -0.023192252869073317 0.03673895556788551 0.3036252736934267 0.2573985015625 0.3268175265625
0 0.2014425687500001 0.23138323906250005 0.027401236135285056 0.21309075749320122 0.003555679867003192 0.43996606547964123 0.17759701248171825 0.4582585470489401
1 0.4400730859805556 0.6366721355278555 0.2100898968750001 0.6124999281250001 0.1735049343319447 0.960582592597145 0.4034881234375002 0.9847548000000004
4 0.9066987301157161 0.9056714031700075 0.5492924227039284 0.8681064874228988 0.5354298562500002 1 0.8928361636617879 1.0375649157471085
4 1.0108775311937115 0.2881783621198873 0.8772386515087041 0.27413234959616783 0.8417969687499998 0.6113374296875002 0.9754358484350071 0.6253834422112197
1 0.8644246203125 0.44089395625000016 0.6546426577508087 0.41884498339945725 0.6229574671258085 0.7203094333994573 0.8327394296874999 0.7423584062500002
4 0.5517094640625001 0.6358367390625002 0.4134087624874869 0.6213007499986849 0.376497149982928 0.9724912939124308 0.5147978515579412 0.9870272829762461
2 0.8109044968750002 0.2325960015625001 0.7705020437500001 0.2283495328125001 0.7646223178193795 0.28429139069141324 0.8050247709443795 0.2885378594414133
4 0.6546609783881185 0.015072490816880325 0.40758444403295613 -0.010896299996861892 0.33670107812500005 0.6635138609375001 0.5837776124801626 0.6894826517512422
4 0.7448735328125001 0.0386941718750001 0.517998225154708 0.01484861571555381 0.47096041562500013 0.46238347031250004 0.6978357232827923 0.4862290264719463
2 0.21319307343750005 3.053113317719181e-17 0.0950935984326389 -0.012412754641249198 0.07973115937013887 0.13375109379625083 0.19783063437500004 0.14616384843750008
4 0.9621130719017339 0.6774007888081465 0.8579990609375001 0.6664579656250001 0.8335002030982663 0.8995490346293538 0.9376142140625001 0.9104918578125
4 0.7127452859375001 0.6433356453125001 0.5480275969015469 0.6260231184974233 0.5233654124999999 0.8606681281249999 0.6880831015359531 0.8779806549400767
4 0.6706114921874999 0.5509252312500001 0.5975762890625 0.5432489218750001 0.5877767453431975 0.6364853498390011 0.6608119484681975 0.6441616592140011
2 0.30672377031250014 0.9038846546875 0.20416369888097474 0.8931051576948856 0.1979573218750001 0.9521548953125002 0.30051739330652544 0.9629343923051146
4 0.11372682031250006 0.48296765312499995 0.05001526093750004 0.4762712984375 0.039562414713020834 0.5757234875683725 0.10327397408802083 0.5824198422558725
4 0.24409449375000003 0.4982409546875 0.0001258406250000621 0.47259881562499995 -0.042665499695465264 0.8797312174090965 0.2013031534295347 0.9053733564715966
2 0.40045017500000013 0.9090223765624998 0.32741497330866803 0.9013460684132555 0.320555293621168 0.9666115684132558 0.39359049531250007 0.9742878765625
4 0.2790696593976146 0.3149552966598372 0.10969014843750005 0.2971527921875 0.08306805466488551 0.5504450877151628 0.2524475656250001 0.5682475921875001
4 0.5473372078125002 0.9166052921875 0.491395350199969 0.9107255652849229 0.4838823658045032 0.9822068279796412 0.5398242234170344 0.9880865548822182
4 0.640848671875 0.5949302328125 0.603554101584743 0.5910104154133731 0.5986543296875 0.6376286296875 0.6359488999777572 0.641548447086627
4 0.7010323063226795 0.5305559868085017 0.6637377343749999 0.52663616875 0.6558980983648205 0.6012253116289984 0.6931926703125 0.6051451296875001
4 0.29474468596953096 0.6591040653202475 0.1067178906250001 0.639341653125 0.0851588952804693 0.8444617956172525 0.27318569062500014 0.8642242078125001
4 0.6337928203294604 0.45278903108863283 0.5156933453125 0.4403762765625002 0.49576760779553963 0.6299570126613674 0.6138670828125 0.6423697671875
4 0.4930286078125 0.8951861624999999 0.42620916718750007 0.8881631562500001 0.4151030178815381 0.9938311077945589 0.48192245850653803 1.0008541140445586
4 0.680556042192177 0.8599073562055013 0.5453632218750001 0.8456980171874999 0.5303372540998704 0.9886605405632378 0.6655300744170474 1.0028698795812392
2 0.7246497453125004 0.9336704843750004 0.6889091139960871 0.9299139928193796 0.684662645246087 0.9703164459443796 0.7204032765625004 0.9740729375000005
0 0.3698515093750001 0.3182124265625001 0.34188057944385364 0.3152725640368918 0.3374707859204279 0.357228956412431 0.36544171585157437 0.3601688189380393
4 0.2550189984375001 0.7978994359374999 0.054560678125000074 0.7768304187499999 0.04525111241665947 0.8654050251554658 0.24570943272915952 0.8864740423429659
4 0.8513773312500001 0.6846152734375001 0.8047591173328297 0.6797155017422819 0.7938162937500002 0.7838295140625001 0.8404345076671706 0.7887292857577183
0 0.17020088362085894 0.7528492391474619 0.04122382426293114 0.7392932046100309 0.03142428125000009 0.8325296328125 0.16040134060792788 0.8460856673499311
2 0.08396400156250007 0.5269726546875 0.04666942968750006 0.5230528375 0.041606332541143286 0.5712249923232047 0.0789009044161433 0.5751448095107047
0 0.8625257100345258 0.8476110047568189 0.7226710687500001 0.8329116890625 0.7096050102779744 0.9572269264931812 0.8494596515625001 0.9719262421875001
2 0.0667538016486457 0.3020666406340543 0.04189075306578689 0.2994534295170512 0.03780761079214126 0.33830194200799685 0.06267065937500008 0.340915153125
2 0.597063301625389 0.9218317150266527 0.5364596234375001 0.9154620125000001 0.5295999436871112 0.9807275130983474 0.5902036218750002 0.987097215625
0 0.6722264296875002 0.9391583187500002 0.627162156110894 0.934421873198507 0.6217724076733939 0.9857019091360069 0.6668366812500002 0.9904383546875002
4 0.05765917500000008 0.7174540296874999 7.771561172376095e-17 0.71139380625 -0.016822549369474693 0.8714496735037708 0.040836625630525314 0.8775098969412707
0 0.6786144517352992 0.4747821467934261 0.5869319640625 0.4651459296875 0.5722326498272009 0.6050005719565742 0.6639151375000001 0.6146367890625002
0 0.099876528125 0.3008346593749999 0.08122924225588686 0.2988747509118426 0.07796272812500003 0.32995356093749995 0.09661001399411319 0.33191346940065725
4 0.6827539015625002 0.7941518796875001 0.6594447937500002 0.79170199375 0.6537283934885038 0.8460899095117412 0.6770375013010037 0.8485397954492413
4 0.473279371875 0.12641037031250005 0.30700774239855616 0.10893451674193508 0.29034851736700323 0.26743644516714116 0.4566201468434471 0.2849122987377061
1 0.29600012821056 0.8414843937589926 0.11418909375000008 0.8223752843750001 0.1017763389769402 0.9404747593660074 0.2835873734375001 0.95958386875
4 0.6479744563479317 0.6616656640727931 0.5562919687500002 0.6520294468750001 0.5469824030270686 0.7406040531147071 0.6386648906250001 0.7502402703125001
4 0.7215977203125001 0.7683835015625001 0.678087387513902 0.7638103811177333 0.6676345406250002 0.8632625718750002 0.7111448734235983 0.867835692319767
4 0.6331352765791134 0.952331846716935 0.6238116328125001 0.9513518921875003 0.6210350951500692 0.9777688812329279 0.6303587389166825 0.9787488357623626
1 0.8106341515625 0.5939221250000001 0.5526800337430803 0.5668100561835827 0.5378173935704968 0.7082186392078589 0.7957715113899163 0.7353307080242762
4 0.44633576876783587 0.935840640455304 0.43235030468750024 0.9343707093750002 0.42859381404466446 0.9701113407946961 0.4425792781250002 0.971581271875