0 0.44595539223124464 0.09818334760280466 0.1042368484375 0.0802746375 0.07234462491833712 0.6888145109332202 0.4140631687120817 0.7067232210360249
4 1.024910320338553 0.037775720159525614 0.42885331718749997 0.006537696875000054 0.38126030778644704 0.9146664314029748 0.9773173109375002 0.9459044546875003
4 0.2208195421875002 0.30387003437500004 0.010171124979172132 0.29283041840486784 -0.024256121906950995 0.9497414092421088 0.18639229530137708 0.9607810252122411
4 0.41272822970425366 0.6127746012428265 0.0990961421875001 0.5963378406250002 0.07938838435824662 0.9723842753196739 0.39302047187500017 0.9888210359375001
4 0.30245975625 4.163336342344337e-17 0.05748344843568034 -0.01283866402777869 0.05552536093568035 0.024523871909721308 0.30050166875 0.03736253593750004
4 0.2977658234375 3.608224830031759e-17 0.13392816406060729 -0.008586367151384389 0.12781241249810726 0.10810913441111561 0.291650071875 0.11669550156250004
4 0.27987448125000014 0.34138714687500005 0.0083720766146098 0.3271583083806865 -0.018695426568836954 0.8436370219959157 0.2528069780665534 0.8578658604902293
4 0.7245280953125002 0.5148963078125001 0.43430138750252806 0.49968617026426126 0.4132852296874999 0.9006983421875001 0.7035119374974721 0.9159084797357389
0 0.27842459225080424 0.10035593941708557 0.12394908593750001 0.092260221875 0.11037444837419583 0.3512797590204144 0.26484995468750006 0.3593754765625
4 0.17487513285289336 0.13560989454174993 0.12182293750000002 0.13282954687499998 0.11642579210583714 0.2358132187457202 0.1694779874587305 0.23859356641247015
0 0.06702925469222346 0.7902378233473737 9.43689570931383e-17 0.7867249687500001 -0.008013943754723247 0.9396401157151264 0.05901531093750012 0.9431529703124999
4 0.023885096875000077 0.6581112578125 7.771561172376095e-17 0.6568594937500001 -0.002289696588084078 0.7005495360344237 0.021595400286915922 0.7018013000969237
2 0.1898863890882944 0.05816438700781425 0.146196346875 0.055874689062500024 0.14276179991833712 0.12140975312072025 0.18645184213163152 0.12369945106603446
4 0.039740643750000096 0.6839765203124999 0.003852395329838587 0.6820956965441616 0.0014809218750000742 0.727346096875 0.03736917029516158 0.7292269206433383
4 0.6304666828256523 0.010845229436538501 0.44166328593749987 0.0009504625000000489 0.4263713734243476 0.29273752993846164 0.6151747703125 0.30263229687500004
4 0.33225257042244977 0.26746459477703444 0.2994850375859427 0.265747321797617 0.296950015600993 0.3141184410830826 0.3297175484375 0.31583571406250005
2 0.2520466203125001 0.39469130156250004 0.17402868723761872 0.3906025546737492 0.16961284062500007 0.474861921875 0.24763077369988137 0.4789506687637508
4 0.24064672968750006 0.46293820625000015 0.17823238433437896 0.45966720858759713 0.17373476245937894 0.545486935150097 0.23614910781250006 0.5487579328125001
4 0.7330393234375001 0.38234759687500014 0.6050899140787811 0.3756420528143383 0.5927418999999999 0.6112562093750001 0.720691309358719 0.617961753435662
4 0.40775754062500014 0.05080679843750004 0.29073064217461736 0.044673678370816816 0.28484284686211736 0.1570195018083168 0.4018697453125001 0.16315262187500004
4 1.0204812028332555 0.06257790862191782 0.7208923417000801 0.04687712333006834 0.6987313374657197 0.4697343178416089 0.998320198598895 0.4854351031334584
4 1.0100583184500178 0.05107916080048382 0.8104052125000001 0.0406157828125001 0.8003468938972755 0.23253989680083134 0.9999999998472934 0.24300327478881503
4 0.5353997546875001 0.15293954531250006 0.4355368015978612 0.14770594932527148 0.42940368125000006 0.2647328484375001 0.529266634339639 0.26996644442472867
4 0.300917178125 0.05928933125000002 0.22133888744330726 0.05511880937202888 0.21487866718750004 0.17838714375 0.2944569578691928 0.18255766562797116
4 0.8487599794211297 0.05514302663042735 0.6318701263004094 0.04377631092376449 0.6125712421875 0.41202095156250007 0.8294610953082202 0.4233876672691629
0 0.6254430813186774 0.3156875893145594 0.4194757406250001 0.3048932984375 0.40647352649382273 0.5529903247479406 0.6124408671875001 0.563784615625
4 0.11939637343750002 1.6653345369377347e-17 0.042938800070433755 -0.004006971656455421 0.03191446562500002 0.20634985937500003 0.10837203899206631 0.21035683103145547
2 0.21791097501498707 0.15038246221403004 0.183583084375 0.14858341406250003 0.18055741248501295 0.20631668466097003 0.21488530312500004 0.20811573281250006
4 0.06787122031250005 0.14721314531250002 0.03510368906978721 0.14549587173595205 0.0313420421875 0.21727236875000006 0.06410957343021284 0.218989642326548
4 0.37130410468749997 4.4408920985006264e-17 0.30264832343127196 -0.003598096756162025 0.29780309530627197 0.08885437043133797 0.3664588765625 0.09245246718750004
4 0.15055695966197016 0.09209003759692663 0.07253902656250001 0.08800129062499999 0.06452508252125014 0.24091643904723625 0.1425430156207203 0.24500518601916288
4 0.43914816874999996 0.13850734843750007 0.28935373750000004 0.13065695468750002 0.28044026967910146 0.30073604692369216 0.43023470092910143 0.3085864406736921
0 0.7190800265624999 0.021747834375000084 0.6051738453393896 0.015778263549417724 0.5962603764808372 0.1858573578082203 0.7101665577039477 0.19182692863380266
4 0.5476041250000001 0.009631875000000073 0.4914312125370306 0.006687977418412311 0.4821906453125 0.18300850468750007 0.5383635577754695 0.18595240226908785
0 0.048601031333099995 0.27606871247685805 0.022074932898442652 0.27467853898511696 0.01937636093750004 0.326170375 0.04590245937215739 0.3275605484917411
0 0.14130139375 1.6653345369377347e-17 0.0976113510755085 -0.0022896977046257595 0.0941320870130085 0.06409862729537424 0.13782212968750002 0.06638832500000003