0 0.6609375 0.15468750000000006 0.4484375 0.15468750000000003 0.4484375 0.4109375 0.6609375 0.4109375
0 0.7796875 0.3203125000000001 0.59375 0.3203125000000001 0.59375 0.6484375000000001 0.7796875 0.6484375000000002
4 0.30937500000000007 0.5578125 0.040625000000000064 0.5578125 0.04062500000000009 0.9046875 0.30937500000000007 0.9046875
4 0.36875 0.07343750000000003 0.1703125 0.07343750000000002 0.17031250000000003 0.5796875 0.3687500000000001 0.5796875
4 0.5437500000000001 0.6625 0.3296875000000001 0.6625 0.3296875000000001 1 0.5437500000000002 1
0 0.971875 0.5656250000000002 0.8796875 0.5656250000000002 0.8796875 0.85625 0.971875 0.85625
1 0.12500000000000003 7.845393557037733e-18 0.003125 3.827021247335479e-19 0.0031250000000000145 0.2390625 0.12500000000000006 0.2390625
0 0.6 0.007812500000000064 0.4421875 0.007812500000000056 0.4421875 0.3828125000000001 0.6 0.3828125000000001
4 0.88125 0.7531250000000002 0.8046875 0.7531250000000002 0.8046875 0.946875 0.88125 0.946875
4 0.07656250000000007 0.4765625 5.836207402186604e-17 0.4765625 6.859935585848846e-17 0.64375 0.07656250000000009 0.64375
1 0.22656250000000006 1.39686275527745e-17 0.0015625 1.9135106236677395e-19 0.0015625000000000296 0.4796875 0.22656250000000008 0.4796875
0 0.475 0.010937500000000053 0.3765625 0.010937500000000048 0.3765625 0.20468750000000008 0.475 0.20468750000000008
4 0.7875 0.006250000000000094 0.7390625 0.006250000000000091 0.7390625 0.07343750000000009 0.7875 0.07343750000000009
4 0.98125 0.7015625000000002 0.7921875 0.7015625000000002 0.7921875 0.9609375 0.98125 0.9609375
4 0.9078125 0.08125000000000011 0.865625 0.08125000000000011 0.865625 0.13750000000000012 0.9078125 0.13750000000000012
4 0.7015625 0.11093750000000009 0.665625 0.11093750000000009 0.665625 0.16562500000000008 0.7015625 0.16562500000000008
0 0.7671875000000001 0.8390625 0.7000000000000002 0.8390625 0.7000000000000002 0.91875 0.7671875000000001 0.91875
0 0.8234375 0.0656250000000001 0.740625 0.06562500000000009 0.740625 0.2156250000000001 0.8234375 0.2156250000000001
0 0.9703125 0.1562500000000001 0.78125 0.15625000000000008 0.78125 0.4671875000000002 0.9703125 0.4671875000000002
0 0.9984375 0.5125000000000002 0.9203125 0.5125000000000002 0.9203125 0.6437500000000002 0.9984375 0.6437500000000002
4 0.54375 0.3156250000000001 0.365625 0.3156250000000001 0.36562500000000003 0.634375 0.54375 0.634375
0 1 0.009375000000000112 0.83125 0.009375000000000102 0.83125 0.23593750000000008 1 0.23593750000000008
4 0.3625 3.444319122601931e-17 0.2 2.4492935982947065e-17 0.2 0.17968750000000006 0.3625 0.17968750000000006
4 0.1546875000000001 0.6734375 0.07031250000000008 0.6734375 0.0703125000000001 0.84375 0.1546875000000001 0.84375
4 0.5 0.3125000000000001 0.4 0.3125000000000001 0.4 0.4390625 0.5 0.4390625
0 0.90625 0.6140625000000002 0.84375 0.6140625000000002 0.84375 0.7218750000000002 0.90625 0.7218750000000002
0 0.834375 0.2156250000000001 0.75625 0.2156250000000001 0.75625 0.37968750000000007 0.834375 0.37968750000000007
4 0.08125000000000003 0.2546875 0.007812500000000031 0.2546875 0.00781250000000004 0.4171875 0.08125000000000004 0.4171875
1 0.08281250000000001 5.644856339819832e-18 0.009375 1.1481063742006436e-18 0.009375000000000007 0.1125 0.08281250000000002 0.1125
0 0.7984375000000001 0.6984375 0.7203125 0.6984375 0.7203125000000001 0.8453125 0.7984375000000001 0.8453125
0 0.653125 0.5375 0.6109375 0.5375 0.6109375 0.615625 0.653125 0.615625
0 0.61875 0.003125000000000073 0.571875 0.0031250000000000696 0.571875 0.07812500000000007 0.61875 0.07812500000000007
0 0.59375 0.01406250000000007 0.5296875 0.014062500000000066 0.5296875 0.10625000000000007 0.59375 0.1062500000000001
0 0.8828125 0.10937500000000008 0.8390625 0.10937500000000008 0.8390625 0.1843750000000001 0.8828125 0.1843750000000001
0 0.9515625 0.5812500000000002 0.9171875 0.5812500000000002 0.9171875 0.6484375000000002 0.9515625 0.6484375000000002
1 0.390625 0.006250000000000045 0.3421875 0.006250000000000042 0.3421875 0.29531250000000003 0.390625 0.2953125000000001
0 0.2390625 0.03281250000000003 0.1421875 0.03281250000000002 0.1421875 0.17187500000000003 0.2390625 0.17187500000000006
0 0.5171875 0.13750000000000004 0.471875 0.13750000000000004 0.471875 0.2171875000000001 0.5171875 0.2171875000000001
0 0.6734375000000001 0.7734375 0.6468750000000002 0.7734375 0.6468750000000002 0.809375 0.6734375000000001 0.809375
0 0.5375 0.07187500000000006 0.4921875 0.07187500000000006 0.4921875 0.14218750000000005 0.5375 0.14218750000000005
0 0.5609375 0.12343750000000006 0.528125 0.12343750000000005 0.528125 0.18437500000000007 0.5609375 0.1843750000000001
0 0.4609375 0.026562500000000055 0.4296875 0.026562500000000055 0.4296875 0.08125000000000006 0.4609375 0.08125000000000007
0 0.5171875 0.03125000000000006 0.4703125 0.031250000000000056 0.4703125 0.10000000000000005 0.5171875 0.10000000000000005
0 0.353125 0.19375000000000003 0.2640625 0.19375000000000003 0.2640625 0.325 0.353125 0.325
4 0.128125 1.2150792460290146e-17 0.0703125 8.610797806504827e-18 0.0703125 0.06875 0.128125 0.06875000000000002
0 0.7421875000000002 0.8421875 0.7218750000000002 0.8421875 0.7218750000000002 0.88125 0.7421875000000002 0.88125
0 0.06250000000000008 0.665625 0.00625000000000008 0.665625 0.006250000000000086 0.7578125 0.06250000000000008 0.7578125
4 0.04687500000000005 0.35 0.009375000000000041 0.35 0.009375000000000046 0.421875 0.046875000000000056 0.421875
4 0.2593750000000001 0.6625 0.22656250000000008 0.6625 0.22656250000000008 0.7296875 0.2593750000000001 0.7296875
0 0.7484375000000002 0.825 0.6078125000000002 0.825 0.6078125000000002 1 0.7484375000000002 1
4 0.0984375000000001 0.7359375 0.07187500000000009 0.7359375 0.0718750000000001 0.8328125 0.09843750000000011 0.8328125
4 0.10156250000000004 0.4171875 0.05625000000000004 0.4171875 0.05625000000000006 0.496875 0.10156250000000004 0.496875
4 0.02187500000000006 0.46875 5.740531871003217e-17 0.46875 6.132801548855104e-17 0.5328125 0.021875000000000068 0.5328125
1 0.06875 0.0828125 0.039062500000000014 0.0828125 0.039062500000000014 0.184375 0.06875000000000002 0.184375
4 0.1515625000000001 0.6765625 0.12031250000000009 0.6765625 0.12031250000000009 0.728125 0.1515625000000001 0.728125