4 0.5171875000000001 3.166860082170109e-17 0 0 6.123233995736766e-17 1 0.5171875000000001 1
4 0.8359375 0.4312500000000001 0.571875 0.43125 0.5718750000000001 0.84375 0.8359375 0.84375
0 0.8703125 8.113285044351215e-17 0.4546875 5.568315914873122e-17 0.4546875 0.32500000000000007 0.8703125 0.32500000000000007
0 1 0.3515625000000001 0.878125 0.3515625000000001 0.878125 0.978125 1 0.978125
2 0.7531250000000002 0.7937500000000001 0.5046875000000002 0.79375 0.5046875000000002 0.9703125 0.7531250000000002 0.9703125
4 0.98125 0.5328125000000001 0.94375 0.5328125000000001 0.94375 0.5890625000000002 0.98125 0.5890625000000002
4 0.64375 0.16406250000000006 0.4671875 0.16406250000000006 0.4671875 0.428125 0.64375 0.428125
2 0.2093750000000001 0.9640625 0.09218750000000012 0.9640625 0.09218750000000012 1 0.2093750000000001 1
4 0.20468750000000008 0.75 0.050000000000000086 0.75 0.0500000000000001 0.884375 0.20468750000000008 0.884375
4 0.746875 0.0671875000000001 0.7125 0.0671875000000001 0.7125 0.11093750000000009 0.746875 0.11093750000000009
4 0.9765625 0.0640625000000001 0.953125 0.0640625000000001 0.953125 0.10312500000000013 0.9765625 0.10312500000000013
4 0.8421875 0.05468750000000011 0.8171875 0.05468750000000011 0.8171875 0.08593750000000011 0.8421875 0.08593750000000011
4 0.29218750000000004 0.340625 0.240625 0.340625 0.24062500000000003 0.4296875 0.2921875000000001 0.4296875
2 0.5890625 0.2000000000000001 0.5515625 0.2000000000000001 0.5515625 0.26250000000000007 0.5890625 0.26250000000000007
2 0.4546875 0.07031250000000006 0.4109375 0.07031250000000004 0.4109375 0.11718750000000004 0.4546875 0.11718750000000004
4 0.821875 0.0656250000000001 0.803125 0.06562500000000009 0.803125 0.0921875000000001 0.821875 0.09218750000000012
4 0.471875 0.06562500000000006 0.278125 0.06562500000000004 0.278125 0.30468750000000006 0.471875 0.3046875000000001
2 0.3671875 0.17656250000000004 0.334375 0.17656250000000004 0.334375 0.22656250000000006 0.3671875 0.22656250000000008
4 0.8015625 0.06406250000000009 0.7828125 0.06406250000000009 0.7828125 0.08437500000000009 0.8015625 0.08437500000000009
4 0.9609375 1.1615009485663178e-16 0.9359375 1.146192863576976e-16 0.9359375 0.012500000000000117 0.9609375 0.012500000000000117
2 0.5875 0.11562500000000006 0.5296875 0.11562500000000005 0.5296875 0.2000000000000001 0.5875 0.2000000000000001
4 0.7859375 0.07343750000000009 0.75 0.07343750000000009 0.75 0.10937500000000008 0.7859375 0.10937500000000008
4 0.421875 0.06718750000000004 0.3984375 0.06718750000000004 0.3984375 0.10937500000000004 0.421875 0.10937500000000004
2 0.10000000000000009 0.7609375 0.05937500000000009 0.7609375 0.0593750000000001 0.8515625 0.10000000000000009 0.8515625
2 0.7609375 0.03593750000000009 0.7421875 0.03593750000000009 0.7421875 0.07031250000000008 0.7609375 0.07031250000000008
2 0.615625 0.056250000000000064 0.5390625 0.056250000000000064 0.5390625 0.13125000000000006 0.615625 0.1312500000000001
2 0.07968750000000012 0.93125 0.021875000000000117 0.93125 0.02187500000000012 1 0.07968750000000013 1
2 0.5 0.07031250000000007 0.459375 0.07031250000000007 0.459375 0.10937500000000004 0.5 0.10937500000000004
4 0.4625 0.22656250000000006 0.278125 0.2265625 0.27812500000000007 0.4609375 0.4625 0.4609375
0 0.0593750000000001 0.75 0.014062500000000094 0.75 0.014062500000000097 0.8296875 0.05937500000000011 0.8296875
2 0.75 0.05312500000000009 0.7265625 0.05312500000000009 0.7265625 0.07968750000000009 0.75 0.07968750000000009
2 0.790625 0.0312500000000001 0.7734375 0.0312500000000001 0.7734375 0.05625000000000009 0.790625 0.05625000000000009
4 0.2109375 0.017187500000000015 2.1048616860345133e-18 0.0171875 1.329889883449079e-17 0.2 0.2109375 0.2
4 0.06875 0.025000000000000005 3.061616997868383e-18 0.025 1.0619983961355953e-17 0.1484375 0.06875000000000002 0.1484375
2 0.4875 0.05156250000000007 0.465625 0.05156250000000007 0.465625 0.07343750000000007 0.4875 0.07343750000000007
4 0.15156250000000013 0.953125 0.13750000000000012 0.953125 0.13750000000000012 0.9734375 0.15156250000000013 0.9734375
2 0.11093750000000013 0.96875 0.07343750000000011 0.96875 0.07343750000000013 1 0.11093750000000013 1
4 0.2625 0.15625000000000003 0.16875 0.15625 0.16875 0.30625 0.2625 0.30625
0 0.6953125 0.05937500000000009 0.6546875 0.05937500000000009 0.6546875 0.0984375000000001 0.6953125 0.0984375000000001
0 0.93125 1.1222739807811292e-16 0.9015625 1.1040956298562856e-16 0.9015625 0.02656250000000011 0.93125 0.02656250000000011
2 0.8328125 1.0074633433610647e-16 0.8125 9.950255243072244e-17 0.8125 0.009375000000000102 0.8328125 0.009375000000000102