2 0.583969153125 0.4869052921875 0.5735811 0.189430365625 0.3206102968395526 0.19826430054741953 0.3309983499645526 0.4957392271099195
2 0.9083696234482765 0.41929269093360444 0.903489146875 0.2795341296875 0.7973038718642232 0.2832422012538955 0.8021843484374998 0.42300076249999996
2 0.7752588362281977 0.7264690640523486 0.768497059375 0.532837090625 0.6576271390099058 0.5367087531814003 0.6643889158631036 0.7303407266087489
2 0.1520449563677217 0.6989834218708892 0.1484732109375 0.5967020156250001 0.030576324882278294 0.6008190656291109 0.0341480703125 0.7031004718750001
4 0.3700692953125 0.6296134734375001 0.3611808296875 0.37508112187500003 0.1706719531045236 0.38173383847613257 0.1795604187295236 0.6362661900386326
4 0.11582691095804817 0.37817698652592313 0.10811084999385748 0.15721792013660046 -0.007716060964190705 0.16126268517317727 0 0.3822217515625
4 0.10097730939174536 0.22156857860452434 0.0955242640625 0.06541376093749998 0.008858340608254642 0.0684402010829756 0.014311385937499994 0.22459501874999993
4 1.011583054658074 0.8229677526399426 0.9993682312311434 0.4731809619600099 0.9384678515625001 0.47530764999999997 0.9506826749894307 0.8250944406799328
4 0.13790425156249997 0.5626751390625 0.1329965094079852 0.42213580468634804 0.01431884847048521 0.42628012031134804 0.019226590624999998 0.5668194546875
4 0.5229571922156343 0.17243676330566152 0.519303651534234 0.06781303512806736 0.46855333593750004 0.069585275 0.4722068766189004 0.17420900317759416
4 0.9859537371577745 0.08904011401988705 0.9827758346363644 -0.0019630969386907615 0.9265600999999999 5.551115123125783e-18 0.9297380025214098 0.09100321095857782
4 0.185033234375 0.34527292656249997 0.17445432342536185 0.04233258090240919 0.11277317031440308 0.04448653442949725 0.12335208126404122 0.347426880089588