4 0.5520238687513234 0.0024169140435800042 0.03609621162313556 -0.0336602620636927 -0.033660261815687625 0.9639037879552272 0.4822673953125002 0.9999809640625001
4 0.8399149312500004 0.4548512875000002 0.5764956734447144 0.43643121864682977 0.547721128125 0.8479263890625001 0.8111403859302859 0.8663464579156706
0 0.9042886749999998 0.027049668750000106 0.48967611621097407 -0.0019428656187122696 0.4670052622272894 0.32226545161800335 0.8816178210163151 0.35125798598671565
0 1.009136501739472 0.3868023235716448 0.8875583828125002 0.37830075312500017 0.8440849355315206 0.9999999999716114 0.9656630544584924 1.008501570418256
2 0.7320174364410945 0.8106915469102148 0.4841851171875001 0.7933614234375002 0.47186874012140584 0.9694938265272854 0.7197010593750002 0.9868239500000001
4 0.9777888156250001 0.5663028734375001 0.9403801626137979 0.563687004622617 0.9364563594887978 0.619799982747617 0.9738650124999999 0.6224158515625001
4 0.6668336469329839 0.17490831948329208 0.4907012453125 0.16259194218750003 0.472281176453771 0.42601119999239706 0.6484135780742549 0.4383275772881891
2 0.17771158441255078 0.9426590921901259 0.060809546875000134 0.9344845046874999 0.05830267339994947 0.9703344624973742 0.17520471093750012 0.9785090500000001
4 0.18796774843750003 0.7287910546874999 0.03365705907065632 0.7180005999787181 0.02428353281250011 0.85204826875 0.17859422217934381 0.8628387234587818
4 0.7764650984374999 0.08546293906250009 0.7421738343999281 0.08306506058100885 0.7391219890624998 0.12670848750000008 0.7734132531000716 0.12910636598149133
4 1.0027248627390806 0.09815193161925888 0.9824306734375001 0.09673282343750012 0.9797058106738874 0.1357001702940665 0.9999999999754678 0.13711927847582528
4 0.872417378125 0.07964205156250012 0.8474782765857662 0.07789814029227492 0.8452983875 0.10907201718750008 0.8702374890392337 0.11081592845772528
4 0.3038111594130573 0.3265169619557562 0.25237426250000006 0.32292014375000005 0.2461615765244428 0.4117656927317439 0.2975984734375 0.41536251093750004
2 0.6097724906249999 0.2069434703125001 0.5723638391044711 0.20432760252478718 0.5680040593750001 0.2666753562500001 0.6054127108955291 0.26929122403771305
2 0.4847713640625001 0.06819835625000006 0.44112793594576233 0.06514651081934306 0.43785810156249994 0.11190732656250005 0.4815015296792377 0.11495917199315704
4 0.8513913969057718 0.08913598080994187 0.8326870703125 0.0878280468750001 0.8308341639537711 0.11432584217989701 0.8495384905470429 0.11563377611483878
4 0.5022439796875 0.06472121562500006 0.30896594533275085 0.05120589814789952 0.29228978749999995 0.28968605312500006 0.4855678218547491 0.3032013706021006
2 0.39007288439436494 0.16808584503556964 0.35734031406250005 0.16579696093750007 0.3538524906056352 0.21567516433943051 0.3865850609375 0.2179640484375001
4 0.8312373718750001 0.08616035781250012 0.8125330452629024 0.08485242414678107 0.8111161171379024 0.10511544445928107 0.8298204437500001 0.1064233781250001
4 0.994692917179897 0.03337135010872915 0.9697538156250001 0.031627437500000126 0.9688818593750002 0.04409698750000013 0.9938209609298971 0.045840900108729155
2 0.6140994984375001 0.12266500937500006 0.5564278264674433 0.11863221385937675 0.5505421249049431 0.20280168104687676 0.6082137968750001 0.2068344765625001
4 0.8149964671875001 0.09442257656250008 0.7791465077037709 0.09191570311739701 0.7766396343749999 0.12776566093750008 0.812489593858729 0.13027253438260317
4 0.45225678281250004 0.06279208437500006 0.4288763750233172 0.06115716685404841 0.42593352343749996 0.10324190156250004 0.4493139312266828 0.1048768190834517
2 0.08277230000000012 0.7323992796875001 0.042246259391229266 0.7295654232054124 0.03592457968750011 0.819969665625 0.07645062029627096 0.8228035221070875
2 0.7926732328125 0.05527001250000009 0.7739689063028782 0.05396207893130648 0.7715710281249999 0.08825334375000007 0.7902753546346217 0.08956127731869368
2 0.6462977789544853 0.06539654537050332 0.5699217805245883 0.06005581557427434 0.5646900453124999 0.13487311875000008 0.6410660437423968 0.14021384854622904
2 0.050628881250000125 0.9008799781250001 9.992007221626409e-17 0.8973396625000001 -0.004795756803425066 0.9659221922580615 0.04583312444657496 0.9694625078830615
2 0.5299734843749999 0.07135919687500006 0.48944744459903716 0.06852534057510988 0.4867225828125 0.10749268593750005 0.5272486225884627 0.11032654223739025
4 0.4816653843871962 0.2246127123255882 0.2977395125 0.21175136250000004 0.2813903390503039 0.44555543611191195 0.4653162109375001 0.4584167859375001
0 0.04300922187500007 0.7186545656249999 7.771561172376095e-17 0.7156470687499998 -0.005558717401783581 0.7951404547817764 0.03745050447321642 0.7981479516567764
2 0.7805634375 0.07165268281250009 0.7571830295693431 0.07001776561673774 0.755330123429897 0.09651556104622906 0.7787105313605539 0.09815047824199141
2 0.8226153989702917 0.05266482659975652 0.8054697661653949 0.051465887428527556 0.8037258546875 0.0764049890625001 0.8208714874923968 0.07760392823372905
4 0.24519504531250003 3.3306690738754695e-17 0.03477137727132203 -0.014714256197010328 0.022144916333822033 0.1658525484904897 0.232568584375 0.18056680468750003
4 0.10266033750000003 1.3877787807814457e-17 0.03407780934180372 -0.004795757337770644 0.025741735904303703 0.11441565203722937 0.09432426406250002 0.11921140937500004
2 0.5188118687500001 0.05178291562500007 0.49699015468749996 0.05025699218750007 0.49546423125 0.07207870625000005 0.5172859453125 0.07360462968750006
4 0.12080287343750018 0.9277154390625002 0.10677462959023502 0.9267344888909561 0.105357701465235 0.9469975092034562 0.11938594531250016 0.9479784593750002
2 0.07918688933977114 0.9404685203318885 0.041778237500000114 0.937852653125 0.03959834816022908 0.9690265296681112 0.0770070000000001 0.9716423968749999
4 0.2870573265625 0.1405201953125 0.19353569684686742 0.13398052540231536 0.18307222497186743 0.28361513321481535 0.27659385468750003 0.290154803125
0 0.7255731749999998 0.07407265156250008 0.685047135224037 0.07123879526260993 0.6823222734375001 0.11020614062500009 0.7228483132134629 0.11303999692489027
0 0.9650777330030657 0.03130045470082576 0.9354625501981687 0.029229559279596758 0.9336096437499999 0.055727354687500105 0.9632248265548968 0.05779825010872911
2 0.8668800218750002 0.024433801562500117 0.8466170027661777 0.023016873412408805 0.8459630359375 0.03236903593750012 0.8662260550463226 0.03378596408759143