0 0.7516569614120973 0.2923783203792004 0.4700494796875 0.25280096875 0.4506957198379028 0.39051012180829975 0.7323032015625001 0.4300874734375001
0 0.5313642078482588 0.007383443495563813 0.07336522486331401 -0.0569841146524286 0.037919576390055366 0.19522478403950766 0.49591855937500007 0.25959234218750005
0 0.12896736878796933 0.19855358254233588 0.03922432490964151 0.18594102029980095 -0.06472058450332771 0.9255474846324653 0.025022459375000118 0.9381600468750001
0 0.17459986718750015 0.6372992406250001 0.013681306347959877 0.6146836118029799 -0.030571390538955558 0.929557911887762 0.13034717030058474 0.9521735407097823
4 1.0231861126924573 0.36998564251613475 0.96284165173599 0.3615047815780554 0.8731070005349985 0.9999999998555941 0.9334514614914656 1.0084808607936735
4 0.9949165765625001 0.57113384375 0.448721844673703 0.49437118116022294 0.3795702109351843 0.9864106281414775 0.9257649428239813 1.0631732907312545
0 0.4011906515625001 0.48453539531250006 0.2402720905584491 0.4619197660985349 0.20776212337094907 0.6932401989110348 0.368680684375 0.715855828125
4 0.9827138423102959 0.6467337850637629 0.8419101015579533 0.6269451093743611 0.7894806546875002 1 0.9302843954398426 1.019788675689402
0 0.581688764081932 0.4688785061117354 0.45403702031250004 0.45093822343750006 0.42739841873056816 0.6404817220132647 0.5550501625000002 0.6584220046875001
0 0.48977114076881617 0.47173888178919565 0.3273052859375 0.4489057953125 0.28990251548118395 0.7150403400858043 0.4523683703125001 0.7378734265625
0 0.17060210937500014 0.2391177859375 0.035213897006407216 0.22009021312748925 0.007053089062499973 0.42046476874999994 0.14244130143109288 0.43949234156001077
0 0.6705368876657065 0.47663172850843677 0.5614526703125 0.46130094218750006 0.5441647623342935 0.5843108043040635 0.6532489796875 0.5996415906250002
4 0.982780771875 0.5788954015625001 0.735213754137655 0.5441021264852244 0.7054220124999999 0.756081384375 0.952989030237345 0.7908746594522758
4 0.8290383234375 0.5052190750000001 0.67585623125 0.4836907359375 0.6561762847950156 0.6237208313090293 0.8093583769825156 0.6452491703715294
0 0.3372163343750001 0.434520146875 0.2745509324897947 0.4257130999546468 0.25856777340723575 0.5394391986528417 0.32123317529244116 0.548246245573195
0 0.5187684000000001 0.007191073437500073 0.40891053537748734 -0.008248443428400276 0.38694727896731507 0.14802823739878462 0.49680514358982775 0.163467754264685
4 0.9850807921875001 0.6186650375000001 0.9185471563124408 0.609314344868211 0.9033250984375 0.7176249156250001 0.9698587343125593 0.7269756082567893
0 0.7536642593749999 0.3005497046875001 0.6755259189241323 0.2895680768859844 0.6609562345491323 0.39323676594848445 0.739094575 0.40421839375000007
0 0.2687255765644833 0.4390950984377787 0.21379664531250006 0.431375340625 0.2072729062480168 0.4777941562497213 0.26220183750000003 0.4855139140625001
0 0.9312099790153102 0.24976506106262503 0.7811224734375 0.2286716375000001 0.7650305834846896 0.3431713826873751 0.9151180890624999 0.36426480625000013
4 1.016854743788387 0.40380864956205614 0.8783719437500002 0.3843461609375002 0.8456445185573722 0.6172138874729279 0.984127318595759 0.636676376097484
0 0.6244192969391065 0.018883627668859083 0.519203315625 0.004096485937500049 0.4897377608733936 0.21375480358114105 0.5949537421875001 0.22854194531250008
0 0.15948666406250003 0.30698125781249996 0.09450032187500004 0.29784802343749994 0.08090919937656159 0.3945538891944765 0.14589554156406156 0.40368712356947645
0 0.6868629890932199 0.27064927634391794 0.6404441734375002 0.2641255375000001 0.6279403405942803 0.35309493459358227 0.6743591562500001 0.3596186734375001
4 0.17117080000000007 0.39224970156250005 0.04893458594340512 0.3750705218329832 0.01620716093750001 0.6079382484375001 0.13844337499409498 0.6251174281670169
0 0.39085318906250005 0.01919301875000005 0.3080729674103838 0.007559017164099724 0.2869795439728838 0.15764652185159972 0.369759765625 0.16928052343750005
0 1.013373663819644 0.11457184410712454 0.9816057980634891 0.11010716222784131 0.9682321342438451 0.20526573530821693 1 0.20973041718750016
4 0.8549242406484284 0.13017176389579885 0.8309411859374999 0.12680116562500007 0.8249610921640714 0.1693517470417013 0.848944146875 0.17272234531250008
0 0.24536564062500008 0.36954213906250005 0.22525082040932837 0.36671518524853075 0.22231513750000004 0.38760365312500006 0.24242995771567175 0.3904306069389693
0 0.4464720019232427 0.47669857505069907 0.3559553109375001 0.4639772828125001 0.34671334651425756 0.5297372718243011 0.4372300375000001 0.5424585640625
0 0.515397675 0.4690290343750001 0.44344850934187036 0.45891723905784404 0.4343152749697358 0.5239035814653418 0.5062644406278655 0.5340153767824979
0 0.6557665000000003 0.49191229843750006 0.6093476845402895 0.4853885581989056 0.6023890281250001 0.5349019625000001 0.6488078435847109 0.5414257027385946
0 0.3410385609375 0.4634587265624999 0.30854538906250006 0.4588921093749999 0.30234783729521497 0.5029899845658143 0.3348410091702149 0.5075566017533143
0 0.282818503125 0.417407896875 0.2665719172315505 0.4151245887490645 0.263092590625 0.4398812906250001 0.2793391765184496 0.4421645987509356
0 0.6013937562500001 0.4858485625000002 0.5580695281250001 0.4797597390625 0.5519807046875 0.5230839671874999 0.5953049328125001 0.5291727906250001
0 0.37146061406249997 3.3306690738754695e-17 0.33896744323104966 -0.0045666178552760004 0.3349582401060497 0.023960341519724003 0.3674514109375 0.02852695937500004
0 0.38470568750000006 0.5232428312499999 0.3328713421875 0.5159579890624999 0.3254777712235596 0.5685659798155411 0.37731211653605967 0.575850822003041
0 0.31311200751644847 0.4263989376779878 0.2960917747342128 0.42400689996264607 0.2911989703125001 0.45882101250000007 0.30821920309473577 0.4612130502153418
0 0.9173178406250001 0.06793711093750007 0.8863719640753727 0.0635879514709071 0.8771299999999999 0.12934794062500007 0.9080758765496272 0.13369710009159305
0 0.17265081093750004 1.9428902930940238e-17 0.1455731678903434 -0.003805515260840539 0.14237033024184048 0.01898385454581241 0.1694479732889971 0.022789369806652967
0 0.4341272406392938 0.0031848123982947452 0.4047286578127018 -0.0009468890639355854 0.3996183952984081 0.03541451728776972 0.42901697812500006 0.03954621875000005
0 0.30070031718750007 0.02072355937500004 0.2743963217367739 0.017026774421029876 0.2691773311117739 0.05416182754602987 0.29548132656250004 0.05785861250000004
0 0.666815014069355 0.4918872093262262 0.6467001937500001 0.48906025625000005 0.6408288296806453 0.5308371906737739 0.6609436500000001 0.53366414375
4 0.8496467390625 0.04422585781250007 0.7227686413443157 0.026394304568998262 0.7105909953124999 0.11304276093750007 0.8374690930306841 0.13087431418100187
0 0.26986304375000003 0.45345565937500004 0.2512955173227579 0.45084616310009035 0.2480336468750001 0.474055571875 0.26660117330224214 0.4766650681499097