4 1 0.45781250000000007 0.709375 0.4578125 0.7093750000000001 0.7734375000000001 1 0.7734375000000002
4 0.83125 0.721875 0.5984375 0.721875 0.5984375000000001 1 0.83125 1
4 0.6656250000000001 0.5625 0.4296875 0.5625 0.4296875000000001 0.796875 0.6656250000000001 0.796875
4 0.3375 0.3609375 0.10625000000000004 0.3609375 0.10625000000000007 0.55 0.3375000000000001 0.55
4 0.4625000000000001 0.5546875 0.1937500000000001 0.5546875 0.1937500000000001 0.8515625 0.4625000000000002 0.8515625
0 0.07343750000000007 0.5265625 6.448530801760282e-17 0.5265625 7.921933981984441e-17 0.7671875 0.07343750000000009 0.7671875
0 0.5609375000000002 0.8078125 0.4203125000000002 0.8078125 0.4203125000000002 1 0.5609375000000002 1
4 0.48906250000000007 0.6125 0.2718750000000001 0.6125 0.2718750000000001 0.990625 0.4890625000000002 0.990625
4 0.09218750000000005 0.315625 0.014062500000000039 0.315625 0.014062500000000044 0.425 0.09218750000000005 0.425
4 0.9546875 0.8296875 0.915625 0.8296875 0.915625 0.8953125 0.9546875 0.8953125
2 0.9515625 0.6640625000000002 0.896875 0.6640625000000002 0.896875 0.7328125000000002 0.9515625 0.7328125000000002
2 0.4953125 0.6 0.45625 0.6 0.45625 0.6421875 0.4953125 0.6421875
2 0.921875 0.6031250000000001 0.890625 0.6031250000000001 0.890625 0.6453125000000002 0.921875 0.6453125000000002
4 0.3375000000000001 0.4171875 0.2656250000000001 0.4171875 0.2656250000000001 0.540625 0.3375000000000001 0.540625
2 0.9 0.5906250000000002 0.865625 0.5906250000000002 0.865625 0.6375000000000002 0.9 0.6375000000000002
4 0.0625000000000001 0.80625 0.0359375000000001 0.80625 0.0359375000000001 0.8453125 0.06250000000000011 0.8453125
4 0.928125 0.85625 0.8921875 0.85625 0.8921875 0.9109375 0.928125 0.9109375
2 0.04687500000000011 0.9078125 0.02187500000000011 0.9078125 0.021875000000000113 0.940625 0.04687500000000011 0.940625
4 0.9421875 0.896875 0.8953125 0.896875 0.8953125 0.9765625 0.9421875 0.9765625
0 0.9859375 0.7093750000000002 0.9265625 0.7093750000000002 0.9265625 0.83125 0.9859375 0.83125
4 0.4125000000000001 0.6515625 0.3156250000000001 0.6515625 0.3156250000000001 0.8109375 0.4125000000000002 0.8109375
4 0.9328125 0.9890625 0.89375 0.9890625 0.89375 1 0.9328125 1
2 0.2046875 1.4351329677508044e-17 0.0296875 3.6356701849687045e-18 0.029687500000000006 0.10156250000000003 0.2046875 0.10156250000000004
2 0.3640625 4.267128690779059e-17 0.3328125 4.075777628412285e-17 0.3328125 0.028125000000000046 0.3640625 0.028125000000000046
2 0.1859375 1.8082675393660138e-17 0.109375 1.3394574365674177e-17 0.109375 0.03593750000000002 0.1859375 0.035937500000000025
0 0.2062500000000001 0.9125 0.13906250000000014 0.9125 0.13906250000000014 0.971875 0.2062500000000001 0.971875
4 1 0.034375000000000114 0.8984375 0.034375000000000114 0.8984375 0.16250000000000012 1 0.16250000000000014
2 0.13906250000000014 0.9109375 0.07656250000000012 0.9109375 0.07656250000000012 0.9734375 0.13906250000000014 0.9734375
4 0.2906250000000001 0.4328125 0.2234375000000001 0.4328125 0.2234375000000001 0.6328125 0.2906250000000001 0.6328125
4 1 0.012500000000000091 0.4984375 0.012500000000000061 0.4984375 0.3359375000000001 1 0.3359375000000001
2 0.2890625000000001 0.64375 0.2562500000000001 0.64375 0.2562500000000001 0.678125 0.2890625000000001 0.678125
2 0.15781250000000005 0.3421875 0.12656250000000005 0.3421875 0.12656250000000005 0.4 0.15781250000000005 0.4
2 0.296875 0.018750000000000034 0.228125 0.018750000000000027 0.228125 0.06875000000000003 0.296875 0.06875000000000005
2 0.028125000000000115 0.9078125 1.1117496723509566e-16 0.9078125 1.1471496188888098e-16 0.965625 0.028125000000000122 0.965625
2 0.234375 0.02500000000000003 0.190625 0.025000000000000022 0.190625 0.06718750000000002 0.234375 0.06718750000000002
4 0.12656250000000002 0.046875000000000014 0.04843750000000001 0.046875000000000014 0.04843750000000002 0.271875 0.12656250000000005 0.271875
0 0.09687500000000009 0.6390625 0.06562500000000009 0.6390625 0.06562500000000009 0.734375 0.09687500000000009 0.734375
4 0.746875 0.01406250000000008 0.603125 0.014062500000000071 0.603125 0.1859375000000001 0.746875 0.1859375000000001
4 0.2890625 0.06562500000000003 0.15625 0.06562500000000002 0.15625000000000003 0.29375 0.2890625 0.29375
4 0.85625 0.026562500000000093 0.7359375 0.02656250000000009 0.7359375 0.19531250000000008 0.85625 0.19531250000000008
0 0.471875 0.53125 0.3687500000000001 0.53125 0.3687500000000001 0.66875 0.471875 0.66875
2 0.1109375 8.706473337688215e-18 0.03125 3.827021247335479e-18 0.03125 0.03906250000000001 0.1109375 0.039062500000000014
0 0.8 0.026562500000000093 0.746875 0.02656250000000009 0.746875 0.07031250000000008 0.8 0.07031250000000008
4 0.8796875 0.1140625000000001 0.78125 0.1140625000000001 0.78125 0.19687500000000008 0.8796875 0.19687500000000008
2 0.5703125 0.04687500000000007 0.540625 0.04687500000000007 0.540625 0.07968750000000006 0.5703125 0.07968750000000006
2 0.7421875 0.04375000000000009 0.7140625 0.04375000000000009 0.7140625 0.0750000000000001 0.7421875 0.0750000000000001
2 0.8828125 0.0453125000000001 0.8484375 0.0453125000000001 0.8484375 0.0796875000000001 0.8828125 0.0796875000000001
4 0.9828125 0.06093750000000011 0.9359375 0.06093750000000011 0.9359375 0.09843750000000011 0.9828125 0.09843750000000011
2 0.5 0.10468750000000004 0.4703125 0.10468750000000004 0.4703125 0.14062500000000006 0.5 0.14062500000000006
0 0.8046875 0.0265625000000001 0.7796875 0.0265625000000001 0.7796875 0.06250000000000008 0.8046875 0.06250000000000008
2 0.515625 0.057812500000000065 0.490625 0.057812500000000065 0.490625 0.09218750000000006 0.515625 0.09218750000000006
0 1 0.2250000000000001 0.9734375 0.2250000000000001 0.9734375 0.3031250000000001 1 0.3031250000000001
2 0.865625 0.08906250000000011 0.834375 0.08906250000000011 0.834375 0.12656250000000008 0.865625 0.12656250000000008
2 0.709375 0.1296875000000001 0.6828125 0.1296875000000001 0.6828125 0.1625000000000001 0.709375 0.1625000000000001
2 0.7015625 0.0906250000000001 0.678125 0.0906250000000001 0.678125 0.12343750000000009 0.7015625 0.12343750000000009
0 0.8609375 0.1312500000000001 0.8390625 0.1312500000000001 0.8390625 0.1593750000000001 0.8609375 0.1593750000000001
2 0.8046875 0.0671875000000001 0.7734375 0.0671875000000001 0.7734375 0.10312500000000009 0.8046875 0.10312500000000009
4 0.6828125 0.45 0.6109375 0.45 0.6109375 0.5625 0.6828125 0.5625
0 0.296875 0.003125000000000033 0.25 0.0031250000000000305 0.25 0.039062500000000035 0.296875 0.039062500000000035
0 0.3218750000000001 0.5390625 0.2843750000000001 0.5390625 0.2843750000000001 0.5953125 0.3218750000000001 0.5953125
2 0.921875 0.057812500000000114 0.890625 0.057812500000000114 0.890625 0.08437500000000012 0.921875 0.08437500000000012