2 0.7898506453125 0.2138475750000001 0.6321342796531206 0.20833999785949878 0.6220188780906206 0.4980071837969987 0.77973524375 0.5035147609375
2 0.7204510106628705 0.007393546919973515 0.5119843294147738 0.00011372967797624866 0.5066403437500001 0.15314545000000007 0.7151070249980969 0.16042526724199732
2 0.6810454531250001 0.10607842812500008 0.496001995297844 0.09961656760719247 0.48564120623534396 0.3963107207321925 0.6706846640624999 0.4027725812500001
4 0.07922967187500009 0.640088165625 6.583289469119791e-12 0.6373214044989814 -0.008779404680916699 0.8887306591864815 0.0704502671875001 0.8914974203125
1 0.3740599031250001 0.47996755000000013 0.12733529198660093 0.4713517374929845 0.113430024998097 0.8695465203669974 0.3601546361364961 0.8781623328740128
1 0.8152467828125001 0.8745113468750002 0.41783277339557856 0.8606333437485361 0.41306135781250014 0.9972688078124999 0.8104753672294219 1.011146810938964
2 0.9874805902334499 0.8672365375408905 0.9000338920802327 0.8641828312462542 0.8952910515625001 1.0000000000000002 0.9827377497157175 1.0030537062946365
2 0.7262286515942565 0.647829069403115 0.6661090468769032 0.6457296468205028 0.6609559187201468 0.7932959492923878 0.7210755234375001 0.795395371875
4 0.25217489531250004 0.29904110937500006 0.1826860015331338 0.29661450396593947 0.1743973718456338 0.5339698258409394 0.24388626562500004 0.53639643125
4 0.08010222504685291 0.12261588615831012 0.012955653181400368 0.12027107650990587 0.0061938765625000405 0.31390305 0.07334044842795258 0.3162478596484043
4 0.15634291250000007 0.4465677406250001 0.032199832812500065 0.44223256875000005 0.02857355697781126 0.5460755219004156 0.15271663666531127 0.5504106937754157