0 0.8515625 0.22656250000000006 0.240625 0.2265625 0.24062500000000003 1 0.8515625 1
0 0.953125 0.5296875000000001 0.5265625 0.5296875 0.5265625 1 0.953125 1
0 1 0.09218750000000012 0.8734375 0.09218750000000012 0.8734375 0.4078125000000002 1 0.4078125000000002
2 0.12812500000000004 0.03906250000000001 4.783776559169349e-18 0.0390625 5.013397834009477e-17 0.7796875 0.1281250000000001 0.7796875
0 0.89375 0.39531250000000007 0.4859375 0.39531250000000007 0.4859375000000001 0.9984375 0.89375 0.9984375
0 1 0.06250000000000012 0.8734375 0.06250000000000011 0.8734375 0.3296875000000001 1 0.3296875000000001
2 0.13281250000000006 0.025000000000000005 3.061616997868383e-18 0.025 5.0421004933644933e-17 0.7984375 0.13281250000000008 0.7984375
2 0.10781250000000005 0.25625 0.08281250000000002 0.25625 0.08281250000000004 0.2953125 0.10781250000000005 0.2953125
0 0.5140625 0.2093750000000001 0.3921875 0.2093750000000001 0.3921875 0.471875 0.5140625 0.471875
4 0.503125 0.3109375000000001 0.4578125 0.3109375000000001 0.4578125 0.3609375000000001 0.503125 0.3609375000000001
4 0.8359375 0.5468750000000002 0.784375 0.5468750000000002 0.784375 0.6156250000000002 0.8359375 0.6156250000000002
2 0.3343750000000001 0.615625 0.27812500000000007 0.615625 0.27812500000000007 0.70625 0.3343750000000001 0.70625
4 0.93125 0.5265625000000002 0.9078125 0.5265625000000002 0.9078125 0.5718750000000001 0.93125 0.5718750000000001
4 0.5 0.19531250000000006 0.4515625 0.19531250000000006 0.4515625 0.2515625000000001 0.5 0.2515625000000001
2 0.1609375000000001 0.559375 0.14062500000000008 0.559375 0.14062500000000008 0.5921875 0.1609375000000001 0.5921875
4 0.8171875 0.4750000000000002 0.775 0.4750000000000002 0.775 0.5421875000000002 0.8171875 0.5421875000000002
4 0.4046875 0.6328125 0.3593750000000001 0.6328125 0.3593750000000001 0.71875 0.4046875 0.71875
2 0.26093750000000004 0.3421875 0.2296875 0.3421875 0.22968750000000004 0.384375 0.2609375000000001 0.384375
4 0.9671875 0.7312500000000002 0.934375 0.7312500000000002 0.934375 0.7796875000000002 0.9671875 0.7796875000000002
4 0.3140625000000001 0.8859375 0.2687500000000001 0.8859375 0.2687500000000001 0.9734375 0.3140625000000001 0.9734375
4 0.65 0.07500000000000008 0.625 0.07500000000000007 0.625 0.10937500000000008 0.65 0.10937500000000008
4 0.5921875 0.10937500000000008 0.5703125 0.10937500000000008 0.5703125 0.1437500000000001 0.5921875 0.1437500000000001
4 0.84375 0.3968750000000001 0.690625 0.3968750000000001 0.690625 0.6796875000000001 0.84375 0.6796875000000002
0 0.4046875 0.014062500000000044 0.30625 0.014062500000000039 0.30625 0.15781250000000005 0.4046875 0.15781250000000005
0 0.84375 0.2921875000000001 0.7578125 0.2921875000000001 0.7578125 0.4359375000000002 0.84375 0.4359375000000002
4 0.9 0.8875 0.8640625 0.8875 0.8640625 0.959375 0.9 0.959375
4 0.5890625 0.18750000000000008 0.5671875 0.18750000000000008 0.5671875 0.2296875000000001 0.5890625 0.2296875000000001
4 0.4640625 0.2828125000000001 0.4375 0.2828125000000001 0.4375 0.3203125000000001 0.4640625 0.3203125000000001
2 0.3859375 0.06875000000000005 0.340625 0.06875000000000005 0.340625 0.13593750000000004 0.3859375 0.13593750000000004
4 0.38750000000000007 0.7625 0.3312500000000001 0.7625 0.3312500000000001 0.853125 0.38750000000000007 0.853125
4 0.9875 0.7421875000000002 0.9578125 0.7421875000000002 0.9578125 0.8 0.9875 0.8
2 0.11093750000000006 0.5359375 0.07968750000000006 0.5359375 0.07968750000000006 0.6015625 0.11093750000000009 0.6015625
4 0.7437500000000001 0.8921875 0.7078125000000002 0.8921875 0.7078125000000002 0.9515625 0.7437500000000001 0.9515625
4 0.7812500000000002 0.8703125 0.7390625000000002 0.8703125 0.7390625000000002 0.946875 0.7812500000000002 0.946875
2 0.23125 0.3203125 0.20625 0.3203125 0.20625 0.353125 0.23125 0.353125
4 0.33281250000000007 0.859375 0.2906250000000001 0.859375 0.2906250000000001 0.928125 0.33281250000000007 0.928125
2 0.134375 0.03750000000000001 0.1 0.03750000000000001 0.1 0.08906250000000002 0.134375 0.08906250000000002
4 0.8640625 0.6781250000000002 0.8359375 0.6781250000000002 0.8359375 0.7375000000000002 0.8640625 0.7375000000000002
2 0.2000000000000001 0.646875 0.1546875000000001 0.646875 0.1546875000000001 0.7234375 0.2000000000000001 0.7234375
4 0.9671875 0.9109375 0.9359375 0.9109375 0.9359375 0.9640625 0.9671875 0.9640625
4 0.6062500000000002 0.796875 0.5437500000000002 0.796875 0.5437500000000002 0.9375 0.6062500000000002 0.9375
4 0.803125 0.36406250000000007 0.7703125 0.36406250000000007 0.7703125 0.40937500000000016 0.803125 0.40937500000000016
4 0.484375 0.3937500000000001 0.4484375 0.3937500000000001 0.4484375 0.4390625 0.484375 0.4390625
4 0.8765625 0.8890625 0.8328125 0.8890625 0.8328125 0.9640625 0.8765625 0.9640625
4 0.4171875 0.50625 0.3703125000000001 0.50625 0.3703125000000001 0.5625 0.4171875 0.5625
4 0.4234375 0.59375 0.37187500000000007 0.59375 0.37187500000000007 0.6578125 0.4234375 0.6578125
4 0.8296875 0.3125000000000001 0.796875 0.3125000000000001 0.796875 0.35625000000000007 0.8296875 0.35625000000000007
4 0.1281250000000001 0.8 0.0984375000000001 0.8 0.0984375000000001 0.853125 0.1281250000000001 0.853125
4 0.9203125 0.4937500000000002 0.8921875 0.4937500000000002 0.8921875 0.5359375000000002 0.9203125 0.5359375000000002
4 0.3531250000000001 0.9015625 0.30937500000000007 0.9015625 0.30937500000000007 0.975 0.3531250000000001 0.975
4 0.790625 0.3359375000000001 0.75625 0.3359375000000001 0.75625 0.3828125000000001 0.790625 0.3828125000000001
4 0.4546875 0.2468750000000001 0.4296875 0.2468750000000001 0.4296875 0.2843750000000001 0.4546875 0.2843750000000001
4 0.7625 0.4953125000000001 0.725 0.4953125 0.725 0.5546875000000001 0.7625 0.5546875000000002
4 0.2593750000000001 0.8375 0.2296875000000001 0.8375 0.2296875000000001 0.8828125 0.2593750000000001 0.8828125
4 0.3062500000000001 0.6953125 0.2687500000000001 0.6953125 0.2687500000000001 0.7671875 0.3062500000000001 0.7671875
0 0.7562500000000001 0.5375000000000001 0.5578125 0.5375 0.5578125 0.8515625 0.7562500000000002 0.8515625
4 0.1531250000000001 0.8078125 0.12343750000000009 0.8078125 0.12343750000000009 0.85625 0.1531250000000001 0.85625
4 0.834375 0.809375 0.7703125000000002 0.809375 0.7703125000000002 0.9078125 0.834375 0.9078125
4 0.375 0.28437500000000004 0.3515625 0.284375 0.3515625 0.31718750000000007 0.375 0.31718750000000007
0 0.73125 0.3234375000000001 0.61875 0.3234375000000001 0.61875 0.5296875000000001 0.73125 0.5296875000000002
4 0.8390625 0.890625 0.7953125000000002 0.890625 0.7953125000000002 0.9640625 0.8390625 0.9640625
4 0.4859375 0.3578125000000001 0.4484375 0.3578125000000001 0.4484375 0.403125 0.4859375 0.403125
4 0.3578125000000001 0.4546875 0.3265625000000001 0.4546875 0.3265625000000001 0.4921875 0.3578125000000001 0.4921875
4 0.8046875 0.6796875000000002 0.7671875 0.6796875000000002 0.7671875000000001 0.7390625000000002 0.8046875 0.7390625000000002
4 0.5796875000000001 0.8875 0.5375000000000002 0.8875 0.5375000000000002 0.96875 0.5796875000000001 0.96875
4 0.65 0.3984375000000001 0.59375 0.3984375000000001 0.59375 0.4671875 0.65 0.4671875
4 0.2234375000000001 0.6796875 0.1859375000000001 0.6796875 0.1859375000000001 0.734375 0.2234375000000001 0.734375
4 0.6375000000000002 0.8078125 0.6031250000000001 0.8078125 0.6031250000000001 0.871875 0.6375000000000002 0.871875
0 0.30312500000000003 0.2671875 0.18750000000000006 0.2671875 0.18750000000000006 0.4625 0.3031250000000001 0.4625
4 0.0640625000000001 0.878125 0.018750000000000107 0.878125 0.01875000000000011 0.94375 0.0640625000000001 0.94375
4 0.2171875000000001 0.3984375 0.18750000000000006 0.3984375 0.18750000000000006 0.4421875 0.2171875000000001 0.4421875
4 0.6875 0.4625 0.6390625 0.4625 0.6390625 0.5375 0.6875 0.5375
2 0.0734375000000001 0.7265625 0.028125000000000087 0.7265625 0.028125000000000094 0.834375 0.07343750000000011 0.834375
2 0.11250000000000009 0.596875 0.07187500000000006 0.596875 0.07187500000000008 0.6546875 0.11250000000000009 0.6546875
4 0.728125 0.31718750000000007 0.678125 0.31718750000000007 0.678125 0.3843750000000001 0.728125 0.3843750000000001
2 0.15156250000000004 0.228125 0.12968750000000004 0.228125 0.12968750000000004 0.2828125 0.15156250000000004 0.2828125
4 0.8984375 0.37187500000000007 0.8734375 0.37187500000000007 0.8734375 0.4187500000000002 0.8984375 0.4187500000000002
4 0.675 0.4953125 0.61875 0.4953125 0.61875 0.56875 0.675 0.56875
4 0.85625 0.49218750000000017 0.8328125 0.49218750000000017 0.8328125 0.5390625000000002 0.85625 0.5390625000000002
4 0.4281250000000002 0.7953125 0.3609375000000001 0.7953125 0.3609375000000001 0.8953125 0.4281250000000002 0.8953125
4 0.6328125 0.017187500000000074 0.5953125 0.01718750000000007 0.5953125 0.05312500000000007 0.6328125 0.05312500000000007
4 0.7250000000000002 0.9328125 0.6796875000000002 0.9328125 0.6796875000000002 1 0.7250000000000002 1
4 0.459375 0.15781250000000005 0.4203125 0.15781250000000005 0.4203125 0.20312500000000008 0.459375 0.20312500000000008
2 1 0.18906250000000013 0.9828125 0.18906250000000013 0.9828125 0.2531250000000001 1 0.2531250000000001
4 0.4734375000000002 0.8875 0.3968750000000001 0.8875 0.3968750000000001 0.9890625 0.4734375000000002 0.9890625
4 0.9875 0.6265625000000001 0.965625 0.6265625000000001 0.965625 0.6640625000000002 0.9875 0.6640625000000002
4 0.7906250000000001 0.9328125 0.7515625000000001 0.9328125 0.7515625000000001 1 0.7906250000000001 1
4 0.7171875000000002 0.80625 0.6531250000000002 0.80625 0.6531250000000002 0.8890625 0.7171875000000002 0.8890625
4 0.7328125000000001 0.6765625000000001 0.7015625 0.6765625 0.7015625000000001 0.7468750000000001 0.7328125000000002 0.7468750000000002
4 0.11718750000000008 0.6421875 0.09375000000000008 0.6421875 0.09375000000000008 0.6796875 0.11718750000000008 0.6796875
4 0.4859375000000002 0.821875 0.4500000000000002 0.821875 0.4500000000000002 0.8796875 0.4859375000000002 0.8796875
4 0.9171875 0.7812500000000002 0.890625 0.7812500000000002 0.890625 0.828125 0.9171875 0.828125
4 0.23437500000000008 0.415625 0.2093750000000001 0.415625 0.2093750000000001 0.4515625 0.23437500000000008 0.4515625
2 0.9796875 0.18750000000000014 0.9125 0.18750000000000014 0.9125 0.2843750000000001 0.9796875 0.2843750000000001
2 1 0.22656250000000008 0.9375 0.22656250000000008 0.9375 0.3312500000000001 1 0.3312500000000001
4 0.9921875 0.5968750000000002 0.9703125 0.5968750000000002 0.9703125 0.6343750000000001 0.9921875 0.6343750000000001
2 0.9015625 0.2656250000000001 0.871875 0.2656250000000001 0.871875 0.3156250000000001 0.9015625 0.3156250000000001
4 0.6546875 0.4203125 0.50625 0.4203125 0.50625 0.65625 0.6546875 0.65625
4 0.91875 0.7453125000000002 0.8765625 0.7453125000000002 0.8765625 0.8109375 0.91875 0.8109375
4 0.859375 0.946875 0.8234375 0.946875 0.8234375 0.990625 0.859375 0.990625
0 0.0828125000000001 0.74375 9.10831056865844e-17 0.74375 1.0380795133397485e-16 0.9515625 0.08281250000000011 0.9515625
4 0.14531250000000012 0.940625 0.11093750000000013 0.940625 0.11093750000000013 0.98125 0.14531250000000012 0.98125
4 0.5296875000000002 0.9421875 0.4968750000000002 0.9421875 0.4968750000000002 0.9953125 0.5296875000000002 0.9953125
4 0.40625000000000017 0.8859375 0.3546875000000001 0.8859375 0.3546875000000001 0.9671875 0.40625000000000017 0.9671875
0 0.20781250000000004 0.1921875 0.08906250000000002 0.1921875 0.08906250000000004 0.4703125 0.2078125000000001 0.4703125
0 0.09843750000000004 0.246875 0.07187500000000002 0.246875 0.07187500000000004 0.4515625 0.09843750000000004 0.4515625
2 0.7203125 0.3625000000000001 0.6390625 0.3625000000000001 0.6390625 0.4421875 0.7203125 0.4421875
2 0.7140625 0.1609375000000001 0.671875 0.1609375000000001 0.671875 0.2578125000000001 0.7140625 0.2578125000000001
4 0.1046875 0.037500000000000006 0.0265625 0.0375 0.02656250000000001 0.1375 0.1046875 0.1375
4 0.4171875 3.0616169978683824e-17 0.0828125 1.0141606305439019e-17 0.08281250000000004 0.571875 0.4171875 0.571875
2 0.79375 0.2156250000000001 0.75 0.2156250000000001 0.75 0.3078125000000001 0.79375 0.3078125000000001
4 0.035937500000000094 0.7609375 9.318796737261892e-17 0.7609375 9.825877052533841e-17 0.84375 0.0359375000000001 0.84375
4 0.659375 0.2843750000000001 0.628125 0.2843750000000001 0.628125 0.3359375000000001 0.659375 0.3359375000000001
2 0.3296875 0.09531250000000005 0.3046875 0.09531250000000005 0.3046875 0.14375000000000004 0.3296875 0.14375000000000004
4 1 6.23804463315683e-17 0.01875 2.296212748401287e-18 0.018750000000000062 1 1 1
2 0.2265625 0.2734375 0.19531250000000006 0.2734375 0.19531250000000006 0.3203125 0.2265625 0.3203125
0 0.2515625000000001 0.5671875 6.946043563913895e-17 0.5671875 9.40490471532694e-17 0.96875 0.2515625000000001 0.96875
0 0.12187500000000004 0.2203125 0.08281250000000002 0.2203125 0.08281250000000004 0.4515625 0.12187500000000004 0.4515625
4 0.503125 0.009375000000000046 0.2734375 0.009375000000000033 0.27343750000000006 0.4828125 0.503125 0.4828125
4 0.834375 0.27812500000000007 0.803125 0.27812500000000007 0.803125 0.3187500000000001 0.834375 0.3187500000000001
2 0.16562500000000005 0.328125 0.13750000000000004 0.328125 0.13750000000000004 0.3734375 0.16562500000000005 0.3734375
4 0.2375 1.8752404111943843e-17 0.06875 8.419446744138053e-18 0.06875 0.17500000000000002 0.2375 0.17500000000000004
4 0.996875 0.2609375000000001 0.715625 0.2609375000000001 0.7156250000000001 0.7312500000000001 0.996875 0.7312500000000002
2 0.04843750000000003 0.2140625 0.010937500000000025 0.2140625 0.010937500000000029 0.2796875 0.048437500000000036 0.2796875
4 0.7578125 0.004687500000000078 0.509375 0.004687500000000062 0.509375 0.2906250000000001 0.7578125 0.2906250000000001
0 1 0.08593750000000012 0.9640625 0.08593750000000011 0.9640625 0.17812500000000014 1 0.17812500000000014
4 0.4781250000000002 0.734375 0.44062500000000016 0.734375 0.44062500000000016 0.7796875 0.4781250000000002 0.7796875
4 0.6796875 0.4125 0.6265625 0.4125 0.6265625 0.484375 0.6796875 0.484375
4 0.017187500000000112 0.8984375 1.1002686086089502e-16 0.8984375 1.1280145126521325e-16 0.94375 0.017187500000000116 0.94375
0 0.06250000000000006 0.23125 2.8319957230282545e-17 0.23125 5.692694105411524e-17 0.6984375 0.06250000000000008 0.6984375
2 0.515625 0.6078125 0.45625 0.6078125 0.45625 0.6734375 0.515625 0.6734375
0 0.9671875 0.09687500000000011 0.921875 0.09687500000000011 0.921875 0.17031250000000014 0.9671875 0.17031250000000014
4 0.032812500000000105 0.8484375 0.0031250000000001043 0.8484375 0.003125000000000106 0.884375 0.03281250000000011 0.884375
0 1 0.028125000000000115 0.9125 0.02812500000000011 0.9125 0.13437500000000013 1 0.13437500000000013
4 0.540625 0.434375 0.4734375 0.434375 0.4734375 0.534375 0.540625 0.534375
4 0.5359375 0.4 0.484375 0.4 0.484375 0.4703125 0.5359375 0.4703125
0 0.08906250000000007 0.471875 0.05937500000000007 0.471875 0.05937500000000007 0.515625 0.08906250000000007 0.515625
0 0.04687500000000004 0.265625 0.018750000000000034 0.265625 0.018750000000000044 0.46875 0.046875000000000056 0.46875
2 0.5015625 0.6078125 0.4046875 0.6078125 0.4046875 0.725 0.5015625 0.725
4 0.02968750000000008 0.5046875 6.180639314446799e-17 0.5046875 7.280907923055748e-17 0.684375 0.02968750000000009 0.684375
4 0.928125 0.6234375000000002 0.825 0.6234375000000002 0.825 0.7859375000000002 0.928125 0.7859375000000002
2 0.4984375 0.671875 0.4640625 0.671875 0.4640625 0.7125 0.4984375 0.7125
4 0.2828125000000001 0.490625 0.15625000000000006 0.490625 0.15625000000000006 0.66875 0.2828125000000001 0.66875
4 0.840625 0.5953125000000001 0.7453125 0.5953125000000001 0.7453125 0.7312500000000002 0.840625 0.7312500000000002
2 0.10000000000000005 0.2046875 0.03906250000000002 0.2046875 0.03906250000000004 0.475 0.10000000000000005 0.475
4 0.246875 0.08125000000000002 0.1421875 0.08125000000000002 0.14218750000000002 0.1921875 0.246875 0.19218750000000004
4 0.6468750000000002 0.7421875 0.5890625000000002 0.7421875 0.5890625000000002 0.8453125 0.6468750000000002 0.8453125
4 0.04375000000000006 0.465625 0.020312500000000056 0.465625 0.02031250000000006 0.509375 0.04375000000000007 0.509375
4 0.3796875 3.185995188406787e-17 0.140625 1.7221595613009655e-17 0.14062500000000003 0.20625000000000004 0.3796875 0.2062500000000001
4 0.1359375 1.0141606305439019e-17 0.0296875 3.6356701849687045e-18 0.029687500000000006 0.054687500000000014 0.1359375 0.05468750000000002
4 0.15781250000000008 0.5046875 0.07500000000000007 0.5046875 0.07500000000000008 0.65625 0.15781250000000008 0.65625
2 0.9375 0.1437500000000001 0.8921875 0.1437500000000001 0.8921875 0.2296875000000001 0.9375 0.2296875000000001
0 0.95 0.08437500000000012 0.91875 0.08437500000000012 0.91875 0.12343750000000013 0.95 0.12343750000000013
2 0.08750000000000002 0.1390625 0.059375000000000025 0.1390625 0.059375000000000025 0.2046875 0.08750000000000002 0.2046875
4 0.909375 0.10625000000000011 0.8609375 0.1062500000000001 0.8609375 0.1656250000000001 0.909375 0.16562500000000013
0 0.9875 0.0875000000000001 0.9640625 0.0875000000000001 0.9640625 0.13125000000000014 0.9875 0.13125000000000014
4 0.05781250000000001 0.0546875 0.03281250000000001 0.0546875 0.03281250000000001 0.1171875 0.057812500000000024 0.1171875
4 0.2234375 2.3536180671113197e-17 0.1609375 1.9709159423777714e-17 0.1609375 0.10468750000000002 0.2234375 0.10468750000000004
0 0.08437500000000005 0.3484375 0.07343750000000004 0.3484375 0.07343750000000004 0.4328125 0.08437500000000005 0.4328125
0 0.1015625 0.046875000000000014 0.0921875 0.046875000000000014 0.0921875 0.1046875 0.1015625 0.1046875
0 0.9421875 0.5921875000000002 0.8765625 0.5921875000000002 0.8765625 0.7125000000000001 0.9421875 0.7125000000000001
0 0.18125 0.034375000000000024 0.16875 0.034375000000000024 0.16875 0.1171875 0.18125 0.1171875
4 0.9 0.0171875000000001 0.746875 0.017187500000000088 0.746875 0.1671875000000001 0.9 0.1671875000000001
2 0.08281250000000001 0.0640625 0.0703125 0.0640625 0.07031250000000001 0.109375 0.08281250000000002 0.109375
0 0.017187500000000067 0.509375 0.0031250000000000626 0.509375 0.003125000000000066 0.571875 0.01718750000000007 0.571875
4 0.084375 0.059375 0.04843750000000001 0.059375 0.04843750000000001 0.115625 0.08437500000000002 0.115625
1 0.9046875 0.1515625000000001 0.8484375 0.1515625000000001 0.8484375 0.2156250000000001 0.9046875 0.2156250000000001
0 0.03750000000000009 0.73125 8.955229718765019e-17 0.73125 9.146580781131793e-17 0.7625 0.03750000000000009 0.7625
0 0.06562500000000002 0.0625 0.053125 0.0625 0.05312500000000001 0.1125 0.06562500000000002 0.1125
0 0.7031250000000001 0.6890625 0.646875 0.6890625 0.6468750000000001 0.734375 0.7031250000000002 0.734375
4 0.012500000000000113 0.89375 1.094528076737947e-16 0.89375 1.1433225976414744e-16 0.9734375 0.012500000000000117 0.9734375
0 0.9109375 0.1984375000000001 0.896875 0.1984375000000001 0.896875 0.22812500000000008 0.9109375 0.22812500000000008
2 0.996875 0.5015625000000001 0.834375 0.5015625000000001 0.834375 1 0.996875 1
0 0.9703125 0.14062500000000014 0.9296875 0.14062500000000014 0.9296875 0.18437500000000012 0.9703125 0.18437500000000012
0 0.903125 0.18906250000000008 0.890625 0.18906250000000008 0.890625 0.2140625000000001 0.903125 0.2140625000000001
0 0.975 0.95 0.004687500000000117 0.95 0.0046875000000001195 1 0.975 1
4 0.975 0.95 0.0031250000000001164 0.95 0.0031250000000001194 1 0.975 1