0 0.7276497070442409 0.24741217195847817 0.42463131659874415 0.21556365462561927 0.4051955546875 0.4004825703125 0.7082139451329967 0.4323310876453589
0 0.4722806485477541 0.016327932824088225 0.05271672353218733 -0.027770012340304257 0.01809167029693331 0.3016653657731076 0.4376555953125001 0.3457633109375001
0 0.20251591562500018 0.29591142656249997 0.020704881277966852 0.27680231692141344 -0.049525179701658824 0.9449967157597114 0.1322858546453745 0.964105825400798
0 0.2644918906250001 0.707770890625 0.050048106287763364 0.6852319402657067 0.021956081250000103 0.9525097 0.23639986558723688 0.9750486503592934
4 1.0271495546026423 0.26789312692217737 0.9245894843811989 0.25711362918083197 0.851256234375 0.9548328968750004 0.9538163045964435 0.9656123946163457
4 1.0062438626768118 0.4667975059657822 0.4577028796875001 0.40914352500000006 0.3966190584907186 0.9903172577195584 0.9451600414800303 1.0479712386853404
0 0.4408709455670608 0.5094963531517556 0.24196656573420192 0.4885906607847522 0.2150178217296413 0.7449908373204968 0.4139222015625002 0.7658965296875
4 0.9982409016255771 0.5429405884623625 0.8646020218749999 0.5288945765625002 0.8188708202494229 0.9639979068501378 0.9525097 0.9780439187500001
0 0.6067225298060379 0.4562282551221871 0.44666666250000003 0.4394057062500001 0.4246176905064621 0.649187669877813 0.5846735578125 0.66601021875
0 0.5319747546875002 0.4797940812500001 0.32530067335452556 0.4580717601644502 0.29459543741702554 0.7502125679769501 0.5012695187500003 0.7719348890625001
0 0.15950025312500007 0.31652800625 0.01809167027708889 0.3016653656212781 -0.0052639077484163245 0.523878851951434 0.13614467509949485 0.5387414925801559
0 0.6834349062500003 0.44386666406250014 0.5544578483115402 0.43031062932342856 0.5395952076865402 0.5717192121359286 0.6685722656250002 0.5852752468750002
4 1.0051005828280206 0.47767508974930156 0.744038584375 0.4502363671875001 0.7174164905634847 0.7035286623293092 0.9784784890165051 0.7309673848911107
4 0.8471679500000002 0.4406513140625001 0.6715726767863683 0.4221955056825356 0.6542601486170032 0.5869131951671412 0.829855421830635 0.6053690035471057
0 0.34730317502251834 0.47295317009825333 0.26494432968750004 0.46429690625 0.25204159685248173 0.5870582033392467 0.3344004421875001 0.5957144671875001
0 0.442429128125 0.016332625000000055 0.3072363078817996 0.002123286840657668 0.2889438265624999 0.17616461875000003 0.4241366468057003 0.1903739569093424
4 1.0011807655802953 0.5149696607526846 0.932807384375 0.5077833281250002 0.9203946281697046 0.6258828033098156 0.988768009375 0.6330691359375
0 0.7238885227946618 0.25330128134666047 0.6290981538993028 0.2433384124171572 0.6168487248546412 0.35988394825799686 0.7116390937500001 0.36984681718750007
0 0.27026414687500006 0.4884226421875 0.20810652682368538 0.4818896139257263 0.20222680156250009 0.5378314703125 0.26438442161381476 0.5443644985742737
0 0.8900620671875001 0.16707378437500012 0.7222364962244984 0.14943460618162963 0.7075371812500001 0.2892892468750002 0.8753627522130019 0.30692842506837065
4 1.0235563889499317 0.30207981685866236 0.849515057666977 0.28378733592220506 0.8227296390295453 0.5386335721885429 0.9967709703125001 0.5569260531250002
0 0.5595439562500001 0.008217501562500062 0.41968931570844437 -0.00648181329391902 0.39600708593750006 0.21883955468750008 0.5358617264790558 0.23353886954391917
0 0.14454421875000004 0.38408475781250007 0.06373931408603366 0.3755918200885926 0.052469839062500044 0.4828137124999999 0.13327474372646642 0.4913066502239073
0 0.06842883906250001 0.032012343750000005 0.04667367199170684 0.029725783264608695 0.03916068761670684 0.10120704576460868 0.060915854687500014 0.10349360625
0 0.6515066235916545 0.2394092094708184 0.5893490046875001 0.23287618125000004 0.5792228107833456 0.32922049209168164 0.6413804296874999 0.33575352031250005
4 0.19698160951484261 0.46815148304448717 0.03537180156250005 0.45116560781250004 0.00891303421256905 0.7029039640454278 0.1705228421649116 0.719889839277415
0 0.3189399046875 0.055199904687500044 0.21016407198897807 0.043767103603071136 0.1930148703125 0.20693085312499998 0.30179070301102195 0.21836365420942894
0 0.9764899781249998 0.047326975000000104 0.8879153701754443 0.03801740919636963 0.8800757359374998 0.1126065515625001 0.9686503438870553 0.12191611736613055
4 0.7781642765625001 0.06575977031250009 0.7470854672416437 0.06249325573485748 0.7421856953125 0.10911147031250008 0.7732645046333564 0.11237798489014268
0 0.22813504449285715 0.42586374851557746 0.20482593669742938 0.4234138624156465 0.2022127250000001 0.4482769093750001 0.22552183279542787 0.4507267954749311
0 0.4540350892163948 0.4888844657232875 0.35302895937500006 0.4782682937499999 0.34453602171256903 0.5590731984204279 0.44554215155396387 0.5696893703937155
4 0.13827214999999998 0.025213212500000016 0.0978696983280049 0.02096674322927633 0.0944398577030049 0.05359949322927634 0.134842309375 0.05784596250000003
0 0.5205231859374999 0.4691638328125 0.43816433930986765 0.4605075701742741 0.4301613796875001 0.5366506531249999 0.5125202263151324 0.545306915763226
0 0.6597198314029522 0.46022738916975703 0.605331915625 0.45451098906250015 0.5992888639000691 0.5120067874829279 0.6536767796780213 0.5177231875901849
4 0.9625045140624998 0.04585704375000007 0.9298717637721113 0.04242720309447902 0.928891809375 0.05175084531250013 0.9615245596653885 0.055180685968021184
0 0.34468996250000006 0.4978162171875001 0.30428751095835277 0.49356974823909977 0.29906108750000004 0.5432958437500001 0.33946353904164733 0.5475423126984003
0 0.2742679734375001 0.46527686093750004 0.2540667468750001 0.4631536265625 0.25112688398236915 0.49112455481045825 0.27132811054486916 0.49324778918545825
0 0.6041886359375 0.46538857343750006 0.5544625406250001 0.4601621500000001 0.5492361171875002 0.5098882453125 0.5989622125000001 0.51511466875
0 0.27869608642533145 0.019547975051273175 0.23829363331740364 0.01530150613884217 0.23290388437499998 0.06658154218750001 0.27330633748292776 0.07082801109993102
0 0.40072052031250005 0.5476962531250001 0.34011684218750016 0.5413265500000002 0.3337471390625001 0.6019302281250002 0.39435081718750004 0.6082999312500001
0 0.30861798907853594 0.46731608578492934 0.28530888125000003 0.4648662 0.2813890640464642 0.5021607720275708 0.3046981718750001 0.5046106578125001
0 0.825757753125 0.0314843796875001 0.7838013600969769 0.027074585849157562 0.780698171875 0.056599454687500085 0.8226545649030232 0.06100924852584262
0 0.08135503125827658 0.058508648358753836 0.047168340625000006 0.05491548281250001 0.04210524374172345 0.1030876375787462 0.07629193437500002 0.10668080312500001
0 0.3405270531763108 0.029188885449309608 0.30478642187499994 0.02543239375000004 0.3005399530736891 0.06583484580069046 0.33628058437499997 0.06959133750000003
0 0.21327664531249996 0.07394527656250002 0.18064389531250002 0.07051543593750002 0.17623410029038872 0.11247182815552112 0.20886685029038868 0.1159016687805211
0 0.6693701265625001 0.4580994640625001 0.6429531374999999 0.4553229265625001 0.6382166913806501 0.5003872000794222 0.6646336804431501 0.5031637375794221
4 0.7573843727481131 0.02429804852926797 0.6175297307401162 0.009598732758909111 0.61067005 0.07486423281250007 0.7505246920079969 0.08956354858285892
0 0.20885277350122192 0.026347107206226905 0.17932790468749998 0.023243918750000023 0.17573473899877814 0.05743060998127314 0.20525960781250005 0.06053379843750002
0 0.26879421562500005 0.5024081062500001 0.24703904854409445 0.5001215458608225 0.24426251093750007 0.526538534375 0.2660176780184057 0.5288250947641776