0 0.73359375 0.23906250000000004 0.16093750000000004 0.2390625 0.1609375000000001 1 0.7335937500000002 1
0 0.4476562500000001 0.5265625 0.04531250000000007 0.5265625 0.045312500000000096 1 0.4476562500000002 1
0 0.13203125000000002 0.07187500000000001 8.802148868871602e-18 0.071875 2.7745904043182222e-17 0.38125 0.13203125000000004 0.38125
2 0.99921875 0.06562500000000013 0.8953125 0.06562500000000011 0.8953125 0.8015625 0.99921875 0.8015625
0 0.48906250000000007 0.39531250000000007 0.11093750000000005 0.3953125 0.11093750000000009 0.9796875 0.4890625000000002 0.9796875
0 0.13593750000000002 0.043750000000000004 0.0031250000000000054 0.04375 0.0031250000000000214 0.3046875 0.13593750000000004 0.3046875
2 0.99921875 0.05000000000000012 0.890625 0.050000000000000114 0.890625 0.81953125 0.99921875 0.81953125
2 0.9265625 0.27812500000000007 0.903125 0.27812500000000007 0.903125 0.3164062500000001 0.9265625 0.3164062500000001
0 0.609375 0.2140625000000001 0.5015625 0.2140625000000001 0.5015625 0.471875 0.609375 0.471875
4 0.54921875 0.3140625000000001 0.50625 0.3140625000000001 0.50625 0.3625000000000001 0.54921875 0.3625000000000001
4 0.2101562500000001 0.5328125 0.16250000000000003 0.5328125 0.16250000000000006 0.5984375 0.2101562500000001 0.5984375
2 0.71015625 0.6265625 0.6578125 0.6265625 0.6578125 0.71484375 0.71015625 0.71484375
4 0.08906250000000007 0.5046875 0.06718750000000007 0.5046875 0.06718750000000007 0.54921875 0.08906250000000007 0.54921875
4 0.5609375 0.19843750000000007 0.515625 0.19843750000000004 0.515625 0.2523437500000001 0.5609375 0.2523437500000001
2 0.85234375 0.5781250000000002 0.834375 0.5781250000000002 0.834375 0.6093750000000002 0.85234375 0.6093750000000002
4 0.2234375000000001 0.459375 0.18437500000000004 0.459375 0.18437500000000004 0.52421875 0.2234375000000001 0.52421875
4 0.628125 0.640625 0.5875 0.640625 0.5875 0.72421875 0.628125 0.72421875
2 0.7765625 0.3546875000000001 0.746875 0.3546875000000001 0.746875 0.3960937500000001 0.7765625 0.3960937500000001
4 0.05156250000000009 0.7078125 0.02187500000000009 0.7078125 0.021875000000000092 0.75546875 0.05156250000000009 0.75546875
4 0.7070312500000002 0.896875 0.6656250000000001 0.896875 0.6656250000000001 0.98203125 0.7070312500000002 0.98203125
4 0.3953125 0.06875000000000005 0.371875 0.06875000000000005 0.371875 0.10156250000000004 0.3953125 0.10156250000000004
4 0.44765625 0.10468750000000004 0.428125 0.10468750000000004 0.428125 0.13828125000000005 0.44765625 0.13828125000000005
4 0.2992187500000001 0.3859375 0.16093750000000004 0.3859375 0.16093750000000007 0.66171875 0.2992187500000001 0.66171875
0 0.7109375 0.023437500000000083 0.6203125 0.023437500000000076 0.6203125 0.1625000000000001 0.7109375 0.1625000000000001
0 0.24687500000000004 0.278125 0.16875000000000004 0.278125 0.16875000000000004 0.41875 0.2468750000000001 0.41875
4 0.11171875000000012 0.86875 0.0796875000000001 0.86875 0.0796875000000001 0.93828125 0.11171875000000013 0.93828125
4 0.4484375 0.18437500000000004 0.428125 0.18437500000000004 0.428125 0.2250000000000001 0.4484375 0.2250000000000001
4 0.57109375 0.28593750000000007 0.546875 0.28593750000000007 0.546875 0.3226562500000001 0.57109375 0.3226562500000001
2 0.67734375 0.07812500000000008 0.6359375 0.07812500000000008 0.6359375 0.1437500000000001 0.67734375 0.1437500000000001
4 0.6500000000000001 0.771875 0.5984375000000002 0.771875 0.5984375000000002 0.859375 0.6500000000000001 0.859375
4 0.026562500000000093 0.7171875 8.783013762634924e-17 0.7171875 9.127445674895118e-17 0.7734375 0.0265625000000001 0.7734375
2 0.9140625 0.5578125000000002 0.8859375 0.5578125000000002 0.8859375 0.6218750000000002 0.9140625 0.6218750000000002
4 0.2687500000000001 0.88125 0.23593750000000008 0.88125 0.23593750000000008 0.9390625 0.2687500000000001 0.9390625
4 0.2390625000000001 0.85625 0.2000000000000001 0.85625 0.2000000000000001 0.93046875 0.2390625000000001 0.93046875
2 0.79921875 0.3359375000000001 0.7765625 0.3359375000000001 0.7765625 0.36796875000000007 0.79921875 0.36796875000000007
4 0.6867187500000002 0.8703125 0.6484375000000002 0.8703125 0.6484375000000002 0.9375 0.6867187500000002 0.9375
2 0.9203125 0.057812500000000114 0.8890625 0.057812500000000114 0.8890625 0.10781250000000012 0.9203125 0.10781250000000013
4 0.15234375000000008 0.6609375 0.12656250000000008 0.6609375 0.12656250000000008 0.71875 0.15234375000000008 0.71875
2 0.83203125 0.6640625000000002 0.790625 0.6640625000000002 0.7906250000000001 0.7390625000000002 0.83203125 0.7390625000000002
4 0.03984375000000011 0.8875 0.010937500000000109 0.8875 0.01093750000000011 0.93984375 0.03984375000000011 0.93984375
4 0.43359375000000017 0.79375 0.3781250000000001 0.79375 0.3781250000000001 0.93203125 0.43359375000000017 0.93203125
4 0.23437500000000006 0.35 0.203125 0.35 0.20312500000000006 0.39296875 0.23437500000000008 0.39296875
4 0.55390625 0.3968750000000001 0.5203125 0.3968750000000001 0.5203125 0.440625 0.55390625 0.440625
4 0.1437500000000001 0.8703125 0.10312500000000009 0.8703125 0.1031250000000001 0.94296875 0.14375000000000013 0.94296875
4 0.6265625 0.5125 0.5828125 0.5125 0.5828125 0.56640625 0.6265625 0.56640625
4 0.61875 0.6 0.5703125 0.6 0.5703125 0.6609375 0.61875 0.6609375
4 0.21171875 0.296875 0.18125000000000005 0.296875 0.18125000000000005 0.33984375 0.21171875 0.33984375
4 0.88203125 0.8203125 0.8546875 0.8203125 0.8546875 0.871875 0.88203125 0.871875
4 0.10781250000000005 0.4734375 0.08125000000000007 0.4734375 0.08125000000000007 0.51484375 0.10781250000000005 0.51484375
4 0.6648437500000002 0.9109375 0.6250000000000002 0.9109375 0.6250000000000002 0.98203125 0.6648437500000002 0.98203125
4 0.25078125000000007 0.321875 0.21875 0.321875 0.21875000000000006 0.3671875 0.25078125000000007 0.3671875
4 0.58125 0.2500000000000001 0.5578125 0.2500000000000001 0.5578125 0.2867187500000001 0.58125 0.2867187500000001
4 0.2734375000000001 0.4828125 0.2390625000000001 0.4828125 0.2390625000000001 0.540625 0.2734375000000001 0.540625
4 0.7500000000000002 0.8515625 0.7218750000000002 0.8515625 0.7218750000000002 0.8953125 0.7500000000000002 0.8953125
4 0.7171875000000001 0.70625 0.6828125 0.70625 0.6828125 0.77578125 0.7171875000000002 0.77578125
0 0.42265625000000007 0.534375 0.2406250000000001 0.534375 0.2406250000000001 0.8390625 0.4226562500000002 0.8390625
4 0.85703125 0.8265625 0.8296875 0.8265625 0.8296875 0.87421875 0.85703125 0.87421875
4 0.2093750000000001 0.79375 0.15000000000000008 0.79375 0.15000000000000008 0.88984375 0.2093750000000001 0.88984375
4 0.65703125 0.2921875000000001 0.6359375 0.2921875000000001 0.6359375 0.3242187500000001 0.65703125 0.3242187500000001
0 0.37890625000000006 0.31718750000000007 0.2765625 0.3171875 0.27656250000000004 0.51796875 0.3789062500000001 0.51796875
4 0.18046875000000012 0.875 0.14062500000000008 0.875 0.1406250000000001 0.946875 0.18046875000000012 0.946875
4 0.55625 0.3609375000000001 0.5203125 0.3609375000000001 0.5203125 0.40390625 0.55625 0.40390625
4 0.67265625 0.4640625 0.64375 0.4640625 0.64375 0.50078125 0.67265625 0.50078125
4 0.22031250000000008 0.665625 0.1859375000000001 0.665625 0.1859375000000001 0.7234375 0.22031250000000008 0.7234375
4 0.43671875000000016 0.884375 0.3984375000000001 0.884375 0.3984375000000001 0.9640625 0.43671875000000016 0.9640625
4 0.40859375 0.3921875 0.35625000000000007 0.3921875 0.35625000000000007 0.45859375 0.40859375 0.45859375
4 0.8015625 0.6953125000000002 0.7671875 0.6953125000000002 0.7671875000000001 0.7476562500000001 0.8015625 0.7476562500000001
4 0.3765625000000001 0.8015625 0.3453125000000001 0.8015625 0.3453125000000001 0.86484375 0.3765625000000001 0.86484375
0 0.8140625 0.2828125000000001 0.7078125 0.2828125000000001 0.7078125 0.47343750000000007 0.8140625 0.4734375000000002
4 0.95703125 0.9015625 0.915625 0.9015625 0.915625 0.96484375 0.95703125 0.96484375
4 0.815625 0.41406250000000017 0.7875 0.41406250000000017 0.7875 0.45625000000000016 0.815625 0.45625000000000016
4 0.3593750000000001 0.4546875 0.3140625000000001 0.4546875 0.3140625000000001 0.52734375 0.3593750000000001 0.52734375
2 0.95234375 0.7515625000000001 0.9125 0.7515625000000001 0.9125 0.8578125 0.95234375 0.8578125
2 0.91875 0.6187500000000001 0.88125 0.6187500000000001 0.88125 0.6750000000000002 0.91875 0.6750000000000002
4 0.32812500000000006 0.3078125 0.28125 0.3078125 0.28125000000000006 0.37265625 0.3281250000000001 0.37265625
2 0.88046875 0.2468750000000001 0.8609375 0.2468750000000001 0.8609375 0.3000000000000001 0.88046875 0.3000000000000001
4 0.13203125000000004 0.3515625 0.10937500000000004 0.3515625 0.10937500000000004 0.396875 0.13203125000000004 0.396875
4 0.3781250000000001 0.4890625 0.32500000000000007 0.4890625 0.32500000000000007 0.56015625 0.3781250000000001 0.56015625
4 0.16562500000000005 0.475 0.14375000000000004 0.475 0.14375000000000004 0.5203125 0.16562500000000005 0.5203125
4 0.6179687500000002 0.8 0.5562500000000001 0.8 0.5562500000000001 0.89765625 0.6179687500000002 0.89765625
4 0.42734375 0.01250000000000005 0.3921875 0.01250000000000005 0.3921875 0.04687500000000005 0.42734375 0.046875000000000056
4 0.2945312500000001 0.9234375 0.2531250000000001 0.9234375 0.2531250000000001 0.9890625 0.2945312500000001 0.9890625
4 0.5953125 0.1625000000000001 0.5578125 0.1625000000000001 0.5578125 0.2062500000000001 0.5953125 0.2062500000000001
2 0.030468750000000024 0.1640625 2.0091861548511263e-17 0.1640625 2.3918882795846743e-17 0.2265625 0.030468750000000024 0.2265625
4 0.5781250000000002 0.8921875 0.5062500000000002 0.8921875 0.5062500000000002 0.98984375 0.5781250000000002 0.98984375
4 0.02578125000000008 0.6015625 0.006250000000000075 0.6015625 0.006250000000000077 0.63828125 0.02578125000000008 0.63828125
4 0.22265625000000008 0.9203125 0.18750000000000014 0.9203125 0.18750000000000014 0.9890625 0.22265625000000008 0.9890625
4 0.3257812500000001 0.796875 0.2656250000000001 0.796875 0.2656250000000001 0.87734375 0.3257812500000001 0.87734375
4 0.28593750000000007 0.6640625 0.2578125000000001 0.6640625 0.2578125000000001 0.73359375 0.28593750000000007 0.73359375
4 0.896875 0.6625000000000002 0.875 0.6625000000000002 0.875 0.6992187500000002 0.896875 0.6992187500000002
4 0.5296875000000002 0.825 0.4968750000000002 0.825 0.4968750000000002 0.88046875 0.5296875000000002 0.88046875
4 0.09218750000000009 0.759375 0.06875000000000009 0.759375 0.06875000000000009 0.80546875 0.09218750000000009 0.80546875
4 0.7921875 0.42968750000000017 0.76875 0.42968750000000017 0.76875 0.46484375000000017 0.7921875 0.46484375000000017
2 0.09921875000000002 0.165625 0.03750000000000002 0.165625 0.037500000000000026 0.26015625 0.09921875000000002 0.26015625
2 0.07343750000000003 0.2046875 0.014062500000000028 0.2046875 0.014062500000000033 0.30625 0.07343750000000004 0.30625
4 0.023437500000000073 0.571875 0.0031250000000000696 0.571875 0.003125000000000072 0.60859375 0.023437500000000073 0.60859375
2 0.13828125000000005 0.2453125 0.11093750000000005 0.2453125 0.11093750000000005 0.29375 0.13828125000000005 0.29375
4 0.48671875 0.4203125 0.3500000000000001 0.4203125 0.3500000000000001 0.65 0.48671875 0.65
4 0.10703125000000009 0.725 0.06875000000000009 0.725 0.06875000000000009 0.7890625 0.10703125000000009 0.7890625
4 0.15078125000000014 0.9296875 0.11718750000000014 0.9296875 0.11718750000000014 0.97109375 0.15078125000000014 0.97109375
0 1 0.7718750000000002 0.9046875 0.7718750000000002 0.9046875 0.97421875 1 0.97421875
4 0.86328125 0.959375 0.83125 0.959375 0.83125 0.9984375 0.86328125 0.9984375
4 0.4781250000000002 0.940625 0.44843750000000016 0.940625 0.44843750000000016 0.9921875 0.4781250000000002 0.9921875
4 0.6210937500000002 0.89375 0.5734375000000002 0.89375 0.5734375000000002 0.971875 0.6210937500000002 0.971875
0 0.9125 0.2140625000000001 0.8078125 0.2140625000000001 0.8078125 0.48750000000000016 0.9125 0.48750000000000016
0 0.9296875 0.2687500000000001 0.9140625 0.2687500000000001 0.9140625 0.4734375000000002 0.9296875 0.4734375000000002
2 0.36328125000000006 0.35625000000000007 0.2859375 0.35625 0.28593750000000007 0.43125 0.3632812500000001 0.43125
2 0.340625 0.15312500000000004 0.303125 0.15312500000000004 0.303125 0.24765625 0.340625 0.24765625
4 0.9921875 0.06250000000000011 0.91875 0.06250000000000011 0.91875 0.15937500000000013 0.9921875 0.15937500000000013
4 0.9140625 0.01718750000000009 0.609375 0.01718750000000007 0.609375 0.5781250000000001 0.9140625 0.5781250000000002
2 0.2609375 0.2015625 0.221875 0.2015625 0.221875 0.29140625 0.2609375 0.29140625
4 0.98671875 0.7875000000000002 0.95 0.7875000000000002 0.95 0.86875 0.98671875 0.86875
4 0.38046875 0.27812500000000007 0.3515625 0.278125 0.3515625 0.32890625000000007 0.38046875 0.32890625000000007
2 0.71328125 0.1062500000000001 0.690625 0.1062500000000001 0.690625 0.15390625000000008 0.71328125 0.15390625000000008
4 0.95625 0.0031250000000000583 3.827021247335479e-19 0.003125 6.142369101973443e-17 1 0.95625 1
2 0.81328125 0.2906250000000001 0.784375 0.2906250000000001 0.784375 0.3359375000000001 0.81328125 0.3359375000000001
0 1 0.5937500000000002 0.74375 0.5937500000000002 0.7437500000000001 0.9828125 1 0.9828125
0 0.91953125 0.24218750000000008 0.8921875 0.24218750000000008 0.8921875 0.47187500000000016 0.91953125 0.47187500000000016
4 0.72734375 0.020312500000000077 0.521875 0.020312500000000067 0.521875 0.4835937500000001 0.72734375 0.48359375000000016
4 0.20625 0.2625 0.17656250000000004 0.2625 0.17656250000000004 0.3015625 0.20625 0.3015625
2 0.86796875 0.3468750000000001 0.8421875 0.3468750000000001 0.8421875 0.39140625000000007 0.86796875 0.39140625000000007
4 0.94765625 1.0634335291033461e-16 0.7890625 9.663228649522084e-17 0.7890625 0.1906250000000001 0.94765625 0.19062500000000013
4 0.27265625000000004 0.2484375 0.015625000000000028 0.2484375 0.01562500000000006 0.70625 0.2726562500000001 0.70625
2 0.99921875 0.2390625000000001 0.965625 0.2390625000000001 0.965625 0.3031250000000001 0.99921875 0.3031250000000001
4 0.50234375 0.003125000000000047 0.2671875 0.003125000000000033 0.2671875 0.27734375000000006 0.50234375 0.2773437500000001
0 0.05390625000000001 0.0625 0.0015625000000000077 0.0625 0.001562500000000013 0.15234375 0.053906250000000024 0.15234375
4 0.5445312500000001 0.7375 0.5093750000000001 0.7375 0.5093750000000001 0.78125 0.5445312500000001 0.78125
4 0.3750000000000001 0.40625 0.32500000000000007 0.40625 0.32500000000000007 0.475 0.3750000000000001 0.475
4 0.98671875 0.925 0.9625 0.925 0.9625 0.96953125 0.98671875 0.96953125
0 1 0.2578125000000001 0.9515625 0.2578125000000001 0.9515625 0.7226562500000002 1 0.7226562500000002
2 0.53359375 0.6109375 0.478125 0.6109375 0.478125 0.6734375 0.53359375 0.6734375
0 0.09531250000000001 0.07500000000000001 0.053125 0.075 0.05312500000000001 0.14609375 0.09531250000000002 0.14609375
4 0.97578125 0.8734375 0.9484375 0.8734375 0.9484375 0.9078125 0.97578125 0.9078125
0 0.1078125 0.007812500000000007 0.0015625000000000007 0.0078125 0.001562500000000007 0.109375 0.1078125 0.109375
4 0.52421875 0.4359375 0.4625 0.4359375 0.4625 0.53359375 0.52421875 0.53359375
4 0.5171875 0.4 0.46875 0.4 0.46875 0.46796875 0.5171875 0.46796875
0 0.93984375 0.4937500000000002 0.9125 0.4937500000000002 0.9125 0.5367187500000001 0.93984375 0.5367187500000001
0 0.9828125 0.2906250000000001 0.965625 0.2906250000000001 0.965625 0.4929687500000002 0.9828125 0.4929687500000002
2 0.5828125 0.6125 0.4921875 0.6125 0.4921875 0.725 0.5828125 0.725
4 1 0.5312500000000002 0.9703125 0.5312500000000002 0.9703125 0.7093750000000002 1 0.7093750000000002
4 0.1609375000000001 0.60625 0.06562500000000007 0.60625 0.06562500000000007 0.7640625 0.1609375000000001 0.7640625
2 0.023437500000000014 0.09375 1.1481063742006437e-17 0.09375 1.4638356271058207e-17 0.1453125 0.023437500000000017 0.1453125
2 0.52421875 0.6734375 0.4921875 0.6734375 0.4921875 0.71171875 0.52421875 0.71171875
4 0.83515625 0.5093750000000001 0.7171875 0.509375 0.7171875 0.6812500000000001 0.83515625 0.6812500000000001
4 0.2429687500000001 0.58125 0.1546875000000001 0.58125 0.1546875000000001 0.71328125 0.2429687500000001 0.71328125
2 0.9625 0.22812500000000008 0.915625 0.22812500000000008 0.915625 0.49609375000000017 0.9625 0.49609375000000017
4 0.87265625 0.10000000000000009 0.7734375 0.10000000000000009 0.7734375 0.2054687500000001 0.87265625 0.2054687500000001
4 0.3929687500000001 0.7375 0.34062500000000007 0.7375 0.34062500000000007 0.8375 0.3929687500000001 0.8375
4 0.978125 0.4906250000000002 0.95625 0.4906250000000002 0.95625 0.5328125000000001 0.978125 0.5328125000000001
4 0.8765625 0.006250000000000094 0.6484375 0.00625000000000008 0.6484375 0.2132812500000001 0.8765625 0.2132812500000001
4 0.99375 0.004687500000000116 0.890625 0.00468750000000011 0.890625 0.0757812500000001 0.99375 0.0757812500000001
4 0.91640625 0.5265625000000002 0.840625 0.5265625000000002 0.840625 0.6750000000000002 0.91640625 0.6750000000000002
2 0.12265625000000002 0.1234375 0.08125000000000002 0.1234375 0.08125000000000002 0.20703125 0.12265625000000005 0.20703125
0 0.10078125 0.06250000000000001 0.071875 0.0625 0.07187500000000001 0.1 0.10078125 0.1
2 0.9546875 0.16250000000000014 0.9296875 0.16250000000000014 0.9296875 0.22656250000000008 0.9546875 0.22656250000000008
4 0.15703125 0.08750000000000002 0.1109375 0.08750000000000002 0.1109375 0.1453125 0.15703125 0.1453125
0 0.05546875000000001 0.0625 0.03437500000000001 0.0625 0.03437500000000001 0.10546875 0.055468750000000025 0.10546875
4 0.98671875 0.07812500000000011 0.965625 0.07812500000000011 0.965625 0.13984375000000013 0.98671875 0.13984375000000013
4 0.86015625 0.004687500000000102 0.803125 0.004687500000000099 0.803125 0.12031250000000009 0.86015625 0.12031250000000009
0 0.9296875 0.3703125000000001 0.9234375 0.3703125000000001 0.9234375 0.4546875000000002 0.9296875 0.4546875000000002
0 0.928125 0.06875000000000012 0.921875 0.06875000000000012 0.921875 0.12578125000000012 0.928125 0.12578125000000012
0 0.11250000000000009 0.571875 0.05312500000000007 0.571875 0.053125000000000075 0.68984375 0.11250000000000009 0.68984375
0 0.85078125 0.05156250000000011 0.8421875 0.05156250000000011 0.8421875 0.1335937500000001 0.85078125 0.1335937500000001
4 0.27109375 0.004687500000000024 0.125 0.0046875000000000154 0.125 0.14687500000000003 0.27109375 0.14687500000000003
2 0.95 0.0875000000000001 0.9390625 0.0875000000000001 0.9390625 0.13203125000000013 0.95 0.13203125000000013
0 0.99140625 0.5343750000000002 0.98125 0.5343750000000002 0.98125 0.5960937500000002 0.99140625 0.5960937500000002
4 0.9703125 0.08281250000000011 0.9375 0.08281250000000011 0.9375 0.13671875000000014 0.9703125 0.13671875000000014
1 0.16718750000000002 0.1328125 0.1140625 0.1328125 0.11406250000000002 0.19453125 0.16718750000000004 0.19453125
0 1 0.7578125000000002 0.95 0.7578125000000002 0.95 0.7867187500000001 1 0.7867187500000001
0 0.96640625 0.08593750000000011 0.95625 0.08593750000000011 0.95625 0.13515625000000014 0.96640625 0.13515625000000014
0 0.3421875000000001 0.68125 0.2875000000000001 0.68125 0.2875000000000001 0.7234375 0.3421875000000001 0.7234375
4 1 0.9203125 0.9671875 0.9203125 0.9671875 0.99765625 1 0.99765625
0 0.11796875000000002 0.1765625 0.1046875 0.1765625 0.10468750000000002 0.20546875 0.11796875000000004 0.20546875
2 0.1390625000000001 0.484375 0.0031250000000000596 0.484375 0.0031250000000000904 0.98671875 0.13906250000000014 0.98671875
0 0.08750000000000002 0.1171875 0.04843750000000001 0.1171875 0.048437500000000015 0.15859375 0.08750000000000002 0.15859375
0 0.12421875000000002 0.16875 0.1125 0.16875 0.11250000000000002 0.19296875 0.12421875000000004 0.19296875
0 0.9703125 0.975 1.1940306291686696e-16 0.975 1.2055116929106758e-16 0.99375 0.9703125 0.99375
4 0.971875 0.9765625 1.1959441397923372e-16 0.9765625 1.2102954694698452e-16 1 0.971875 1
0 0.01953125000000012 0.9828125 1.2035981822870083e-16 0.9828125 1.213165735405347e-16 0.9984375 0.01953125000000012 0.9984375