4 0.7272216789571827 0.879274075058192 0.4108068307248596 0.8571481937132788 0.40121531562403534 0.9943132515762981 0.7176301638563585 1.0164391329212115
4 0.3880476203125001 0.8242304062500001 8.881784197001253e-17 0.7970954734374999 -0.01133542689851812 0.9591996313357638 0.37671219341398193 0.986334564148264
4 0.9386918375000001 0.923821503125 0.8779027782263356 0.9195707173008325 0.8722786139638631 0.9999999999931026 0.9330676732375276 1.0042507858172702
4 1.0064116390568612 0.42576966833810037 0.825603154653226 0.41312630781010345 0.8062021359088648 0.6905738097845032 0.9870106203125 0.7032171703125001
4 1.0219078937294808 0.07286597737049938 0.9499923155520775 0.06783714999490087 0.9280844218225969 0.38113461012440164 1.0000000000000002 0.38616343750000015
4 0.35582652500000017 0.56823418125 0.1874875906336467 0.5564627764388473 0.17342730156250005 0.75753428125 0.34176623592885347 0.7693056860611527
2 0.8443608898065106 0.07768015161452636 0.3674005773141139 0.04432783744329736 0.3318683734375 0.552462025 0.8088286859298968 0.5858143391712289
2 0.2624245156250001 3.3306690738754695e-17 0.06914648024106682 -0.013515319317997149 0.061558920722722246 0.0949918171069249 0.25483695610665547 0.10850713642492209
2 0.7292042165577268 0.4925327875652227 0.46578495875283005 0.47411271870649363 0.4474738843750001 0.7359732828125 0.710893142179897 0.754393351671229
4 0.8402975001811395 0.7853706015751666 0.6937802797675136 0.7751251202088345 0.6818998811488741 0.9450227483211682 0.8284171015625003 0.9552682296875001
4 0.31346821569516053 0.23321332087165786 0.21682919843750006 0.2264556625 0.20255092020377105 0.4306445546798969 0.2991899374614315 0.4374022130515547
1 0.6865531469016585 0.6320850418062671 0.5914728234375 0.6254363781250001 0.5665130859108414 0.982377266006233 0.6615934093749999 0.9890259296875001
4 0.7289221390329161 0.899755084482192 0.6244896512949528 0.8924524531062913 0.6169691937500001 1 0.7214016814879635 1.0073026313759006
4 0.20608292343750004 0.5593294046875 0.07671133411483474 0.5502828624818075 0.05491243749239706 0.8620216282337287 0.18428402681506237 0.8710681704394213
1 0.9161598447489929 0.37246918444485655 0.66676883125 0.3550300656250001 0.6498746849385072 0.5966276093051438 0.8992656984375001 0.6140667281250003
2 0.5913096953284521 0.7397659997718752 0.45726202656250015 0.7303924734375001 0.4462535827037712 0.887820551554897 0.5803012514697231 0.8971940778892721
4 0.1055307859375001 0.5413339062500001 6.661338147750939e-17 0.533954475 -0.021471914090732513 0.8410171594822865 0.0840588718467675 0.8483965907322866
4 0.1392108093781377 0.2836806749551303 0.014515303125000028 0.274961115625 -0.002705826565637581 0.5212347406698696 0.1219896796875001 0.5299542999999999
4 0.2449840000000001 0.29420968750000004 0.1218471873986661 0.2855991233241447 0.10397209208616602 0.5412249123866447 0.22710890468750006 0.5498354765625
4 0.9424389250000003 0.15345631562500012 0.8115086421746603 0.14430077830861826 0.8009361765496603 0.2954940798711182 0.9318664593750002 0.30464961718750005
4 0.28560762656250005 0.13885250625000004 0.044010082421758454 0.12195836091017671 0.03365560625000003 0.27003427500000005 0.2752531503907416 0.28692842033982335
2 0.8872114890718065 0.965644795179414 0.7235486375000001 0.9542003734375001 0.720346015543312 0.9999999999942881 0.8840088671151184 1.011444421736202
1 0.40749354397181686 0.9493291187655112 0.36073272835442005 0.9460592842817821 0.35789887187500014 0.9865853234375 0.4046596874923969 0.9898551579212291
4 0.8640133953125 0.04302913281250008 0.7471113578125 0.03485454531250008 0.741334649289396 0.11746531880957048 0.8582366867893958 0.12563990630957048
4 0.6160315328125001 0.9686104625 0.56615333125 0.9651226390625001 0.5637144687189213 0.9999999999978266 0.6135926702814213 1.0034878234353266
2 0.44376662032554587 0.3410025482509364 0.4079166625 0.33849567500000005 0.4017039765494542 0.42734122362406374 0.43755393437500006 0.4298480968750001
1 0.3760140477184663 0.817123675058981 0.22326205156250017 0.8064422140625 0.220864172594034 0.8407334780660193 0.3736161687500001 0.8514149390625002
2 0.8049468844487684 0.14854088175756466 0.7410404374999999 0.14407210781250007 0.735481718641271 0.22356549374239704 0.7993881655900393 0.2280342676874616
4 0.0739651093750001 0.72395184375 0.013176049945635626 0.7197010585899485 0.00467447963313562 0.8412791773399484 0.0654635390625001 0.8455299624999999
4 0.48874079687500005 0.63861475625 0.4154821859683861 0.6334920151833086 0.3993510015625 0.8641787015625001 0.4726096124691139 0.8693014426291915
4 0.8750689219130574 0.9600967572682562 0.8532472078125 0.9585708343749999 0.8511763124619428 0.9881860177317441 0.8729980265625003 0.9897119406250002
2 0.3561421000038016 0.40692575619563565 0.33276169219510315 0.4052908389537711 0.3294918578125 0.452051653125 0.3528722656211985 0.45368657036686455
2 0.11555827812500005 0.3979340734375 0.05788660632408149 0.393901277065586 0.053090848437500046 0.46248380625 0.1107625202384186 0.46651660262191397
4 0.13098281408783907 0.7373368027626357 0.07486983593750007 0.7334130015624999 0.07018307341216108 0.8004368362998642 0.12629605156250007 0.8043606375
2 0.21988177031250006 0.4067953984375 0.17000356718750004 0.40330757500000003 0.1661887603186068 0.4578618594409834 0.21606696344360676 0.46134968287848344
2 0.41142730156250007 0.6018821609375001 0.3989577500000001 0.6010102046875001 0.39786780472228533 0.6165971436431719 0.4103373562847853 0.6174690998931719