2 0.8132004407145323 0.27054387571065847 0.42626926562500006 0.22987577031250012 0.35440594678546783 0.9136095742893415 0.7413371218750002 0.9542776796875
4 0.47871010312499995 7.216449660063518e-17 0.054484357663710556 -0.044587922729412074 -0.0031406737105299787 0.5036776253276574 0.42108507175075943 0.5482655480570695
4 0.4616743109375002 0.7002156765625002 0.21770565797493116 0.6745735375170723 0.19206351891243112 0.9185421906420721 0.43603217187500015 0.9441843296875001
0 0.960754852098989 0.36146559068138745 0.8364396146160613 0.3483995327064564 0.8155339218750003 0.5473039125000001 0.939849159357928 0.5603699704749312
0 1.0410322396046998 0.13580818697722344 0.957119454552109 0.1269885982590446 0.9051818765193023 0.6211416660359987 0.9890946615718932 0.6299612547541775
4 0.8070358422819762 0.07507872188492995 0.39834950156249993 0.03212405625000004 0.36666431084302353 0.3335885062400702 0.7753506515624999 0.37654317187500014
0 0.2166229265936975 0.5503423106406773 6.661338147750939e-17 0.5275743234375 -0.03838154542324592 0.8927503323036768 0.17824138117045152 0.9155183195068541
0 1.0426654987605009 0.12026878239436918 0.7738337984852105 0.09201343235856453 0.7243461044122097 0.5628573937141954 0.9931778046875002 0.5911127437500001
4 0.8094162468749999 0.6503539593750001 0.6198355088590717 0.6304282218207737 0.5809919515625003 1 0.7705726895784287 1.0199257375542263
0 0.8776356859375001 0.7187972718750001 0.7719677345506564 0.707691121766242 0.7546552062670722 0.8724088123375691 0.8603231576539161 0.8835149624463272
0 1.0131035424095267 0.4015320065401761 0.974255031305856 0.3974488635310651 0.9572691560838293 0.5590586726158889 0.9961176671875 0.563141815625
4 0.4580159046875 0.8396596578125 0.319715202485335 0.8251236686827687 0.3056691906250001 0.9587625484375002 0.44396989282716515 0.9732985375672316
4 0.868097553125 0.9141831093750001 0.6101434359375001 0.8870710390625002 0.5982741238315032 0.999999999877186 0.8562282410190033 1.027112070189686
4 0.4197550062500001 0.41143947031250006 0.23949791253043543 0.39249368564792686 0.2097726296875 0.67531085 0.39002972340706477 0.6942566346645732
4 0.3853115968750001 0.33554841406249997 0.018581646795399427 0.2970035434336458 -0.012123589142100627 0.5891443512461457 0.35460636093750003 0.627689221875
4 0.3384418062500001 0.8113808468749999 0.2281120328125001 0.7997847203125 0.21210611168893725 0.9520708860164794 0.3224358851264372 0.9636670125789794
4 0.3404758891287131 0.2240007368700246 0.24413157968750004 0.21387454218750004 0.22567577337128694 0.3894698146924755 0.32202008281250005 0.39959600937500006
4 0.37588517656250003 0.20101358906250005 0.12414682195205302 0.17455482114188955 0.09507484218750002 0.45115622499999997 0.34681319679794703 0.4776149929206105
4 0.1455058546875001 0.7785336078124999 0.030514259448863924 0.7664475039847326 0.016794898437500105 0.8969785031249998 0.1317864936761363 0.909064606952767
4 0.8492958765625002 0.4503016078125001 0.7436279249375399 0.43919545840676777 0.7271320265000399 0.5961434459067678 0.8327999781250002 0.6072495953125001
0 0.7554530671875002 0.7452330281250001 0.7243742578613478 0.7419665135977449 0.7198011375000001 0.7854768468750002 0.7508799468261524 0.7887433614022553
0 0.2147052468750001 0.8376532781250002 0.14322398584404142 0.8301402946392008 0.13342444209404142 0.9233767227642005 0.20490570312500012 0.93088970625
0 0.15399410007694758 0.667877183642894 0.07940495781250007 0.6600375484375001 0.06895211077506903 0.7594897390454279 0.14354125303951654 0.7673293742508218
0 0.8553159171875002 0.7667267843750002 0.8180213453125003 0.7628069671875002 0.8132848996269297 0.8078712407500144 0.8505794715019297 0.8117910579375144
0 0.8778037031250001 0.7470948515625002 0.8529406561369101 0.7444816401384797 0.8486941873869102 0.7848840932634796 0.8735572343750002 0.7874973046875001
4 0.3988962343750001 0.9088590515625 0.33829255625000015 0.9024893484375 0.33028959590273044 0.9786324313120357 0.39089327402773033 0.9850021344370358
0 0.8076849032198069 0.5621900131604736 0.7890376173670031 0.5602301045421412 0.7854444515624999 0.5944167953125 0.8040917374153038 0.5963767039308324
0 0.8061685000000001 0.8008388500000001 0.7626581672002255 0.7962657295664236 0.7553085093749998 0.86619305 0.7988188421747743 0.8707661704335766
4 0.6073481296875003 0.7940819468750002 0.44573832188947193 0.7770960717139219 0.4238526750000001 0.9853240937500003 0.5854624827980285 1.0023099689110784
0 0.47322396577938985 0.8145492750935801 0.3815414781250001 0.8049130578125 0.3701086779625692 0.913688890607928 0.4617911656169588 0.9233251078890081
0 0.8042968422162927 0.34030787160105624 0.6908591890624999 0.32838509375 0.6616238843462071 0.6065404362114438 0.7750615374999998 0.6184632140625002
2 0.60418439375 0.9587156265625 0.5202716073384799 0.9498960374501785 0.5150054687500001 1 0.5989182551615202 1.0088195891123215
0 0.724728612574739 0.3947891805389066 0.6190606609375001 0.3836830312500001 0.6014214826500691 0.551508601545428 0.707089434287308 0.5626147508343344
0 0.4990810437500001 0.89739340625 0.43847736546292976 0.8910237030302876 0.42753454207792646 0.9951377135425241 0.4881382203649968 1.0015074167622366