4 1.0154581822792894 0.2963980804305315 0.74268676185746 0.27732404526756926 0.721977809375 0.5734758734375001 0.9947492297968292 0.5925499086004623
4 0.8809082671969047 0.025414751428007178 0.668146559375 0.010537003125000083 0.6482005670787709 0.29577797499239694 0.8609622749006757 0.31065572329540403
4 0.689734625 0.22819812187500008 0.46840010154936823 0.2127209033127936 0.4531408718618682 0.4309380408127936 0.6744753953125 0.44641525937500004
4 0.3328489612514721 0.42644220002195504 0.11385247812500006 0.41112847343750003 0.10169959187352795 0.5849228359155452 0.320696075 0.6002365625000001
4 0.49195468130116327 0.144666963330832 0.24334301562499996 0.12728234218750006 0.2237785046363367 0.4070678851066682 0.4723901703125001 0.4244525062500001
0 0.0999706140625001 0.17286096562500003 0.02203592196911621 0.16741124084157585 0.005577753219116177 0.40277400959157583 0.08351244531250006 0.40822373437500004
0 0.6174890094753461 0.006994682819516951 0.48967611572394426 -0.0019428655979351396 0.47659677656109817 0.185100393770048 0.6044096703125 0.1940379421875001
4 0.5312158765625001 0.008793454687500073 0.3402758828222043 -0.004558370451276714 0.31477117187500003 0.3601759859375 0.5057111656152958 0.3735278110762768
4 0.07894572367747571 0.5183296391885415 0.008025153125000063 0.5133703890625 0.0007770185024213727 0.6170235281076876 0.07169758905489702 0.6219827782337289
4 1.0007428360507702 0.17084700364702893 0.966451571875 0.16844912500000012 0.9620372951992298 0.23157622604047132 0.996328559375 0.23397410468750013
2 0.973820471875 0.3318612171875001 0.9231629219503471 0.3283188957974871 0.9186396499999999 0.39300469062500004 0.9692971999246527 0.3965470120150131
2 0.5115316890809422 0.3574885091112662 0.47568173125 0.35498163593750004 0.4729023718565579 0.3947283283887339 0.5087523296875001 0.3972352015625001
2 0.9351477016104898 0.4145211461887196 0.9063118656250001 0.4125047484375002 0.9034780092662711 0.45303078905489713 0.9323138452517608 0.4550471868061165
4 0.33531238125 0.4360123515625001 0.27140593440588595 0.4315435776833117 0.26306785625000007 0.55078365625 0.3269743030941142 0.5552524301291885
2 0.9128355125000001 0.420009346875 0.8808822890722645 0.417774959235364 0.8777759453125002 0.4621977328125002 0.9097291687402358 0.4644321204521362
4 0.11154611875 0.096920946875 0.0873863640765187 0.0952315326120234 0.084770496875 0.13264018437499997 0.10893025154848131 0.1343295986379766
4 0.9770571719103561 0.15117811355688474 0.9451039484374999 0.14894372656250007 0.9413981358287709 0.20193931717989702 0.9733513593016271 0.20417370417428166
2 0.10889711718749999 0.00040730937500001315 0.0862960568965974 -0.0011731107509518148 0.08406166980128439 0.03078011271484666 0.10666273009218699 0.032360532840798484
4 0.9986170812499999 0.08924995312500013 0.9565323484466933 0.0863071014310303 0.9511371202037712 0.16346244686739703 0.9932218530070778 0.16640529856136685
0 1.0082290812142423 0.23872205821931797 0.9687789280242025 0.23596343571193046 0.9605498468099603 0.3536448196801125 1 0.3564034421875001
4 0.4457498844153253 0.17824442286082043 0.3592423765625 0.17219522812500004 0.3485609155846746 0.32494722401417964 0.43506842343749996 0.33099641874999997
4 0.9993145000485064 0.03447767899382102 0.9626851953125 0.031916309375000125 0.9600148312014933 0.07010430850617923 0.9966441359374999 0.07266567812500012
2 0.1433982312500001 0.8509796874999997 1.1102230246251565e-16 0.8409523062499998 -0.008392575813957392 0.9609717307984628 0.1350056554360426 0.9709991120484627
2 0.29639030468750016 0.9478252859375 0.2683338156269009 0.9458633843478179 0.26571794687500006 0.9832720359374999 0.2937744359355993 0.9852339375271821
2 0.12022513146841615 0.9135782000152732 0.04852521406250012 0.9085644531250001 0.044383423219084096 0.9677948187347267 0.11608334062500014 0.9728085656249998
0 0.2702560921875 3.8857805861880476e-17 0.2071289918242333 -0.004414276091133498 0.2038631058867333 0.042290077033866495 0.26699020625000003 0.04670435312500003
4 0.969669451678905 0.9064087248978343 0.8473119859375002 0.8978526578124999 0.8401691482940162 0.9999999999899666 0.962526614035421 1.0085560670753009
2 0.2013382109375 2.4980018054066023e-17 0.14366653960042447 -0.004032795846563355 0.14095399428792443 0.034758411965936646 0.198625665625 0.03879120781250003
4 0.29681342187500004 0.3369918406250001 0.2430384844222318 0.3332315305745549 0.2293051781722318 0.5296269540120548 0.2830801156250001 0.5333872640624999
4 0.9787594468750003 0.7316170281250002 0.47062525805735056 0.696084824907861 0.45051577499976886 0.9836638359408086 0.9586499638174185 1.0191960391579478
2 0.313839015625 0.2951087109375 0.2826651391448952 0.29292882069669435 0.2804307515625001 0.32488204531250003 0.31160462804260486 0.3270619355533057
2 0.1440076562500001 0.551072890625 0.1167305139952258 0.5491654868995666 0.11286120930772578 0.6044991181495667 0.14013835156250007 0.6064065218750001
2 0.23408600445103458 0.8980453954052254 0.16862086227113765 0.8934676265464967 0.1654600218750001 0.9386697484375004 0.23092516405489705 0.9432475172962291
2 0.09326244531250001 1.2490009027033011e-17 0.06598530216770383 -0.0019074041827155809 0.0640166380362592 0.02624579680323824 0.09129378118105538 0.028153200985953836
2 0.17346043599536065 0.8914565694850554 0.1321550500000001 0.8885682156250001 0.12937569051627112 0.928314909367397 0.1706810765116317 0.9312032632274523
4 0.08234700313856853 0.6712832373059632 0.019999250000000086 0.6669234578125 0.004522032798931685 0.8882579814440368 0.06686978593750012 0.8926177609374999
0 0.1270789234939682 0.2107818195049674 0.10213982187500001 0.20903790781249998 0.09560015306853184 0.3025595383075325 0.12053925468750001 0.30430345
4 0.6889845238520165 0.8437076484664858 0.5564955468026511 0.8344431170731802 0.5451601203125002 0.996547275 0.6776490973618655 1.0058118063933057
4 0.24671832033776347 0.6725961480762174 0.12903693593750012 0.6643670640625001 0.11361421559973675 0.8849222409862827 0.2312956000000001 0.893151325
4 0.7982020859375001 0.84977856875 0.6890935171875001 0.8421489546875 0.6780554972750958 0.9999999999187168 0.7871640660250958 1.0076296139812169
0 0.48543710156250014 0.32747011875000004 0.3919154718058362 0.32093044942659105 0.3827054374308361 0.45264007911409115 0.4762270671875001 0.4591797484375001
2 0.04595280000000011 0.9005529953125002 7.83383358182732e-12 0.8973396623879726 -0.004577768742166177 0.9628048030129726 0.041375031250000104 0.9660181359375002
0 0.7336420350148223 0.9666535391072408 0.6837638320698748 0.9631657155730705 0.6811881281250001 0.9999999999999998 0.7310663310699476 1.00348782353417
4 0.8277627718750002 0.8526288109375002 0.7350204889721372 0.8461436387922505 0.7297342561596372 0.9217402903547505 0.8224765390625002 0.9282254625000002
2 0.5078711453125001 0.9250218953125 0.4805940032074972 0.9231144910077361 0.47841411250000004 0.95428836875 0.505691254605003 0.9561957730547638
2 0.6781285265815288 0.9541569216028781 0.6524100781250001 0.9523585125 0.6503391827934714 0.9819736955846219 0.6760576312500001 0.9837721046875
2 0.8180839875000002 0.9686425062499999 0.7853514171875002 0.966353621875 0.7830625327037712 0.9990861937423972 0.8157951030162712 1.0013750781173971
4 0.9186578515625001 0.9639279500000002 0.8750144249548534 0.9608761037706313 0.8725620483923533 0.995946716270631 0.9162054750000002 0.9989985625000001
2 0.44698377343750006 0.8549789859375 0.41970663133310193 0.8530715816240872 0.4173087515625 0.8873628468750001 0.44458589366689816 0.8892702511884127
0 0.7377186468750001 0.9755533390625002 0.7143382388945207 0.9739184218632537 0.7125144375000002 1 0.7358948454804797 1.0016349171992465
2 0.4559655000000002 0.9057291437500001 0.4333644391632273 0.9041487235595345 0.4310755546875001 0.9368812953125001 0.45367661552427296 0.9384617155029659
0 0.9733531750323028 0.7641316089130498 0.9413999515624999 0.761897221875 0.9361137187176972 0.8374938738994503 0.9680669421875001 0.8397282609375001
2 0.8073255781400581 0.9209007419721583 0.7784897421875001 0.91888434375 0.7759828687349419 0.9547343017778418 0.8048187046875002 0.9567507000000001
2 0.6578434172729627 0.8634584659653282 0.632904315625 0.8617145546874999 0.6307244264770375 0.8928884324721718 0.6556635281250001 0.89463234375
2 0.6442076985356033 0.9016628501595575 0.6231653312500001 0.9001914250000003 0.6209854420893968 0.9313653029654428 0.642027809375 0.9328367281250001
0 0.8081102656292583 0.8872798296266078 0.7878472453125 0.8858629015625002 0.7859398421832421 0.9131400438108926 0.8062028625000004 0.9145569718750002
2 0.74361539375 0.9360246343749999 0.7147795578793039 0.9340082365446583 0.7124361765624999 0.9675201546875 0.741272012433196 0.9695365525178417
4 0.6812334171875001 0.4617678218750001 0.6165476234024753 0.45724455050087875 0.6089725062149752 0.5655737723758787 0.6736583000000002 0.57009704375
0 0.2320696062500002 0.92688123125 0.18686748375953033 0.9237203921444623 0.18452410311739706 0.9572323094837293 0.22972622560786693 0.9603931485892669
0 0.33294691093750006 0.38024274218750004 0.29865564694760205 0.37784486302424386 0.2948408390625 0.4323991484375001 0.32913210305239804 0.4347970276007563
2 0.8571603281250002 0.969808675 0.8283244918659991 0.9677922765400184 0.8265805796875 0.9927313781250001 0.8554164159465012 0.9947477765849817