0 0.22757837968750008 0.7895145718750001 0.02027210000000009 0.7750183046875001 0.006865777759716784 0.9667376453962175 0.2141720574472168 0.9812339125837177
2 0.7967288453124999 0.3108630296875 0.46784444687500004 0.28786519218750006 0.43002335877847553 0.8287319500675476 0.7589077572159754 0.8517297875675476
0 0.457893177850219 0.40777562196504624 0.10874575910782194 0.38336085623131716 0.0834590375000001 0.7449778250000001 0.43260645624239713 0.7693925907337291
0 0.4461637719500525 0.08272812080169878 0.15936410781250002 0.062673134375 0.140290071766271 0.3354445546798969 0.42708973590382354 0.3554995411065957
0 0.47847322500894396 0.6958504498720982 0.2321996000000001 0.6786293203125001 0.2110546687410563 0.9810159235654019 0.45732829375000017 0.9982370531250002
0 0.18023836883645936 0.324141172201076 0.01189943437500004 0.3123697671875 -0.021234890711459238 0.786212691861424 0.14710404375000008 0.797984096875
0 0.21084445745866193 0.0208498438345179 0.06276854340376498 0.010495367163288897 0.05132412187500002 0.17415821875 0.19940003592989694 0.184512695421229
0 0.9891905094040239 0.6720432933349448 0.8972275734374999 0.6656126187500001 0.8826223124709764 0.8744775926025555 0.9745852484375004 0.8809082671875001
4 0.04632105632710255 0.17850731608488235 0.021381954695103105 0.17676340457877102 0.01734915930550058 0.23443507755638868 0.04228826093750002 0.23617898906249998
0 0.3117578015842196 0.5040662934393961 0.14497756093750008 0.4924038828125 0.1281924092662711 0.732442732804897 0.29497264991299066 0.7441051434317931
2 0.9109159750000002 0.06667098125000014 0.879742098356578 0.06449109178223894 0.8766902530440781 0.10813451990723895 0.9078641296875002 0.11031440937500014
2 0.9584191140625002 0.4177147578125001 0.9303626250678356 0.4157528568424043 0.9278557515624998 0.45160281562500015 0.9559122405571644 0.45356471659509595
2 0.8247952890625001 0.02149095000000011 0.7905040250658399 0.01909307093344472 0.7875611734375 0.061177804687500115 0.8218524374341601 0.0635756837540555
2 0.903701701598005 0.528229572929758 0.8787626000000002 0.5264856609375002 0.8762557265269952 0.5623356192577423 0.9011948281250002 0.5640795312500002
4 0.9400859500117094 0.5902937951450478 0.9104707671875001 0.5882229000000001 0.9072009328007906 0.6349837142299524 0.936816115625 0.637054609375
4 0.9751302219761259 0.8731147985538321 0.9564258953125003 0.8718068640625003 0.9531560592662716 0.9185676781173973 0.9718603859298971 0.9198756126087291
4 0.02452143282627062 0.26626292011557173 0.015169270312500035 0.26560895312500005 0.012226418736229459 0.30769368613442843 0.02157858125000004 0.3083476531250001
4 0.32982029380226086 0.8953418961276357 0.26123776562500006 0.8905461390625001 0.25469809682273925 0.9840677694973643 0.3232806250000001 0.9888635265624999
2 0.9246293703426163 0.45294351988181675 0.9028076562499999 0.45141759687500016 0.9003007827823838 0.48726755511818365 0.9221224968750003 0.4887934781250002
4 0.435920468782676 0.9011948276577136 0.38448357187500015 0.897598009375 0.38012379215482434 0.9599457629672863 0.4315606890625002 0.9635425812499999
4 0.47532379220696497 0.8976849153466393 0.44259122187500005 0.8953960312500001 0.4393213874805352 0.9421568455908608 0.4720539578125001 0.9444457296875
0 0.5956672968750001 0.005468759375000076 0.5083804421833504 -0.0006349327531566751 0.4993338984333503 0.12873665630934333 0.586620753125 0.13484034843750006
4 0.3841565891130088 0.9022740914651919 0.3327196921875001 0.8986772734375 0.32737896244949144 0.9750532710348081 0.3788158593750001 0.9786500890625
4 0.899451642323062 0.8130017933738763 0.8589256016788323 0.8101679373988742 0.8555467734182705 0.8584874471499978 0.8960728140625001 0.861321303125
2 0.5137461656949679 0.9082032458744147 0.4482810244746377 0.9036254780882631 0.44174135620791144 0.9971471084143962 0.5072064974282415 1.0017248762005477
4 0.18155916250000012 0.910035515625 0.13012226571034838 0.9064386972169629 0.1253265078125001 0.9750212265625 0.17676340460215184 0.9786180449705372
0 0.7343910469673441 0.015169268991918667 0.6315172532413321 0.00797563271137417 0.6061215374999999 0.3711512953125001 0.708995331226012 0.37834493159304455
0 0.994552603125 0.4609656593750001 0.9259700749535243 0.45616990222713333 0.9189944280785245 0.5559263084771333 0.9875769562500002 0.5607220656250002
4 0.855066617248663 0.6861591694378287 0.7973949453124998 0.6821263734375 0.7899833202513369 0.7881175539996714 0.8476549921875 0.7921503500000001
0 1.000045780358093 0.33761085752418885 0.9205523944048706 0.3320521389990325 0.9134677531092776 0.4333672392873439 0.9929611390625002 0.4389259578125002
4 0.8876681039405006 0.6007252219320255 0.8705224711356034 0.5995262827607966 0.8680155984375002 0.6353762406250002 0.8851612312423972 0.6365751797962291
2 0.9852866187894185 0.1454883103737894 0.9400844984375001 0.1423274703125001 0.9345257795787709 0.22182085624239706 0.9797278999306893 0.22498169630368636
4 0.7998561875000001 0.01974703750000011 0.6751606812182142 0.011027478579560273 0.648348037468214 0.39446616139206025 0.77304354375 0.4031857203125001
4 0.09575187354383927 0.03159757035427764 0.031845426562499994 0.027128796875000007 0.02574173583116074 0.11441565308322237 0.0896481828125 0.1188844265625
0 0.66012089375 0.6740935515625001 0.5572471014913181 0.6668999150804519 0.5503804483663179 0.7650976275804519 0.6532542406250001 0.7722912640625001
0 0.6226687890625001 0.7168977937500002 0.5946122999279306 0.7149358932181422 0.5915604546154307 0.7585793213431422 0.6196169437500002 0.7605412218750003
2 0.40440892687073565 0.9710418375215542 0.36855896875000005 0.9685349640625003 0.3669240512542645 0.9919153718534461 0.40277400937500013 0.9944222453125
0 0.2874085765625001 0.8970751265624999 0.18765217147336194 0.8900994796594148 0.1814394859375001 0.9789450281250002 0.2811958910266382 0.9859206750280853
2 0.827185391212159 0.9504831531660581 0.806922370907262 0.9490662249323293 0.8049604703125001 0.9771227140625001 0.825223490617397 0.9785396422962289
0 0.674857965625 0.7769345734375 0.5221059699416943 0.7662531140365707 0.515893284375 0.8550986625000002 0.6686452800583057 0.8657801219009296
0 0.8178111390625 0.8605476609375 0.7850785687688067 0.8582587762935532 0.7781029203125001 0.9580151812500001 0.8108354906061933 0.9603040658939468
2 0.81136905625 0.7958782515625 0.7879886484505458 0.7942433341884364 0.7838468578125001 0.8534737 0.8072272656119542 0.8551086173740636
2 0.7068496640625002 0.879415840625 0.666323625061519 0.8765819834952397 0.6627268062500001 0.9280188812500002 0.7032528452509813 0.9308527383797605
0 0.9838056015625002 0.5698562390625002 0.9432795608631975 0.5670223823125764 0.9393557593006976 0.6231353604375764 0.9798818000000002 0.6259692171875002
0 0.9786593187603279 0.10586699828980381 0.9459267484374999 0.1035781140625001 0.9420029468646721 0.1596910923351964 0.9747355171875001 0.16197997656250013
2 0.8536261480423667 0.16917433914413033 0.8146588011749696 0.16644947653540135 0.810408015625 0.22723853593750007 0.849375362492397 0.2299633985462291
2 0.45791671875000006 0.9450234734375 0.4220667609478507 0.9425165998519789 0.41868793125000003 0.9908361093750001 0.4545378890521493 0.9933429829605211
0 0.8372648390625 0.022362906250000113 0.7640062295917409 0.017240165431922017 0.7450411889667408 0.28845289199442203 0.8182997984375 0.29357563281250015
2 0.6782375219269455 0.9525982273821473 0.6548571140625 0.9509633093750001 0.652459234266271 0.9852545749923971 0.6758396421307165 0.9868894929995442
2 0.510509101655118 0.9768947689880028 0.4933634693476733 0.9756958296200328 0.49166395625000014 0.9999999999999998 0.5088095885574448 1.0011989393679699
0 0.887221443794771 0.6743108149847485 0.8653997312500001 0.6727848921875001 0.863546824891271 0.6992826874923971 0.8853685374360418 0.7008086102896455