0 0.6606632056015078 0.15900202345345413 0.45288235560198375 0.15537519530118887 0.44847834999999997 0.4076805125 0.6562591999995241 0.4113073406522652
0 0.7797108968780614 0.32204202482462596 0.6000507640625001 0.3189060453125001 0.594365096871939 0.6446376767378743 0.7740252296875002 0.6477736562500002
4 0.3082587187696064 0.5622881395017593 0.04579869843750006 0.5577068828125001 0.039826703097734756 0.8998422671870241 0.3022867234298411 0.9044235238762832
4 0.3682941437520485 0.07732454050764387 0.17926043906250003 0.07402494531250003 0.1704933328104516 0.5762921860548562 0.35952703750000004 0.5795917812500001
4 0.5439773062500001 0.66641785625 0.33619645605640675 0.6627910281216208 0.33036080781235755 0.997115101570668 0.5381416580059508 1.0007419296990472
0 0.9723564265625002 0.5660663187500001 0.8848697531252684 0.5645392327971298 0.8798249155977349 0.8535577078120241 0.9673115890349667 0.8550847937648944
1 0.12585672031250006 1.6306400674181987e-17 0.008687067175403565 -0.002045203994492827 0.004493792175403544 0.23818734913050718 0.12166344531250003 0.24023255312500003
0 0.6007360468896478 0.011058617910838568 0.44919662968750007 0.008413487500000056 0.44269288122273487 0.38101298124952415 0.5942322984248826 0.3836581116603627
4 0.8807890265625001 0.7535593031250001 0.8081438421874999 0.7522912765624999 0.8047760727370787 0.9452306359525474 0.877421257112079 0.9464986625150476
4 0.0768724156394313 0.4785496382357365 0.0018838390625000576 0.4772407078125001 -0.0010067156450945525 0.642840482401219 0.0739818609318367 0.6441494128244554
1 0.2266288297101656 0.001403076562895654 0.01025553905898036 -0.002373732874452746 0.001897473411314815 0.4764595780626516 0.21827076406250004 0.48023638750000003
0 0.4756732765678754 0.013563852817047261 0.3803752921875 0.011900420312500045 0.37702115780712464 0.20405865030795284 0.4723191421875 0.20572208281250007
4 0.786781575682177 0.006492365664181139 0.7399137140625001 0.005674282812500088 0.7387547633798472 0.07207041873808431 0.7856226249995242 0.07288850158976537
4 0.980865284384965 0.705298524429115 0.796518365625 0.7020807375000001 0.7920598218650351 0.9575105786958854 0.9764067406250001 0.9607283656250003
4 0.9073563515624998 0.0820456921875001 0.8667375374999999 0.0813366875000001 0.8657694734199965 0.13679699059742098 0.9063882874824966 0.137505995284921
4 0.7013462374999999 0.1112672703125001 0.666195342187534 0.1106537093730526 0.6652409140625 0.16533287968750005 0.700391809374966 0.16594644062694755
0 0.7659706750000003 0.8406312078125003 0.7003556687500001 0.8394858937500004 0.6989921996470889 0.9175989953336139 0.7646072058970891 0.9187443093961137
0 0.823239626566979 0.06651278724339742 0.7435642625 0.0651220484375001 0.7409600359330208 0.21431807213160275 0.8206353999999998 0.21570881093750005
0 0.9692917625000002 0.15970094062500015 0.7857259750194132 0.15649678795031605 0.78035390625 0.4642624078125002 0.9639196937305868 0.4674665604871843
0 0.9974986468780459 0.5133720857630061 0.9217289375000002 0.5120495203125002 0.9194655780982108 0.6417172687222589 0.9952352874762566 0.6430398341727648
4 0.5437820609470615 0.3194866088272258 0.37193323906250003 0.31648697656250013 0.36642482341023486 0.6320639062495241 0.5382736452947963 0.6350635385142498
0 1.0031003250700568 0.013393699181768309 0.8351571578124999 0.010462240625000101 0.831244001492443 0.23464684144323195 0.99918716875 0.23757830000000016
4 0.363381296875 0.0006646234375000442 0.20403057014481094 -0.0021168542024823885 0.20089459043856017 0.1775432796842457 0.36024531716874925 0.18032475732422812
4 0.153947506269365 0.6736745020155873 0.07192875000000008 0.6722428593750001 0.0689700218556352 0.8417482901719129 0.1509887781250001 0.8431799328125003
4 0.5001205328125 0.3140362796875 0.40169802500978324 0.31231830881451467 0.399530109375 0.43651814062499994 0.49795261717771677 0.43823611149798525
0 0.9066499312500002 0.6149270234375 0.8465028421682075 0.6138771526677698 0.8446485249807075 0.7201109714177698 0.9047956140625002 0.7211608421875001
0 0.8339009921988099 0.21672173060206598 0.758131284375 0.21539916562500014 0.7552952687227347 0.3778744171870242 0.8310649765465448 0.37919698216409004
4 0.07996353751211209 0.25669479618110297 0.008880615625000032 0.2554540390625 0.006071868722734765 0.41636702812452403 0.07715479060984683 0.4176077852431271
1 0.08287345468750001 0.00045655468750001 0.011790532030298818 -0.0007842015525538039 0.009813502869789655 0.11247979533164487 0.08089642552699085 0.11372055157169866
0 0.7989162984448772 0.6989971167648661 0.7231465890625002 0.6976745515625001 0.7205969015352349 0.8437460515620243 0.796366610917612 0.8450686167643902
0 0.6540640140758028 0.5370694336128934 0.6134452015625002 0.5363604296875001 0.6120953671602348 0.6136923999995241 0.6527141796735375 0.6144014039249174
0 0.6188384062553027 0.0035609059462053073 0.5727516765624999 0.002756459375000067 0.5714563812446972 0.07696390499129482 0.6175431109375 0.07776835156250007
0 0.5944051906250001 0.015636326562500073 0.5319147093902399 0.014545550689411477 0.530333084375 0.10515674843750007 0.5928235656097602 0.10624752431058866
0 0.883431571875 0.1097573671875001 0.8412504968817567 0.10902109336290222 0.839941565625 0.18400967187500009 0.8821226406182433 0.18474594569959796
0 0.9509931953125002 0.5813208015625001 0.9174045609650033 0.5807345093618435 0.9162319765900031 0.6479117765493434 0.9498206109374999 0.6484980687500002
1 0.38985794218750014 0.00581498906250005 0.346114606232065 0.005051446340000668 0.3410697702945649 0.29406992134000076 0.38481310625000004 0.2948334640625001
0 0.2393354003360347 0.03444236875586553 0.14559967846151062 0.032806206228600296 0.14319997343750002 0.17028526406250005 0.23693569531202413 0.17192142658976528
0 0.5172623312629334 0.13774609613404915 0.4735189953125 0.13698255312500007 0.47212825622273485 0.21665791718702415 0.5158715921731682 0.21742146019607328
0 0.6725991359375001 0.7733664046875002 0.6468218125124576 0.7729164602238094 0.6461946171875002 0.8088484875000003 0.6719719406125427 0.8092984319636909
0 0.537154790625 0.07245832343750007 0.4934114531474603 0.07169477996324555 0.4921843297099603 0.14199657215074551 0.5359276671875 0.14276011562500004
0 0.5596888312499999 0.12442201093750009 0.528443590630666 0.12387662311289024 0.527380084375 0.18480484218750004 0.5586253249943338 0.18535023001210987
0 0.46139476251117806 0.025816524359610304 0.43171178437500013 0.025298406250000054 0.430757356238822 0.07997757876538981 0.460440334375 0.08049569687500006
0 0.5175543875001586 0.03148500936591168 0.47224878906249995 0.030694196875000062 0.47106257031234133 0.09865259532158843 0.5163681687499999 0.09944340781250005
0 0.35296971406906763 0.1942624027487467 0.26626417031250005 0.19274895156250002 0.26400081091071065 0.32241669997225886 0.35070635466727823 0.3239301511585056
4 0.1289821953125 1.6306400674181987e-17 0.07274076217856891 -0.000981698327058026 0.07153253249106892 0.06823770167294198 0.127773965625 0.06921940000000001
0 0.7425094750188022 0.841784428610324 0.72220006875 0.8414299265625003 0.7215319687227347 0.8797053468745242 0.7418413749915369 0.8800598489223479
0 0.061883125000000094 0.6658165609374999 0.007985084375000085 0.6648757671874999 0.00638982543593534 0.7562680953201093 0.06028786606093535 0.7572088890701093
4 0.047863265625000075 0.3498987640625 0.011931239051509848 0.34927156781712865 0.010690481239009836 0.42035449125462854 0.04662250781250006 0.4209816875
4 0.25883721718750013 0.6630034546875 0.22681084531544746 0.6624444326436427 0.22563826250000002 0.7296217000000003 0.25766463437205267 0.7301807220438575
0 0.749757809375 0.8294090453125001 0.6114976187774672 0.8269957044069214 0.6084778171875 1 0.746738007785033 1.0024133409055787
4 0.09815029062500014 0.7367728171875 0.07393522969560123 0.7363501417233863 0.07225816250000008 0.83242925625 0.09647322342939899 0.8328519317141139
4 0.10061599063224533 0.4164545636474193 0.056091523437500054 0.4156773859375001 0.05470078434773482 0.49535274999952417 0.0992252515424801 0.4961299277094434
4 0.021548460948339176 0.4697702650040282 0.00045792343750005875 0.46940212812500004 -0.0006601218917824017 0.5334548712739657 0.02043041561905672 0.5338230081529939
1 0.06893008125000002 0.08303828750000002 0.04159049531268306 0.08256107342701338 0.03981798593750001 0.18410810468750002 0.06715757187481698 0.18458531876048667
4 0.15154957607592845 0.6767581234562805 0.12186659638890436 0.6762400046790152 0.1209803406250001 0.7270135203125001 0.15066332031202417 0.7275316390897653