0 0.5452242109374998 0.4075576343749999 0.5273491140624998 0.15193184531249998 0.3153667530870016 0.16675509633159727 0.33324184996200157 0.4223808853940971
0 0.41683284697032175 0.6546155841756642 0.39394400467409274 0.3272898794957673 0.20845943895377098 0.3402602234451031 0.23134828125 0.6675859281250001
4 0.9864855578125002 0.871657321875 0.9622887812157709 0.5256272916979982 0.6941934437499999 0.54437434375 0.7183902203467293 0.8904043739270019
4 0.8344431171875 0.5564955484375 0.7991289031005258 0.051478746767450755 0.6011747859130259 0.06532104676745079 0.6364890000000001 0.5703378484375
4 0.7047758640879136 0.986901625363433 0.6812330546069953 0.6502237582237311 0.4676919999999999 0.665156003125 0.49123480948091824 1.0018338702647018
0 0.1460881437606611 0.8818678548399609 0.12581516875000004 0.5919508015624999 0.03385223280183891 0.5983814764100394 0.0541252078125 0.8882985296875001
1 0.9774625578125 0.2050378828125 0.9625304231189356 -0.008501571055485902 0.8409523044221874 1.8552470670840647e-11 0.855884439115752 0.21353945388653836
0 0.5494970844238551 0.37906516788616135 0.5233384077526261 0.0049786475812644004 0.36591033114127103 0.015987090632603073 0.39206900781250004 0.39007361093750004
4 0.227227128125 0.9670403609375 0.21371181089852037 0.7737623260050656 0.1373358125 0.7791030562499999 0.15085112972647957 0.9723810911824342
4 1.0088095170310178 0.6085215958388475 0.9971471083223064 0.441741356214351 0.920771110901635 0.4470820854246029 0.9324335196103466 0.6138623250490994
1 0.995806403125 0.4449677375 0.9635937107166042 -0.015695207187324766 0.7391417998454042 1.0810397021998596e-11 0.7713544922538 0.46066294469813523
0 0.6025368531832398 0.19679630239536747 0.5890215375000001 0.0035182671875000015 0.4908238265042601 0.010384919479632482 0.5043391421874999 0.20366295468749995
4 0.2317643484375 0.0911527421875 0.227077585887742 0.02412890710092697 0.17875807656249998 0.0275077359375 0.183444839112258 0.09453157102407303
4 0.24067762824816635 0.9801966501988613 0.22258454375000003 0.7214534734375 0.033982590501833616 0.7346418060511385 0.05207567499999999 0.9933849828124999
4 0.10997892190598377 0.1638877426305887 0.1060551203125 0.10777476406250001 0.06397038746901622 0.11071761518191128 0.0678941890625 0.16683059374999998
4 0.3114536328627045 0.17799293665545718 0.3076388265625 0.12343865312499999 0.2717888686997955 0.12594552584454285 0.275603675 0.18049980937500004
0 0.3296977140625 0.9316812406249999 0.32413899590823647 0.8521878560990812 0.25711515936739693 0.8568746186412708 0.26267387752166044 0.9363680031671896
0 0.24012415314016736 0.233102875216903 0.2296606828125 0.0834682671875 0.14704990935983267 0.08924497478309702 0.15751337968750004 0.23887958281250002
0 0.21714622665490263 0.4868864388214188 0.19545632343750002 0.17670636562499997 0.006854370220097381 0.18989469867858116 0.0285442734375 0.500074771875
0 0.09073885314860669 0.6727193503375914 0.08158331562500001 0.5417890687500001 0.0036486249763933165 0.5472387934124087 0.012804162499999999 0.678169075
4 0.6434211953125 0.6246741437500001 0.6211863192942438 0.3067006015244428 0.4434952224192438 0.3191259733994428 0.46573009843749996 0.6370995156250001
0 0.1511368391019979 0.25968757556484656 0.13533263906249998 0.033676970312499985 -0.01580420003949793 0.04424548693515342 2.7755575615628915e-18 0.27025609218749996
4 0.7769253453125 0.15954082343750003 0.7649765144439967 -0.011335426589176823 0.6028723546875 0 0.6148211855560033 0.17087625002667686
4 0.9526195906250002 0.8129391578125 0.9407391906250002 0.6430415296875001 0.8565697235205029 0.6489272324369967 0.868450123520503 0.8188248605619968
4 0.5955056203125 0.43223529374999997 0.5866770655376262 0.30598109250049726 0.48692066093749997 0.312956740625 0.49574921571237374 0.43921094187450266
0 0.17256457504686581 0.7453133116077126 0.16504395624999998 0.6377634375 0.10269620307813414 0.6421232165172872 0.11021682187499997 0.7496730906249999
0 0.23598163601288236 0.3978556729530185 0.22453721558405032 0.23419281972689263 0.14660252343749997 0.23964254375 0.158046943866332 0.4033053969761259
4 0.9852118484374998 0.3830559624999999 0.9738764202496546 0.22095180378876988 0.9006178093826032 0.22607454542122896 0.9119532375704484 0.388178704132459
1 0.9623992281249999 0.07921966093750002 0.9565014330789336 -0.005122740827656102 0.8832428234374998 1.1102230246251566e-17 0.889140618483566 0.08434240176515614
0 0.30431195312935183 0.8598395594372346 0.29406647031249994 0.7133223390624999 0.21613177812064813 0.7187720640002653 0.22637726093749996 0.8652892843749997
0 0.39739833137368236 0.6230819514445907 0.3919486062423969 0.5451472608287711 0.3498638717437145 0.5480901125091804 0.355313596875 0.626024803125
0 0.398871571875 0.0841664125 0.39363983700091293 0.009349109300638925 0.34687902137591287 0.012618943675638927 0.35211075625 0.087436246875
0 0.44291820630961587 0.10928005085254826 0.4364875312499999 0.017317114062499993 0.37258108431538395 0.021785888209951743 0.3790117593749999 0.11374882500000001
0 0.13974655214655068 0.20879565152165921 0.1345148171875 0.13397834687500002 0.0908713889613741 0.13703019230383204 0.09610312392042478 0.21184749695049127
0 0.09418322502038814 0.6771774424790639 0.0894964609375 0.6101536078125 0.055205195292111854 0.6125514872084361 0.059891959375000005 0.679575321875
1 0.6431497984375 0.284802665625 0.6229981855009069 -0.003378829171870884 0.5746786762008795 2.5286966964799262e-11 0.5948302891374725 0.2881814948221578
0 0.8340520437500001 0.1477145578125 0.824351534375 0.008990806250000006 0.7277125171031961 0.015748464419398443 0.7374130264781962 0.15447221598189845
0 0.5083284859769186 0.21591451618871066 0.5027697671875 0.13642113125000002 0.45756764683558143 0.1395819713112893 0.463126365625 0.21907535624999994
0 0.3750636891550635 0.8188668606987204 0.3725568156088345 0.7830169013313234 0.34605902020377105 0.7848698078201031 0.34856589375 0.8207197671875003
0 0.48283373125000006 0.142514140625 0.477928978673914 0.07237291871161619 0.43272685679891393 0.07553375933661619 0.437631609375 0.14567498125
0 0.4499266234715399 0.18710574736179367 0.44567583906249986 0.12631668750000005 0.4129432687159599 0.12860557138820647 0.4171940531249999 0.18939463125000006
0 0.5409306985317826 0.07736530291080149 0.5371158921875001 0.022811017187499998 0.5059420155307175 0.02499090646419852 0.509756821875 0.0795451921875
0 0.5017125937500001 0.09890348437499999 0.4969168358980662 0.030320955686068858 0.4501560203124999 0.03359079062500001 0.45495177816443383 0.10217331931393114
0 0.7231553859375002 0.3089681234375 0.7139998484197951 0.1780378419343064 0.6251543 0.18425052812499998 0.6343098375177052 0.3151808096281936
4 0.8985583234375 0.03982701875000001 0.8954913471062612 -0.004032795328671357 0.8378196750000001 0 0.8408866513312387 0.043859814078671365
0 0.3052601323047101 0.8957985124262476 0.3025352703048969 0.8568311655162709 0.28227225 0.85824809375 0.2849971119998132 0.8972154406599767
0 1.006430673988623 0.7230289704104294 1 0.6310660343750001 0.9479876874981068 0.6347030890354255 0.9544183614867299 0.7266660250708548
4 0.9839801375 0.38784103906249995 0.978966390625 0.31614112187500004 0.9415577390014744 0.318756989752294 0.9465714858764744 0.3904569069397939
4 0.7887936094001089 0.7100539566090752 0.784106846875 0.643030121875 0.751374276537391 0.6453190058909246 0.7560610390625 0.712342840625
0 0.42688763906249994 1 0.4151209796875001 0.8317289359375 0.27483853488863896 0.841538440343007 0.2866051942636389 1.0098095044055069
4 0.9502979359374999 0.8021372953125002 0.9435402765365991 0.7054982777546036 0.9170424812499997 0.7073511843750001 0.9238001406509004 0.8039902019328966
4 0.9424510578519184 0.46592817712621065 0.9368923390624999 0.3864347921875 0.8916902187105814 0.3895956322487893 0.8972489374999999 0.4690890171874999
4 1.0010709094733357 0.4978543335554465 0.9966021359375 0.43394788593749994 0.9747804217766645 0.4354738086320533 0.9792491953125 0.49938025624999993
1 0.9377977921875 0.15299047187499998 0.9307131499923733 0.051675373328431994 0.9010979671874999 0.053746268750000006 0.9081826093826267 0.155061367296568
4 0.8946757954083493 0.7010836388707101 0.8910789781121204 0.6496467420033132 0.8599051014537709 0.6518266312576031 0.8635019187499997 0.7032635281250001