0 0.640625 0.13906250000000006 0.4 0.13906250000000003 0.4 0.4171875 0.640625 0.4171875
0 0.79375 0.2812500000000001 0.5703125 0.2812500000000001 0.5703125 0.628125 0.79375 0.6281250000000002
4 0.3687500000000001 0.590625 0.06093750000000007 0.590625 0.06093750000000009 0.965625 0.3687500000000001 0.965625
4 0.37343750000000003 0.10312500000000002 0.115625 0.103125 0.11562500000000005 0.6265625 0.3734375000000001 0.6265625
4 0.6156250000000001 0.6578125 0.36406250000000007 0.6578125 0.36406250000000007 1 0.6156250000000002 1
0 1 0.4906250000000002 0.8890625 0.4906250000000002 0.8890625 0.7890625000000002 1 0.7890625000000002
1 0.08437500000000002 0.0578125 7.079989307570636e-18 0.0578125 2.3057803015196257e-17 0.31875 0.08437500000000005 0.31875
0 0.575 0.001562500000000058 0.3734375 0.0015625000000000458 0.37343750000000003 0.3921875000000001 0.575 0.3921875000000001
4 0.9421875 0.6921875000000002 0.84375 0.6921875000000002 0.84375 0.89375 0.9421875 0.89375
4 0.10156250000000008 0.5453125 0.004687500000000067 0.5453125 0.004687500000000078 0.7203125 0.10156250000000008 0.7203125
1 0.21875000000000006 0.05000000000000001 6.123233995736766e-18 0.05 3.702643056797076e-17 0.5546875 0.21875000000000008 0.5546875
0 0.4265625 0.023437500000000045 0.3046875 0.023437500000000038 0.3046875 0.22656250000000006 0.4265625 0.22656250000000008
4 0.715625 8.419446744138054e-17 0.659375 8.075014831877861e-17 0.659375 0.03906250000000008 0.715625 0.03906250000000009
4 1 0.6265625000000001 0.8234375 0.6265625000000001 0.8234375 0.9046875 1 0.9046875
4 0.8453125 0.023437500000000104 0.796875 0.0234375000000001 0.796875 0.0843750000000001 0.8453125 0.08437500000000012
4 0.6453125 0.08437500000000007 0.603125 0.08437500000000006 0.603125 0.1437500000000001 0.6453125 0.1437500000000001
0 0.828125 0.7953125000000002 0.7515625000000001 0.7953125000000002 0.7515625000000001 0.88125 0.828125 0.88125
0 0.771875 0.02187500000000009 0.671875 0.021875000000000082 0.671875 0.18125000000000008 0.771875 0.18125000000000008
0 0.9546875 0.0906250000000001 0.7296875 0.0906250000000001 0.7296875 0.4203125000000002 0.9546875 0.4203125000000002
0 1 0.4343750000000002 0.91875 0.4343750000000002 0.91875 0.5734375000000002 1 0.5734375000000002
4 0.5578125 0.31562500000000004 0.34375 0.315625 0.34375000000000006 0.6515625 0.5578125 0.6515625
0 0.9515625 1.0447768005225858e-16 0.7546875 9.242256312315182e-17 0.7546875 0.18593750000000012 0.9515625 0.18593750000000014
4 0.3125 0.02812500000000002 0.1296875 0.02812500000000001 0.1296875 0.228125 0.3125 0.228125
4 0.2093750000000001 0.7265625 0.10468750000000009 0.7265625 0.10468750000000009 0.90625 0.2093750000000001 0.90625
4 0.4875 0.31718750000000007 0.3734375 0.31718750000000007 0.37343750000000003 0.453125 0.4875 0.453125
0 0.934375 0.5500000000000002 0.859375 0.5500000000000002 0.859375 0.6640625000000002 0.934375 0.6640625000000002
0 0.8078125 0.1671875000000001 0.709375 0.1671875000000001 0.709375 0.3390625000000001 0.8078125 0.3390625000000001
4 0.06875000000000006 0.325 3.980102097228898e-17 0.325 5.013397834009477e-17 0.49375 0.06875000000000006 0.49375
1 0.025000000000000015 0.071875 8.802148868871602e-18 0.071875 1.6264840301175787e-17 0.19375 0.025000000000000022 0.19375
0 0.846875 0.6500000000000001 0.7515625 0.6500000000000001 0.7515625000000001 0.8046875 0.846875 0.8046875
0 0.66875 0.5125 0.6171875 0.5125 0.6171875 0.5953125 0.66875 0.5953125
0 0.55 6.391125483050251e-17 0.49375 6.046693570790056e-17 0.49375 0.07031250000000007 0.55 0.07031250000000007
0 0.5296875 0.007812500000000059 0.4546875 0.007812500000000056 0.4546875 0.10625000000000004 0.5296875 0.10625000000000004
0 0.8265625 0.0546875000000001 0.775 0.05468750000000009 0.775 0.13437500000000008 0.8265625 0.13437500000000008
0 0.9671875 0.5093750000000001 0.925 0.5093750000000001 0.925 0.5812500000000002 0.9671875 0.5812500000000002
1 0.3546875 0.02968750000000004 0.271875 0.029687500000000033 0.271875 0.321875 0.3546875 0.321875
0 0.18906250000000002 0.08125000000000002 0.0765625 0.08125 0.0765625 0.2296875 0.18906250000000005 0.2296875
0 0.471875 0.13906250000000003 0.4171875 0.13906250000000003 0.4171875 0.2234375000000001 0.471875 0.2234375000000001
0 0.7187500000000002 0.7421875 0.6875000000000002 0.7421875 0.6875000000000002 0.78125 0.7187500000000002 0.78125
0 0.4796875 0.07343750000000006 0.4265625 0.07343750000000004 0.4265625 0.14843750000000006 0.4796875 0.14843750000000006
0 0.509375 0.12031250000000004 0.4703125 0.12031250000000004 0.4703125 0.18437500000000004 0.509375 0.18437500000000004
0 0.3953125 0.03906250000000004 0.3578125 0.03906250000000004 0.3578125 0.09687500000000004 0.3953125 0.09687500000000004
0 0.453125 0.03437500000000005 0.3984375 0.034375000000000044 0.3984375 0.10781250000000005 0.453125 0.10781250000000005
0 0.325 0.221875 0.2203125 0.221875 0.2203125 0.3625 0.325 0.3625
4 0.06406250000000001 0.059375 7.271340369937409e-18 0.059375 1.2246467991473533e-17 0.140625 0.06406250000000002 0.140625
0 0.7984375000000001 0.8 0.7734375000000002 0.8 0.7734375000000002 0.840625 0.7984375000000001 0.840625
0 0.1062500000000001 0.7328125 0.04062500000000009 0.7328125 0.04062500000000009 0.83125 0.1062500000000001 0.83125
4 0.039062500000000056 0.4234375 5.1856137901395736e-17 0.4234375 5.644856339819831e-17 0.4984375 0.039062500000000056 0.4984375
4 0.2968750000000001 0.7 0.2562500000000001 0.7 0.2562500000000001 0.7703125 0.2968750000000001 0.7703125
0 0.821875 0.7859375000000001 0.6609375000000002 0.7859375 0.6609375000000002 0.9765625 0.821875 0.9765625
4 0.1531250000000001 0.796875 0.11562500000000009 0.796875 0.11562500000000009 0.8953125 0.1531250000000001 0.8953125
4 0.10468750000000007 0.48125 0.050000000000000065 0.48125 0.050000000000000065 0.565625 0.10468750000000009 0.565625
4 0.03281250000000007 0.5453125 0.0031250000000000665 0.5453125 0.003125000000000071 0.6109375 0.03281250000000008 0.6109375
1 0.021875000000000026 0.1546875 1.894375517431062e-17 0.1546875 2.5354015763597545e-17 0.259375 0.021875000000000033 0.259375
4 0.1906250000000001 0.7296875 0.1546875000000001 0.7296875 0.1546875000000001 0.784375 0.1906250000000001 0.784375