2 0.66875 0.19218750000000007 0.415625 0.19218750000000004 0.415625 0.48984375 0.66875 0.48984375
2 0.19531250000000006 0.29375 0.08906250000000004 0.29375 0.08906250000000004 0.43359375 0.19531250000000006 0.43359375
2 0.3437500000000001 0.5421875 0.2328125000000001 0.5421875 0.2328125000000001 0.7359375 0.3437500000000001 0.7359375
2 0.97265625 0.5843750000000002 0.8546875 0.5843750000000002 0.8546875 0.6867187500000002 0.97265625 0.6867187500000002
4 0.825 0.3703125000000001 0.634375 0.3703125000000001 0.634375 0.6250000000000001 0.825 0.6250000000000002
4 0.99921875 0.1437500000000001 0.8796875 0.1437500000000001 0.8796875 0.3648437500000001 0.99921875 0.3648437500000001
4 0.97578125 0.05156250000000011 0.8890625 0.05156250000000011 0.8890625 0.2078125000000001 0.97578125 0.2078125000000001
4 0.06093750000000009 0.490625 6.008423358316702e-17 0.490625 8.15155525682457e-17 0.840625 0.06093750000000011 0.840625
4 0.9828125 0.40937500000000016 0.8640625 0.40937500000000016 0.8640625 0.5500000000000002 0.9828125 0.5500000000000002
4 0.51640625 0.06875000000000006 0.465625 0.06875000000000006 0.465625 0.17343750000000005 0.51640625 0.17343750000000005
4 0.05625000000000001 3.4443191226019317e-18 0 0 6.505936120470313e-18 0.10625 0.05625000000000002 0.10625
4 0.87109375 0.031250000000000104 0.809375 0.0312500000000001 0.809375 0.3343750000000001 0.87109375 0.3343750000000001