2 0.8863810247122169 0.29890015002225034 0.648917196587693 0.29475520311998504 0.6433815109375001 0.6118943937500001 0.880845339062024 0.6160393406522654
2 0.7891627281398687 0.5863097303981737 0.6594949796874999 0.5840463718750001 0.6558408827976313 0.7933894836643265 0.78550863125 0.7956528421875001
0 0.9861871736408541 0.7585245109410497 0.8096515650770073 0.7554430703029349 0.8053828078124999 1 0.9819184163763467 1.0030814406381148
4 0.0991531250152536 0.4554974788136308 0.0007306171875000545 0.4537795078125 -0.005077760952753435 0.7865413196238693 0.09334474687500009 0.7882592906250001
4 0.5136196898489651 0.16737453595122784 0.34177086643920623 0.16437490311193853 0.33787134375000005 0.38777837343750005 0.5097201671597589 0.3907780062767894
0 0.211549823722967 0.10428057969248287 0.08031981275867763 0.1019899515397417 0.07148453278571076 0.608162848409759 0.20271454375000011 0.6104534765625
1 0.4925704609375 0.4779919843750001 0.23635948905494084 0.4735198051205679 0.23079653436744083 0.7922212582455679 0.48700750625 0.7966934375
0 0.765026890625 0.0889377500000001 0.580679971884732 0.08571996194245775 0.57735310625 0.2763159296875001 0.7617000249902681 0.27953371774504243
2 0.40417953985714467 0.17015246563887063 0.3698097742326206 0.16955253904910542 0.3689098843750001 0.2211071859375001 0.4032796499995241 0.22170711252726533
4 0.6648978671951752 0.0059276151853006305 0.5196074984375001 0.0033915625000000655 0.5155716296602348 0.23460634218702414 0.6608619984179099 0.23714239487232472
4 0.9260762272145715 0.08393518753865563 0.8510876484375002 0.08262625625000011 0.8494242149724528 0.17792423905110985 0.9244127937495241 0.17923317033976538
4 0.19475462031250004 0.17118515312500002 0.14476223594505497 0.17031253237967764 0.14331695781250003 0.25311242031250003 0.19330934217994508 0.25398504105782244
2 0.3484289546875 0.14105005000000007 0.315621451538799 0.1404773935453341 0.314776101538799 0.1889075169828341 0.34758360468750005 0.18948017343750007
4 0.8752278453125003 0.9378653171875001 0.8486693906428643 0.9374017380390471 0.8480421953124999 0.9733337656250004 0.8746006499821359 0.9737973447734534
2 0.612194357814451 0.3394336061382337 0.5903226890625002 0.3390518343750001 0.5896136843482107 0.3796706484097589 0.6114853531001615 0.38005242017299257
0 0.2525583156250001 0.1721941203125 0.19006783439221983 0.17110334432597715 0.18764085781297588 0.3101446655977348 0.25013133904575613 0.31123544158425764
2 0.8998264531446454 0.7820208863745204 0.8685812125 0.7814754984375001 0.8677903999727347 0.8267810984370241 0.8990356406173801 0.8273264863740444
2 0.68660591875 0.015682957812500082 0.6522361546917665 0.015083031005567451 0.6515816890624999 0.05257732031250008 0.6859514531207334 0.053177247119432704
2 0.7422446875219523 0.9464832534298736 0.7016258741504898 0.945774249985172 0.7006793609375003 1.0000000000000002 0.7412981743089627 1.0007090034447017
4 0.6631728000000001 0.6419318750000003 0.6100558906250001 0.6410047156250002 0.6085560740112563 0.726929126572515 0.6616729833862564 0.727856285947515
0 0.28681873437500005 3.608224830031759e-17 0.16808682031163497 -0.002072473387940389 0.16466259999913496 0.19410096567455964 0.2833945140625 0.19617343906250004
4 1.0054811473968563 0.05406644567660777 0.8344481546875 0.051081053125000095 0.828967007284449 0.36509571874078295 0.9999999999938053 0.36808111129239063
2 0.6075506546875002 0.5159419453125001 0.49194326562787155 0.5139240107729893 0.4895980984374999 0.6482785453125001 0.6052054874971285 0.6502964798520108
2 0.26298748595030275 0.02235331332903375 0.21924415000000003 0.02158977031250003 0.21831699059773474 0.07470667968702412 0.26206032654803746 0.07547022270355783
2 0.5418767531250002 0.16005407500000007 0.5106315125157842 0.15950868659572973 0.50986796875 0.20325202343750007 0.5411132093592159 0.20379741184177042
2 0.8466277359374998 0.7857805140624999 0.815382495294244 0.7852351260458936 0.8147280296692438 0.8227294151083939 0.8459732703124999 0.8232748031250002
2 0.44020209218750017 0.8818270359375001 0.2949117234434891 0.8792909824693916 0.29292105781250005 0.9933361109375 0.4382114265565112 0.9958721644056083
2 0.8864830047039545 0.8302328537448327 0.8614868125000001 0.8297965437500002 0.8606687312335458 0.8766644056301678 0.8856649234375003 0.8771007156250002
1 0.4637134718750001 0.5196822109375001 0.3824758452873401 0.5182642030039186 0.3803215640373401 0.6416829030039188 0.46155919062500006 0.6431009109375002
2 0.09026249531291439 0.3381369421637647 0.044956896875000055 0.3373461296875 0.04291169218708573 0.45451578127373543 0.08821729062500007 0.45530659375000015
4 0.3543551296875001 0.5177733531250002 0.24812131161014778 0.5159190359219676 0.24651241875000007 0.6080924953125001 0.3527462368273524 0.6099468125155325
0 0.3132419203145179 0.8139759420719029 0.16326476562500014 0.8113580812499999 0.16023786406048238 0.984769165740597 0.3102150187500001 0.9873870265625001
2 0.21140283281250008 0.9184645187499999 0.1801575921979623 0.9179191306506226 0.17931224062500012 0.9663492546875002 0.21055748123953794 0.9668946427868775
0 0.8770813531482767 0.20497354241648846 0.7255419359375 0.20232841250000008 0.7222968796602347 0.3882375937495242 0.8738362968710114 0.3908827236660125
0 0.6222971067347927 0.834997900008462 0.4723199523343687 0.8323800390486994 0.4694021281250002 0.9995420765625003 0.6193792825254242 1.0021599375222627
0 0.9975355968749999 0.4664905890625001 0.9131734469047222 0.46501804204721325 0.9107737406527413 0.6024971015357108 0.995135890623019 0.6039696485509978
2 0.1259376421875001 0.5325391671874999 0.07125847031250007 0.5315847390624999 0.0698131934604895 0.6143846265847202 0.1244923653354895 0.6153390547097202
2 0.7083807750246864 0.46925706264821365 0.6599506515902412 0.4684117124732108 0.6588326078125001 0.5324644562499999 0.7072627312469454 0.5333098064250028
0 0.06738621875497079 0.7534259465902331 8.881784197001253e-17 0.7522497156250001 -0.0038722531555308746 0.9740909236241151 0.06351396559943984 0.9752671545893479
0 0.6681358265652457 0.35760018578020236 0.5868982015625 0.35618217812500014 0.5842530718722545 0.5077215954697978 0.6654906968750002 0.5091396031250001
4 0.24132332815090546 0.8158460735158828 0.19757999065274126 0.8150825312232108 0.19654375468750013 0.8744484890625 0.2402870921856643 0.8752120313551719
2 0.3427727375000001 0.6441529609375001 0.2755954703212759 0.6429803776222333 0.2736320750000001 0.7554632437500001 0.3408093421787243 0.7566358270652669
4 0.3169391015761327 0.781222978125238 0.22320337967386744 0.7795868156247621 0.22224895153523488 0.834265987499524 0.31598467343750014 0.8359021500000001
2 0.8668466156423621 0.07508763963031703 0.846537209375 0.0747331375000001 0.8460736296602347 0.10129159218702417 0.8663830359275968 0.10164609431734109
2 0.72842539531389 0.5743103905453729 0.6987424171875 0.5737922718750001 0.6975698328111101 0.6409695391421272 0.7272528109375 0.6414876578125
0 0.9998965781360543 0.510288464991717 0.9592777656250002 0.5095794609375001 0.9513151046764461 0.9657599725082833 0.9919339171875002 0.9664689765625001
2 0.3160269453125001 0.38583433906250003 0.24416289219845688 0.3845799478097821 0.2421176890625 0.5017496 0.31398174217654323 0.503003991252718
4 1.0020452040850396 0.019626233548499208 0.7428746203125 0.015102393750000087 0.7408294162149099 0.13227204685802346 0.9999999999874495 0.1367958866565226
0 0.8699711394119856 0.07514217813110038 0.8309145878499613 0.07446044372883517 0.8289239234375 0.1885055718750001 0.8679804749995241 0.18918730627726532
0 0.6260330130279909 0.6209680031342162 0.5572934833409668 0.619768149981951 0.5545392750000001 0.7775566140625002 0.6232788046870241 0.7787564672147653
2 0.4230128500000001 0.5236599921875001 0.3792695140436227 0.5228964495189893 0.3779878531061226 0.5963227651439893 0.42173118906250007 0.5970863078125002
4 0.5024765796875 6.38378239159465e-17 0.3181296604328336 -0.0032177872746858537 0.31706672918283363 0.057677506475314146 0.5014136484375 0.06089529375000006
4 0.07305034375000004 0.339399240625 0.0027485515228208627 0.33817211874930736 -0.0009328140561770573 0.549077492676349 0.06936897817100211 0.5503046145520416
0 0.3442101078212997 0.4722768682458726 0.3020290328125001 0.4715405953125001 0.30085644999120054 0.5387178630041276 0.3430375250000001 0.5394541359375001
4 0.30903807656250004 0.6966972124999999 0.27466831093750005 0.6960972859375 0.2736320741648617 0.7554632437626962 0.3080018397898617 0.7560631703251961
0 0.7055253968944724 0.7223707801344307 0.6680311078402412 0.7217163155982107 0.6671857578125001 0.7701464390625001 0.7046800468667314 0.77080090359872
4 0.6347556671875001 0.3898350312500001 0.5925745937507525 0.3890987577693839 0.591374740625 0.4578382875 0.6335558140617475 0.4585745609806162
2 0.21320261250000017 0.8153552250000002 0.19289320626220602 0.8150007227382268 0.19204785468750013 0.8634308468750002 0.2123572609252943 0.8637853491367735
0 0.898290648458606 0.15377339722833447 0.8373624296874999 0.1527098921875001 0.8362443859102348 0.21676263593702413 0.8971726046813409 0.21782614097785852
4 0.6811370390624999 0.7766409109375 0.5670919109375 0.7746502453125 0.5640650083997831 0.9480613312329774 0.678110136524783 0.9500519968579774
0 0.9926851953125 0.47578235312500006 0.8052137506061999 0.4725100281083078 0.8010960749995242 0.7084115937772653 0.9885675197058242 0.7116839187939575
0 0.7819584416585121 0.01422186720554012 0.6944717671875 0.012694781250000089 0.6932991833414878 0.07987204841946008 0.7807858578125 0.0813991343750001
4 0.5677771939811033 0.466802818754034 0.4631056375000001 0.4649757703125001 0.4617421685188969 0.5430888718709662 0.5664137250000001 0.5449159203125001
0 0.5445218828125 0.008514657812500066 0.47734461561040387 0.007342074273715607 0.4755993749854038 0.1073268445862156 0.5427766421874999 0.10849942812500006
0 0.6615753609375001 0.5543906625000001 0.6459527406295709 0.554117968488148 0.6449710421875002 0.6103594015625002 0.6605936624954295 0.6106320955743523
2 0.36722709063181636 0.4070436355469941 0.35316673281250005 0.4067982109375 0.35283949999318376 0.42554535507800606 0.36689985781250006 0.4257907796875001
4 0.3070782281250001 0.5403892015624999 0.2961423937444836 0.5401983159410401 0.29573335311948357 0.5636322471910402 0.30666918750000005 0.5638231328125001
4 0.8584547421875 0.018682590625000092 0.7631567574181153 0.01701915780561608 0.7621750593749999 0.0732605906250001 0.8574730441443845 0.0749240234443841
4 0.40337727189865535 0.3951727345822826 0.3799433421875 0.39476369375000003 0.3793434155977347 0.42913345937452413 0.40277734530889014 0.42954250020680673