1 0.23437500000000006 0.2765625 3.386913803891899e-17 0.2765625 5.750099424121557e-17 0.6625 0.23437500000000008 0.6625
0 0.7281250000000001 0.5218750000000001 0.590625 0.521875 0.5906250000000001 0.7523437500000001 0.7281250000000001 0.7523437500000002
0 0.85234375 0.6765625000000001 0.7140625 0.6765625 0.7140625 0.99921875 0.85234375 0.99921875
0 0.6015625 0.12968750000000007 0.5296875 0.12968750000000004 0.5296875 0.3070312500000001 0.6015625 0.3070312500000001
0 0.8140625 0.04062500000000009 0.6640625 0.04062500000000008 0.6640625 0.2734375000000001 0.8140625 0.2734375000000001
0 1 0.5578125000000002 0.9 0.5578125000000002 0.9 0.8359375 1 0.8359375
1 0.3109375000000001 0.640625 0.010937500000000077 0.640625 0.0109375000000001 1 0.3109375000000001 1
4 0.5265625 3.903561672282188e-17 0.1109375 1.358592542804095e-17 0.11093750000000002 0.3296875 0.5265625 0.3296875000000001
1 0.48125000000000007 0.6703125 0.24218750000000008 0.6703125 0.24218750000000008 0.99140625 0.4812500000000002 0.99140625
0 0.55859375 0.3750000000000001 0.4828125 0.3750000000000001 0.4828125 0.559375 0.55859375 0.559375
0 0.99609375 0.3656250000000001 0.8515625 0.3656250000000001 0.8515625 0.6062500000000002 0.99609375 0.6062500000000002
0 0.7843750000000002 0.7562500000000001 0.7156250000000002 0.75625 0.7156250000000002 0.8828125 0.7843750000000002 0.8828125
0 0.421875 0.32812500000000006 0.24375 0.328125 0.24375000000000005 0.56640625 0.421875 0.56640625
0 0.2125 0.16875 0.140625 0.16875 0.14062500000000003 0.26015625 0.2125 0.26015625
0 0.9953125 0.3671875000000001 0.9546875 0.3671875000000001 0.9546875 0.4500000000000002 0.9953125 0.4500000000000002
0 0.8875 0.4781250000000002 0.8453125 0.4781250000000002 0.8453125 0.5640625000000001 0.8875 0.5640625000000001
4 0.4039062500000001 0.671875 0.3546875000000001 0.671875 0.3546875000000001 0.759375 0.4039062500000002 0.759375
0 0.3171875 0.221875 0.25625 0.221875 0.25625 0.33515625 0.3171875 0.33515625
0 0.87890625 0.1468750000000001 0.7734375 0.1468750000000001 0.7734375 0.33671875000000007 0.87890625 0.33671875000000007
0 0.859375 0.0468750000000001 0.8046875 0.0468750000000001 0.8046875 0.1398437500000001 0.859375 0.1398437500000001
0 0.953125 0.003125000000000113 0.890625 0.0031250000000001095 0.890625 0.05625000000000011 0.953125 0.05625000000000011
1 0.51640625 0.2390625000000001 0.4453125 0.2390625000000001 0.4453125 0.6625 0.51640625 0.6625
4 0.93125 0.0718750000000001 0.8515625 0.0718750000000001 0.8515625 0.1851562500000001 0.93125 0.18515625000000013
0 0.75078125 0.034375000000000086 0.6953125 0.034375000000000086 0.6953125 0.11953125000000009 0.75078125 0.11953125000000009
2 0.051562500000000046 0.303125 0.010937500000000036 0.303125 0.010937500000000041 0.36875 0.051562500000000046 0.36875
0 0.6671875 0.5375 0.6203125 0.5375 0.6203125 0.6109375 0.6671875 0.6109375
0 0.042187500000000086 0.659375 0.0015625000000000805 0.659375 0.0015625000000000868 0.7609375 0.042187500000000086 0.7609375
0 0.30390625000000004 0.3296875 0.2609375 0.3296875 0.26093750000000004 0.39375 0.3039062500000001 0.39375
0 0.634375 0.4265625 0.5890625 0.4265625 0.5890625 0.50078125 0.634375 0.50078125
0 0.6125 0.4859375 0.5734375 0.4859375 0.5734375 0.55390625 0.6125 0.55390625
2 0.1140625000000001 0.70625 0.0750000000000001 0.70625 0.0750000000000001 0.79453125 0.1140625000000001 0.79453125
0 0.10546875000000008 0.5828125 0.05937500000000007 0.5828125 0.05937500000000008 0.68359375 0.10546875000000008 0.68359375
0 0.7640625000000002 0.903125 0.7218750000000002 0.903125 0.7218750000000002 0.984375 0.7640625000000002 0.984375
2 0.11875000000000005 0.3890625 0.07812500000000004 0.3890625 0.07812500000000006 0.47421875 0.11875000000000005 0.47421875
0 1 0.006250000000000119 0.946875 0.006250000000000117 0.946875 0.06328125000000012 1 0.06328125000000014
2 0.04687500000000006 0.4125 0.00781250000000005 0.4125 0.007812500000000057 0.5265625 0.04687500000000007 0.5265625
0 0.16171875 0.04218750000000002 0.1015625 0.04218750000000001 0.1015625 0.13984375 0.16171875 0.13984375
0 0.65859375 0.478125 0.625 0.478125 0.625 0.54296875 0.65859375 0.54296875
2 0.09296875000000006 0.378125 0.05625000000000004 0.378125 0.05625000000000006 0.465625 0.09296875000000007 0.465625
2 0.5835937500000001 0.703125 0.553125 0.703125 0.5531250000000001 0.78828125 0.5835937500000001 0.78828125
2 0.09062500000000002 0.190625 0.057812500000000024 0.190625 0.057812500000000024 0.2671875 0.09062500000000002 0.2671875
0 0.2421875 0.29375 0.2046875 0.29375 0.2046875 0.36171875 0.2421875 0.36171875
0 0.0757812500000001 0.878125 0.042187500000000114 0.878125 0.042187500000000114 0.95078125 0.0757812500000001 0.95078125
0 0.06640625000000007 0.546875 0.026562500000000065 0.546875 0.026562500000000072 0.62578125 0.06640625000000007 0.62578125
0 0.6640625 0.09843750000000008 0.6328125 0.09843750000000007 0.6328125 0.1453125000000001 0.6640625 0.1453125000000001
0 0.7796875 0.001562500000000094 0.7546875 0.0015625000000000922 0.7546875 0.035937500000000094 0.7796875 0.0359375000000001
0 0.3664062500000001 0.6390625 0.3218750000000001 0.6390625 0.3218750000000001 0.70234375 0.3664062500000001 0.70234375
0 0.4484375 0.55625 0.36406250000000007 0.55625 0.36406250000000007 0.69375 0.4484375 0.69375
2 0.17187500000000006 0.334375 0.14375000000000004 0.334375 0.14375000000000004 0.38984375 0.17187500000000006 0.38984375
2 0.09609375000000002 0.153125 0.06562500000000002 0.153125 0.06562500000000002 0.2 0.09609375000000002 0.2
2 0.045312500000000026 0.165625 0.012500000000000022 0.165625 0.012500000000000025 0.2484375 0.04531250000000003 0.2484375
1 0.603125 0.00781250000000007 0.5296875 0.007812500000000064 0.5296875 0.15468750000000006 0.603125 0.1546875000000001
2 0.5585937500000001 0.7203125 0.53125 0.7203125 0.5312500000000001 0.78125 0.5585937500000002 0.78125
2 0.6195312500000002 0.8859375 0.5734375000000002 0.8859375 0.5734375000000002 0.94609375 0.6195312500000002 0.94609375
0 0.2765625 0.07656250000000003 0.246875 0.07656250000000002 0.246875 0.12968750000000004 0.2765625 0.12968750000000004
2 0.1179687500000001 0.8484375 0.09062500000000011 0.8484375 0.09062500000000011 0.90625 0.1179687500000001 0.90625
0 0.81953125 0.7484375000000002 0.7781250000000002 0.7484375000000002 0.7781250000000002 0.82109375 0.81953125 0.82109375
0 0.06796875000000008 0.634375 0.02968750000000008 0.634375 0.029687500000000082 0.74765625 0.06796875000000009 0.74765625
2 0.11328125 0.04843750000000001 0.084375 0.04843750000000001 0.084375 0.10234375 0.11328125 0.10234375
2 0.08125000000000002 0.090625 0.04531250000000001 0.090625 0.04531250000000002 0.17109375 0.08125000000000002 0.17109375
0 0.79453125 0.3578125000000001 0.671875 0.3578125000000001 0.671875 0.5859375000000001 0.79453125 0.5859375000000002
2 0.6375000000000002 0.8078125 0.5921875000000002 0.8078125 0.5921875000000002 0.85546875 0.6375000000000002 0.85546875
1 0.90703125 0.0046875000000001065 0.84375 0.004687500000000103 0.84375 0.0875000000000001 0.90703125 0.0875000000000001
2 0.06328125000000002 0.1875 0.03750000000000002 0.1875 0.037500000000000026 0.25546875 0.06328125000000002 0.25546875
2 0.024218750000000008 0.0328125 4.018372309702252e-18 0.0328125 8.132420150587892e-18 0.1 0.02421875000000001 0.1
2 0.6000000000000002 0.7421875 0.5765625000000002 0.7421875 0.5765625000000002 0.8015625 0.6000000000000002 0.8015625
2 0.6281250000000002 0.85 0.5843750000000002 0.85 0.5843750000000002 0.8953125 0.6281250000000002 0.8953125
2 0.6304687500000001 0.7671875 0.5937500000000002 0.7671875 0.5937500000000002 0.8140625 0.6304687500000001 0.8140625
2 0.026562500000000006 0.0015625000000000018 1.9135106236677395e-19 0.0015625 3.061616997868383e-18 0.0484375 0.02656250000000001 0.0484375
2 0.07109375 0.0031250000000000062 0.0296875 0.003125000000000004 0.0296875 0.027343750000000007 0.07109375 0.02734375000000001
0 0.67578125 0.028125000000000077 0.634375 0.028125000000000077 0.634375 0.06640625000000008 0.67578125 0.06640625000000008