2 0.6718775328125002 0.8531099390625002 0.5839115402204353 0.8391774946126036 0.5584397578125002 1 0.646405750404565 1.0139324444498967
0 0.27158271250000005 0.4938798140625001 0.11416988300231971 0.4689480706765258 0.0645508250382371 0.7822304669460804 0.22196365453591743 0.8071622103320548
4 0.85762485625 0.5692980265625 0.7866347563901545 0.5580542991150993 0.767813734375 0.6768855531250001 0.8388038342348457 0.6881292805724007
4 0.9937818390625001 0.5386579406250002 0.859517956349908 0.517392630619207 0.8201649109375 0.7658579796875001 0.954428793650092 0.7871232896932933
4 0.8574476518745076 0.7701810074050612 0.8065199703507371 0.7621148560085806 0.7950318153512296 0.8346482204785195 0.845959496875 0.8427143718750001
4 0.6731904016757791 0.3154457789722838 0.6346088265625001 0.3093350578125001 0.6209208108242208 0.3957577882152164 0.6595023859375 0.4018685093750001
4 0.6486084968750001 0.4207087843750002 0.5945942907976982 0.4121537739096272 0.5838394203125 0.48005734843750003 0.6378536263898019 0.488612358902873
2 0.6756108671875001 0.5199041453125001 0.6030775046890698 0.5084159890525887 0.5874340578124999 0.6071848234375001 0.6599674203109303 0.6186729796974115
2 0.7449379359943048 0.6115652887038501 0.6801208890625001 0.6012992765625003 0.6676550169460806 0.680005692149263 0.7324720638778853 0.6902717042906129
2 0.794753775006698 0.7365216233952114 0.7654317765625 0.731877475 0.7580989109308022 0.7781753656672887 0.7874209093750001 0.7828195140625002
2 0.6462794046875 0.7050957093750001 0.5799190937915861 0.6945852684874362 0.5652533625000002 0.78718105 0.6316136733959141 0.7976914908875639
4 0.512101675 0.50349869375 0.481236414102451 0.49861011693525964 0.4726814046875 0.5526243234374999 0.503546665585049 0.5575129002522403
4 0.4888137093750001 0.4507689625000001 0.4456023437500002 0.44392495468750004 0.4353363320121315 0.5087420032457098 0.47854769763713145 0.5155860110582099
0 0.5589266063282241 0.2577987526311133 0.5002826109375001 0.2485104562500001 0.48341702007108056 0.35499560621176307 0.5420610154618045 0.36428390259287624
0 0.6245967078267036 0.18277312959782285 0.56440945 0.17324040468750007 0.5512102921732964 0.25657660946467736 0.6113975500000001 0.2661093343750001
0 0.4017389531250001 0.10159860312500006 0.31068643446183963 0.08717730101421624 0.28697683593749995 0.236873815625 0.37802935460066045 0.25129511773578384
0 0.5290485266235707 0.05690141211441453 0.4179335875 0.03930253437500006 0.3964238481960804 0.17510968121176293 0.5075387873196513 0.1927085589511774
0 0.23159657031250003 0.027191393750000025 0.17912562683034464 0.018880812371395723 0.16617089687500003 0.10067375468750003 0.21864184035715542 0.10898433606610433
0 0.07978210468750009 0.696052165625 8.881784197001253e-17 0.683415921875 -0.030309176975644704 0.8747805376820399 0.0494729277118553 0.8874167814320397
0 0.38981023593750014 0.7562296343750001 0.30801729547209417 0.7432749052423626 0.2901739890625 0.8559331078125002 0.371966929527906 0.8688878369451375
0 0.5350877765625002 0.6779928250000001 0.45946788749999995 0.6660158109375 0.4450465849549303 0.7570683297793519 0.5206664740174306 0.7690453438418521
0 0.3020116571393583 0.22185335326586056 0.18935345561509545 0.204010046774441 0.16808814531250005 0.33827392968750003 0.2807463468367629 0.3561172361789196
4 0.9545051593750001 0.2872307281250001 0.8819717967944205 0.275742572383758 0.8624174889819207 0.399203616133758 0.9349508515625002 0.4106917718750001
4 0.7741972781944952 0.0672535776862244 0.71092349375 0.05723199531250006 0.6943023327430048 0.16217388168877575 0.7575761171875001 0.1721954640625001
2 0.7518348109375002 0.7977489265625002 0.6793014463994758 0.7862607715522087 0.6685465781250001 0.8541643453125003 0.7410799426630245 0.8656525003227916
2 0.73473915 0.8757220546875001 0.6791816800362233 0.8669226161810665 0.6581042937500001 1 0.713661763713777 1.0087994385064336
2 0.5964397423838742 0.8000303706351426 0.5362524843750001 0.7904976453125001 0.50307057069476 0.9999999998130683 0.5632578287036342 1.009532725135711
2 0.6952372953125001 0.7555632500000001 0.6288769844189088 0.7450528090977716 0.6137223953125002 0.8407351171875002 0.6800827062060915 0.8512455580897287
2 0.8511401500000002 0.37052385468750015 0.794039417280507 0.3614799869127775 0.7747295375 0.4833977671875001 0.8318302702194931 0.4924416349622227
0 0.30900415 0.03786957343750004 0.2302977342910279 0.025403702092678865 0.2075658514785279 0.16892716459267887 0.2862722671875 0.18139303593750006
0 0.17910180312500001 0.23877180937500006 0.07261665312500003 0.22190621875000005 0.04719605277529665 0.3824055751920882 0.15368120277529665 0.39927116581708816
0 0.6103721875 0.712064378125 0.5486416658216364 0.7022872237584862 0.5014885932750014 0.9999999996772919 0.5632191149533649 1.0097771540438056
2 0.5077163156250001 0.5012221437500001 0.4799375810784145 0.49682242452084885 0.47309357326591445 0.5400337901458488 0.5008723078125 0.5444335093750001
0 0.790363195316114 0.06506807810218249 0.6915943609374999 0.04942463125000006 0.6576187499963859 0.2639381922103177 0.756387584375 0.2795816390625001
0 0.31803365791496563 0.010824125915557948 0.23624071687570733 -0.0021306031036764095 0.21668640896074173 0.12133043973076567 0.29847935000000003 0.13428516875000002
4 0.4642171203680051 0.07669068402455495 0.4225490171875001 0.07009110468750004 0.414727293694495 0.11947552222544515 0.45639539687499997 0.12607510156250004
4 0.09168699850213467 0.26131212927941294 0.06545152656250003 0.25715683906250003 0.05958523431036537 0.2941951535330872 0.08582070625000002 0.2983504437500001
2 0.3754320109375002 0.7571163015625002 0.34148022352737 0.7517388666200837 0.3341473578125 0.7980367578125002 0.3680991452226302 0.8034141927549167
4 0.5050129141587091 0.03885675408006034 0.46643133906250006 0.03274603281250005 0.45958733115379113 0.07595739748243978 0.4981689062500001 0.08206811875000007
4 0.25325022353205184 0.10022797284052301 0.22701475156249998 0.09607268281250002 0.2204151733429481 0.13774078497197706 0.24665064531250006 0.14189607500000004
2 0.3466416359375001 4.4408920985006264e-17 0.29880048285898475 -0.007577294043492583 0.29593911875000006 0.010488648437500036 0.34378027182851534 0.018065942480992664
4 0.08709082187500006 0.36024870312499996 0.05931208763697619 0.35584898351016675 0.05369022343750005 0.391344034375 0.08146895767552391 0.3957437539898332
2 0.5395641859375001 0.659718096875 0.5148719765625 0.6558072359375001 0.5097389717622057 0.6882157596046108 0.5344311811372058 0.6921266205421108
4 0.16006050229341795 0.6486518988007417 0.11221934687500006 0.641074603125 0.10293104923084506 0.6997185983156778 0.15077220464926294 0.7072958939914196
4 0.036661789148802956 0.6686568807051053 8.881784197001253e-17 0.6628502234375 -0.009288296961302778 0.7214942192948948 0.02737349218750009 0.7273008765625001
4 0.14100940937500006 0.7389711296874999 0.09779804375000004 0.7321271218749998 0.08850974755733358 0.7907711172955709 0.13172111318233362 0.797615125108071
4 0.21564668765059283 0.5973407677991949 0.18478142656250007 0.5924521906250001 0.17793741850858055 0.6356635562117628 0.2088026795966733 0.6405521333859576
4 0.2388912531250001 0.23083978437500002 0.19722315000000007 0.22424020468750006 0.18915699733943095 0.2751678844485587 0.23082510046443097 0.2817674641360587
4 0.24350668294341798 0.2616283538609165 0.2188144734375 0.2577174921875 0.21245932330658204 0.2978423320765835 0.23715153281250007 0.30175319375
4 0.100755014260977 0.49371696905936585 0.07606280496715669 0.48980610760931764 0.06897436875000007 0.5345607359375002 0.09366657804382039 0.5384715973875485
2 0.6447070984375001 0.2555652812500001 0.6045822609441978 0.24921013120771135 0.5972493953125 0.295508021875 0.6373742328058023 0.3018631719172888
2 0.20950235468750006 0.5362524843750001 0.1570314109375001 0.5279419031250001 0.14749868554590276 0.5881291611229529 0.19996962929590273 0.5964397423729528
2 0.40565503323169844 0.7460833906913946 0.37787629843750015 0.741683671875 0.37225443551830184 0.7771787218086055 0.4000331703125001 0.7815784406249999
4 0.3152682516204719 0.01829601213397989 0.276686675 0.01218529062500005 0.26984266694608045 0.05539665621176294 0.30842424356655235 0.06150737772074279
2 0.6569141828125 0.20845741250000005 0.6183326061631539 0.20234669117332427 0.6109997405381539 0.24864458336082426 0.6495813171875 0.2547553046875001
4 0.5387202718750002 0.045777451562500064 0.4908791188499168 0.038200157181650526 0.4798798203125 0.10764699375000006 0.5277209733375833 0.11522428813084959
4 0.13077179062680339 0.23428104061361427 0.09682000468750003 0.22890360625000006 0.08777613749819671 0.28600433907388584 0.12172792343750005 0.29138177343750005
2 0.6153851016107839 0.2509211325076476 0.582976578125 0.2457881265625001 0.5756437124517161 0.29208601749235263 0.6080522359375 0.2972190234375001
4 0.2371374984375001 0.8412050453125 0.20318571118438214 0.8358276093787487 0.19634170180938212 0.8790389750037486 0.23029348906250008 0.8844164109375001
4 0.7413863765625 0.39427196093750005 0.7105211156934578 0.38938338394277394 0.700988390625 0.4495706421875 0.7318536514940421 0.4544592191822262
2 0.4601385187499999 0.11243016250000004 0.4231002063007955 0.1065638699917892 0.4152784828124999 0.15594828750000003 0.4523167952617044 0.16181458000821086
2 0.45999525312500006 0.9223795718750001 0.4368463078461736 0.9187131388498934 0.43122444375 0.9542081890625 0.4543733890288265 0.9578746220876069
2 0.36445164072445607 0.4468917134345599 0.3150672234375001 0.4390699906250001 0.3038234967755441 0.5100600912529403 0.3532079140625001 0.5178818140625
4 0.9143519265625002 0.8503827140625002 0.7600256233507867 0.8259398296737661 0.7324572015625003 1.0000000000000002 0.8867835047742139 1.0244428843887343
2 0.34097700638278905 0.7848806757241034 0.3147415346546566 0.7807253857343175 0.30814195625000007 0.8223934890625 0.3343774279781325 0.8265487790522859
2 0.4861967875000001 0.31746843593750007 0.45687478906250006 0.3128242875000001 0.44929749457441603 0.36066544075557483 0.4786194930119162 0.36530958919307477
4 0.7639315927178785 0.6414671940814793 0.7253500156250001 0.635356471875 0.7160617181813846 0.6940004670974401 0.754643295274263 0.7001111893039195
2 0.34933555937500005 0.802024309375 0.29532135294295037 0.7934692995869169 0.2848109123179504 0.8598296105244169 0.3388251187500001 0.8683846203125001
4 0.9275700140625001 0.38737508750000005 0.8210848656396316 0.3705094967826204 0.796886409375 0.5232925359375 0.9033715577978685 0.5401581266548796
4 0.3912383015625 0.48751976875 0.3619163034211058 0.4828756200054613 0.3538501502796566 0.5338033013593175 0.38317214842105074 0.5384474501038563
2 0.2855872766680845 0.7650339680833672 0.2608950687500001 0.7611231062500001 0.2552732045819158 0.7966181569166331 0.2799654125000002 0.8005290187500002
0 0.07371446093750009 0.6444678890625 6.661338147750939e-17 0.6327926656249999 -0.026153886584768537 0.7979218095199584 0.04756057435273149 0.8095970329574584
2 0.4780203328474171 0.25922224821704304 0.4486983343750001 0.25457810000000003 0.4418543265275831 0.29778946584545707 0.47117632500000006 0.3024336140625001
2 0.42947493460583763 0.7055607422925501 0.3924366218750001 0.6996944500000001 0.3838816122585806 0.753708656211763 0.4209199249894181 0.759574948504313
2 0.6275063547104424 0.8935415373551484 0.5935545672257372 0.8881641028835805 0.5801109812500002 0.9730435703125002 0.6140627687347052 0.9784210047840679
4 0.4155996015625001 0.16390903125000006 0.3955371828184099 0.16073145621268653 0.39138189218749997 0.18696692812500007 0.4114443109315903 0.1901445031623136
0 0.6164590843750001 0.8933737984375002 0.5840505600053009 0.8882407929209313 0.5663496421875001 1.0000000000000002 0.5987581665571994 1.0051330055165693
0 0.6089437968750001 0.47137767656250007 0.5117182250764358 0.4559786588924036 0.4880086265625 0.6056751734375001 0.5852341983610643 0.6210741911075967
2 0.6837246656896607 0.029194471466748195 0.6405133015625 0.022350464062500075 0.6314694343103392 0.07945119728325198 0.6746807984375 0.0862952046875001
2 0.303885503125 0.04022281406250004 0.27456350627591136 0.03557866546140207 0.26845278437500003 0.07416024062500004 0.2977747812240887 0.07880438922609802
0 0.5326819953125 0.9528757421874999 0.5049032610949256 0.9484760224435547 0.4970815368380509 0.9978604405201574 0.5248602710556255 1.0022601602641026
0 0.539108940625 0.7624744828125001 0.5051571531738537 0.7570970481290504 0.48071426875000006 0.9114233515624999 0.5146660562011465 0.9168007862459497
2 0.25508099385661465 0.008763286826861833 0.22730225781250005 0.004363567187500023 0.21996939194608048 0.050661459336762915 0.24774812799019505 0.055061178976124725
0 0.8137617890625002 0.7363682421875001 0.7566610563263492 0.7273243745179518 0.7134734796466005 0.9999999999935222 0.7705742123827515 1.0090438676630704
0 0.42463400469981316 0.2966440108597584 0.3675332719132371 0.28760014350858054 0.354822971875 0.36784982187500004 0.411923704661576 0.37689368922617783
4 0.5302853546875002 0.5285263796875 0.45466546566844623 0.5165493653506923 0.4407330203125001 0.604515359375 0.516352909331554 0.6164923737118078
0 0.7193975687500002 0.8527264890625001 0.6947053595055929 0.84881562730047 0.6731956203125 0.9846227750000001 0.6978878295569074 0.9885336367620303
0 0.636856982845739 0.8744568341651373 0.624510878125 0.872501403125 0.619377871841761 0.9049099267723626 0.6317239765625 0.9068653578125
2 0.49101389389259953 0.9462761631621628 0.4539755807850579 0.9404098702388606 0.44493171250000013 0.9975106031250001 0.48197002560754176 1.0033768960483023
4 1.0385746486191771 0.29580009732768975 0.9428923406918855 0.28064550913811803 0.9013394375000002 0.5430002250000002 0.9970217454272918 0.5581548131895719
0 0.7974229140624999 0.08042401718750007 0.758841337673692 0.07431329577835166 0.7405091736111921 0.19005802390335164 0.7790907499999999 0.19616874531250006
0 0.9301484296875 0.2612253265625001 0.9008264312500002 0.2565811781250001 0.8954489962203807 0.2905329657687942 0.9247709946578805 0.29517711420629417
0 0.7207633031934203 0.5444573328233369 0.7037874094816574 0.5417686153944172 0.6900993937500001 0.6281913453125002 0.7070752874617631 0.6308800627414197
0 0.7624072578415262 0.2615513404417368 0.713022840625 0.2537296171875001 0.6856468093459739 0.4265750767457634 0.7350312265625 0.43439680000000014
0 0.7785878578461737 0.7387071232248934 0.7662417531250001 0.7367516921875 0.7606198890288265 0.7722467424001069 0.7729659937500001 0.7742021734375001
0 0.7896494875 0.7088195781250001 0.7695870671875001 0.7056420031250001 0.7661650634136108 0.7272476860822019 0.7862274837261107 0.7304252610822018
0 0.7162581765625001 0.6228426281250001 0.6961957562500001 0.6196650531250001 0.6913071794646466 0.6505303142746792 0.7113695997771468 0.6537078892746792
0 0.8962684377113742 0.10557147054043585 0.8623166515625 0.10019403593750009 0.8390959106960805 0.24680402496176299 0.8730476968449548 0.25218145956469873
0 0.8514469093750001 0.4085398828125002 0.791259651628018 0.3990071573988359 0.7589950421875 0.6027178781250001 0.8191822999344822 0.6122506035386643
4 0.9419293111250076 0.7661598441286246 0.8555065796875002 0.7524718281250001 0.8344856981960806 0.8851924499617629 0.9209084296335879 0.8988804659653876
4 0.34557285937499993 0.17654753593750003 0.23754444606350256 0.15943751705897147 0.22605629062500002 0.23197087968750002 0.3340847039364974 0.2490808985660286
0 0.6808590703125 0.756449915625 0.6700562281250001 0.7547389140625 0.668100797849473 0.7670850189043413 0.678903640036973 0.7687960204668414
4 0.7978256171875 0.2576691968750001 0.7468979360217218 0.24960304478074483 0.7314989187500001 0.34682861562500006 0.7824265999157782 0.3548947677192554
4 0.8616744140625002 0.08427254843750012 0.7999438923521716 0.07449539427280541 0.7610797046875 0.3198742171875001 0.8228102263978286 0.3296513713521948
0 0.7027571532609695 0.8279432319540225 0.6950408375000001 0.8267210875 0.6908855466335806 0.8529565593367631 0.69860186239455 0.8541787037907855
0 0.6615299375000001 0.7486425515625001 0.6368377282994873 0.7447316895233314 0.6260828578507371 0.8126352638210805 0.65077506705125 0.8165461258602494
0 0.39742081732726925 0.29866177255503207 0.3418633484375 0.28986233437500003 0.3279309045477308 0.37782832744496797 0.38348837343750003 0.386627765625
0 0.9113848438357527 0.25983544320857893 0.9021252656250001 0.2583688703125001 0.8982144044460807 0.283061079649263 0.9074739826568333 0.28452765254534185
0 0.6346616921875001 0.5387300609375001 0.6207723250081747 0.5365302015108868 0.61319503125 0.58437135625 0.6270843984293254 0.5865712156766133
0 0.7177391078124999 0.5835277656250001 0.7084795296403981 0.58206119248489 0.7043242390153981 0.6082966643598899 0.7135838171875 0.6097632375
0 0.6252298058727541 0.897926898625226 0.6051673855984913 0.8947493233838065 0.6000343796875002 0.9271578468750002 0.620096799961763 0.9303354221164197