1 0.2666282687647268 0.2938434421039811 0.03581395224876723 0.2531446514079965 -0.031203390063952674 0.6332188943056538 0.19961092645200687 0.6739176850016383
0 0.7684783015625 0.29110340937500007 0.633067234375 0.267226784375 0.5930467552242058 0.4941941966941249 0.7284578224117058 0.5180708216941249
0 0.9336792828574028 0.06954935443284477 0.7974988359374999 0.04553706718750009 0.7414701655800972 0.36329144400465546 0.8776506125000001 0.38730373125000017
0 0.5665108656250001 0.7076732640625001 0.4957278078571476 0.6951923013092918 0.46493238906250023 0.8698418015625002 0.5357154468303527 0.8823227643157084
0 0.7699490203125002 0.7776568875000001 0.62222785625 0.7516096609375001 0.5818003903706612 0.9808852156866095 0.7295215544331615 1.0069324422491095
0 1.0482959018578493 0.2555594851222414 0.9522580359375 0.2386254171875001 0.9039621337406828 0.5125250730501419 0.999999999661032 0.5294591409848832
1 0.3961843968750001 7.771561172376095e-17 0.10074207020549415 -0.052094453490759154 0.042786732646172235 0.27658659840817196 0.33822905931567815 0.3286810518989312
4 0.4965845005216953 0.6723376000919891 0.08727377812500008 0.6001650765625002 0.03002414479080473 0.9248438827205112 0.4393348671875 0.99701640625
1 0.566866654737083 0.012803412218802102 0.33143605130181003 -0.02870935587074659 0.27567870579482356 0.28750625929474016 0.5111093092300966 0.3290190273842889
0 0.5680139392746213 0.4517017362970015 0.4933839765625 0.43854246093750004 0.4613675951003787 0.6201163918279986 0.5359975578125 0.6332756671875
0 1.0070070905354207 0.4815099516446841 0.8646715954255685 0.4564123629954125 0.8228875015625 0.6933817296875 0.9652229966723522 0.7184793183367715
0 0.8465293984375 0.17238448281250013 0.7788238640624999 0.16044617031250008 0.7568465164633827 0.2850859017103296 0.8245520508383828 0.2970242142103296
0 0.434593218948988 0.4210363457464833 0.2591743375000001 0.3901052640625001 0.21779723254529681 0.624766487452885 0.3932161139942848 0.6556975691368682
0 0.17521934122545368 0.6862761329183761 0.10443628346006886 0.6737951701511729 0.08856375468750008 0.7638127546875 0.1593468124528849 0.7762937174547033
0 0.9791051812500001 0.6352505 0.9390973657536937 0.628196043020141 0.9247171265624999 0.7097504359375 0.9647249420588062 0.7168048929173592
0 0.8927373406784168 0.5041994215720577 0.8511907640624999 0.49687363906250004 0.8362678733840829 0.5815055565529426 0.8778144499999998 0.5888313390625001
4 0.4504061266214755 0.2278789840405336 0.40193511875 0.21933223750000005 0.3867409029049118 0.30550291687318154 0.4352119107763873 0.3140496634137151
0 0.2913400156417897 0.6305943452172812 0.23132829375000002 0.6200126593750002 0.21165721092071044 0.7315729125952188 0.27166893281250004 0.7421545984375
0 0.8447963218749998 0.7265970203125 0.7409298781250001 0.7082825640625 0.707963857176798 0.8952421611009195 0.8118303009267975 0.9135566173509193
0 0.7913748094993406 0.9170894812719247 0.7375181348053531 0.907593096675372 0.7213742812482777 0.999149442197268 0.7752309559422652 1.0086458267938205
1 0.5443748314896922 0.3428176548906388 0.4743611546875 0.3304723546875001 0.4008320044202966 0.7474768890153848 0.4708456812224888 0.7598221892185235
4 0.8700263000000001 0.8849463421875002 0.7915494328352767 0.871108752995827 0.77187835 0.9826690062500004 0.8503552171647234 0.9965065954416736
0 0.6809036140625001 0.9182362812500001 0.6262775594671972 0.9086042337471621 0.6114903312500001 0.9924667703125 0.6661163858453031 1.0020988178153378
2 0.035583950000000045 0.5513856624999999 2.558927514328957e-10 0.5451112516737604 -0.011395662244107253 0.6097392610487604 0.024188287500000037 0.6160136718749999
0 0.6839116408798166 0.4197796938673635 0.6377487768768183 0.4116399357174119 0.6249964890624999 0.4839617562500001 0.6711593530654982 0.4921015143999517
0 0.09445402187500004 0.16352842031249998 0.05444620648260866 0.15647396274331077 0.036810062547115135 0.25649350129529674 0.07681787793950652 0.2635479588644859
0 0.28843523674290916 0.5705845017045152 0.24611927741502432 0.5631230561248121 0.23499494062500004 0.626212303125 0.2773108999528849 0.6336737487047033
0 0.6324692046875001 0.5225645921875002 0.5878451031250002 0.5146961593750001 0.5749571526660967 0.587787361132094 0.6195812542285967 0.595655793944594
0 0.6201515942718877 0.4664481266545229 0.5816825409267996 0.4596649950902044 0.569879891967412 0.5266011481231818 0.6083489453125 0.5333842796875001
2 0.17107057206664328 0.1429259973506371 0.1326015203125 0.13614286562500003 0.11727164199585671 0.2230829260868629 0.15574069375 0.22986605781250002
0 0.14334328596135523 0.2506858186147106 0.09794980317211519 0.24268172317029685 0.08044932343750003 0.34193187968750005 0.1258428062267401 0.34993597513191377
0 0.8441616329116342 0.06883771662528511 0.8026150562500002 0.06151193437500011 0.7885061420883663 0.14152756462471514 0.8300527187500002 0.14885334687500013
2 0.12006517676638699 0.4591862066561996 0.08005736098461518 0.4521317497327968 0.06527013421822825 0.5359942852640971 0.10527795000000006 0.5430487421874999
2 0.05837151732616784 0.39515671327607593 0.01990246406250005 0.38837358125 0.00009571861133225167 0.500703216411424 0.03856477187500005 0.5074863484375
0 0.10431752656250012 0.7959427453125 0.04507518437500011 0.7854967218749999 0.02811735446064423 0.8816693533605099 0.08735969664814425 0.8921153767980099
0 0.6636458000000002 0.48522355781250004 0.6305624140625001 0.47939006406250007 0.6193024145786088 0.5432486922785041 0.6523858005161088 0.5490821860285041
2 0.09318331250000007 0.46317253125 0.05702240317159699 0.45679638723573557 0.04182818750000002 0.542967065625 0.0779890968284031 0.5493432096392644
2 0.6323832875 0.23061429218750007 0.6023774251851282 0.22532344895008558 0.5875901970601282 0.30918598488758564 0.6175960593750001 0.31447682812500005
2 0.056416859520956895 0.6581883319847378 0.024102854687500064 0.6524905015625001 0.010807917041543246 0.7278898461402623 0.04312192187500008 0.7335876765625
0 0.22209196406250004 0.5914117765625001 0.1851616735513162 0.5848999696670164 0.17335902343750004 0.651836121875 0.21028931394868383 0.6583479287704836
0 0.15740048125 1.1102230246251566e-17 0.12431709515949951 -0.005833492882291039 0.11480341703449952 0.048121263367708965 0.147886803125 0.05395475625000001
0 0.09483519853260683 0.3008368853981226 0.05559676406250004 0.293918090625 0.04189483723279678 0.3716255780778849 0.08113327170290358 0.3785443728510075
0 0.5999791843750002 0.8777881546875002 0.5692039421875001 0.8723616484375001 0.5610641826788987 0.9185245124764425 0.5918394248663986 0.9239510187264426
0 0.4035724625180479 0.2775319952101459 0.3597177421875 0.2697992250000001 0.34872906873195214 0.3321190907273543 0.3925837890625001 0.3398518609375
0 0.4828651846111057 0.3002397627234787 0.39977202973461523 0.28558819817029685 0.37589540606100963 0.4209992651343182 0.45898856093750007 0.4356508296875
2 0.15773152380851296 0.5515044203779196 0.1300338048384249 0.5466205653761012 0.12040175759241198 0.6012466215606815 0.14809947656250005 0.6061304765625
2 0.050135540642297416 0.7253047420894023 0.02012967968750008 0.7200138984375001 0.011989920045296776 0.766176762452885 0.041995781000094115 0.7714676061047873
1 0.5415954130292205 0.8579738954058158 0.46927359250181855 0.8452216075924118 0.4437690171875001 0.9898652468750001 0.516090837714902 1.002617534688404
2 0.6065421296875001 0.23319751718750012 0.579613792248136 0.22844932465611603 0.5690321062500001 0.28846104687500007 0.595960443689364 0.29320923940638416
2 0.6951786687500001 0.08143980000000009 0.6497851857625665 0.07343570411709725 0.6393391623250665 0.13267804630459726 0.6847326453125001 0.14068214218750008
0 0.2156529265625001 0.8258871062500001 0.18641644667716065 0.8207319261220037 0.1771913873021606 0.8730498386220036 0.20642786718750009 0.8782050187499999
2 0.1943172359375 0.033582820312500025 0.16738889853264677 0.02883462758539577 0.1573498625 0.08576882656250001 0.1842781999048532 0.09051701928960428
0 0.8704341983901058 0.23927040495465413 0.829657001562221 0.23208028437495085 0.8170403750000002 0.30363272343750014 0.857817571827885 0.3108228440172034
0 0.11753733127847374 0.18108476546351765 0.07983765942211521 0.1744372966077968 0.06016657812500006 0.28599755 0.0978662499813586 0.2926450188557208
2 0.050104093750000134 0.8244619515625 0.021636993554541094 0.8194424339210032 0.012276271679541085 0.8725297276710032 0.04074337187500012 0.8775492453125
2 0.030497782812500086 0.75119425 6.661338147750939e-17 0.7458166687500001 -0.013973250189395414 0.8250629189969697 0.016524532623104604 0.8304405002469697
0 0.8049795484733251 0.4665128982343272 0.6841867234375001 0.4452138640625001 0.6445732327766751 0.6698731330156731 0.7653660578125001 0.6911721671875002
2 0.6971375671875 0.17380824375000006 0.6525134658419344 0.16593980970720384 0.6442380437499999 0.21287205468750003 0.6888621450955655 0.22074048873029625
1 0.8292176580051314 0.9769134328464661 0.7668977919487576 0.9659247593329032 0.7608894078125001 1 0.8232092738688739 1.010988673513563
2 0.02745358281250012 0.6649808562499999 0.002064007812500113 0.6605039890625 -0.009738642019136457 0.7274401411859712 0.015650932980863553 0.7319170083734712
2 0.6508465533148378 0.2203837286108766 0.6277651203596151 0.21631384973279685 0.6174547607947773 0.27478681174692027 0.64053619375 0.278856690625
2 0.6948237893999052 0.1329418578719937 0.6517384488220205 0.12534474979229046 0.643870015625 0.16996885156250005 0.6869553562028848 0.17756595964220329
2 0.6830230172341097 0.21336447473566295 0.6468621078125001 0.2069883312500001 0.6387223499533904 0.2531511955768372 0.674883259375 0.25952733906250003
0 0.5978179734375001 0.9575305796875 0.5570407759840277 0.9503404608354998 0.5503933078125001 0.9880401328125001 0.5911705052659724 0.9952302516645005