0 0.9171875 0.10156250000000011 0.575 0.10156250000000008 0.575 0.7109375000000001 0.9171875 0.7109375000000002
4 0.596875 0.010937500000000036 1.3394574365674175e-18 0.0109375 5.702261658529863e-17 0.9203125 0.5968750000000002 0.9203125
4 1 0.3187500000000001 0.7890625 0.3187500000000001 0.7890625000000001 0.9765625 1 0.9765625
4 0.8953125 0.6171875000000001 0.58125 0.6171875 0.58125 0.99375 0.8953125 0.99375
4 0.96875 1.0361660027160808e-16 0.7234375 8.859554187581634e-17 0.7234375 0.048437500000000105 0.96875 0.04843750000000012
4 0.8921875 9.921552583717228e-17 0.728125 8.916959506291665e-17 0.728125 0.1281250000000001 0.8921875 0.1281250000000001
4 1 0.3531250000000001 0.728125 0.3531250000000001 0.7281250000000001 0.8703125 1 0.8703125
4 0.565625 0.503125 0.2750000000000001 0.503125 0.2750000000000001 0.9046875 0.5656250000000002 0.9046875
0 0.896875 0.11250000000000009 0.7421875 0.11250000000000009 0.7421875 0.37187500000000007 0.896875 0.37187500000000007
4 0.896875 0.1531250000000001 0.84375 0.1531250000000001 0.84375 0.2562500000000001 0.896875 0.2562500000000001
0 1 0.8125 0.9171875 0.8125 0.9171875 0.965625 1 0.965625
4 1 0.6828125000000002 0.9671875 0.6828125000000002 0.9671875 0.7265625000000002 1 0.7265625000000002
2 0.8765625 0.07500000000000011 0.8328125 0.07500000000000011 0.8328125 0.14062500000000008 0.8765625 0.14062500000000008
4 0.9859375 0.7078125000000002 0.95 0.7078125000000002 0.95 0.7531250000000002 0.9859375 0.7531250000000002
4 0.584375 0.0046875000000000605 0.3953125 0.004687500000000048 0.3953125 0.2968750000000001 0.584375 0.2968750000000001
4 0.7125 0.2765625000000001 0.6796875 0.2765625000000001 0.6796875 0.32500000000000007 0.7125 0.32500000000000007
2 0.83125 0.4078125000000002 0.753125 0.4078125000000002 0.753125 0.49218750000000017 0.83125 0.49218750000000017
4 0.8234375 0.47656250000000017 0.7609375 0.47656250000000017 0.7609375 0.5625000000000002 0.8234375 0.5625000000000002
4 0.4015625 0.37031250000000004 0.2734375000000001 0.3703125 0.2734375000000001 0.60625 0.4015625 0.60625
4 0.7328125 0.05625000000000008 0.615625 0.056250000000000064 0.615625 0.1687500000000001 0.7328125 0.1687500000000001
4 0.30312500000000003 0.03593750000000002 0.003125000000000004 0.0359375 0.0031250000000000305 0.459375 0.3031250000000001 0.459375
4 0.2140625 0.025000000000000012 0.0031250000000000028 0.025 0.0031250000000000145 0.2171875 0.2140625 0.2171875
4 0.5828125 0.15156250000000007 0.4828125 0.15156250000000004 0.4828125 0.2687500000000001 0.5828125 0.2687500000000001
4 1 0.9203125 0.975 0.9203125 0.975 0.9625 1 0.9625
4 1 0.7265625000000002 0.990625 0.7265625000000002 0.990625 0.8078125 1 0.8078125
4 0.8015625 0.07031250000000008 0.721875 0.07031250000000008 0.721875 0.1937500000000001 0.8015625 0.1937500000000001
4 0.3921875 0.03750000000000003 0.175 0.03750000000000002 0.17500000000000002 0.40625 0.3921875000000001 0.40625
0 0.590625 0.30937500000000007 0.384375 0.30937500000000007 0.384375 0.5578125 0.590625 0.5578125
4 0.9828125 1.1567171720071485e-16 0.90625 1.1098361617272889e-16 0.90625 0.2312500000000001 0.9828125 0.2312500000000001
2 0.834375 0.16562500000000008 0.8 0.16562500000000008 0.8 0.2234375000000001 0.834375 0.2234375000000001
4 0.9828125 0.17031250000000014 0.95 0.17031250000000014 0.95 0.24218750000000008 0.9828125 0.24218750000000008
4 0.7234375 8.438581850374731e-17 0.6546875 8.017609513167828e-17 0.6546875 0.10000000000000009 0.7234375 0.10000000000000009
4 0.9484375 0.1109375000000001 0.8703125 0.11093750000000009 0.8703125 0.2640625000000001 0.9484375 0.2640625000000001
4 0.7296875 0.14218750000000008 0.5796875 0.14218750000000008 0.5796875 0.3125000000000001 0.7296875 0.3125000000000001
0 0.4203125 0.010937500000000046 0.30625 0.01093750000000004 0.30625 0.18125000000000005 0.4203125 0.18125000000000005
4 0.534375 0.007812500000000062 0.478125 0.007812500000000059 0.478125 0.18437500000000004 0.534375 0.18437500000000004
0 0.9890625 0.3000000000000001 0.9625 0.3000000000000001 0.9625 0.3515625000000001 0.9890625 0.3515625000000001
0 0.928125 1.1098361617272889e-16 0.884375 1.0830470129959405e-16 0.884375 0.08593750000000011 0.928125 0.08593750000000011