2 0.534375 0.10937500000000004 0.253125 0.10937500000000004 0.25312500000000004 0.75859375 0.5343750000000002 0.75859375
4 1 0.4140625000000001 0.6625 0.4140625 0.6625000000000001 0.99921875 1 0.99921875
4 0.6875 0.04843750000000007 0.475 0.04843750000000006 0.475 0.2601562500000001 0.6875 0.2601562500000001
0 0.18515625000000008 0.5578125 0.09062500000000007 0.5578125 0.09062500000000008 0.74375 0.18515625000000008 0.74375
0 0.0796875000000001 0.509375 6.23804463315683e-17 0.509375 9.242256312315182e-17 1 0.07968750000000013 1
4 0.6851562500000001 0.6859375 0.3109375000000001 0.6859375 0.3109375000000001 0.928125 0.6851562500000001 0.928125
0 1 0.0015625000000001072 0.7515625 0.0015625000000000922 0.7515625 0.3312500000000001 1 0.3312500000000001
0 0.2765625000000001 0.5484375 0.0031250000000000665 0.5484375 0.003125000000000094 0.98125 0.2765625000000001 0.98125
4 0.28046875000000004 0.021875000000000026 0.1578125 0.021875000000000016 0.15781250000000002 0.4203125 0.2804687500000001 0.4203125
0 0.15546875000000004 0.2265625 0.07500000000000002 0.2265625 0.07500000000000004 0.38125 0.15546875000000004 0.38125
0 0.04453125000000008 0.578125 7.079989307570636e-17 0.578125 8.041528395963675e-17 0.73515625 0.04453125000000009 0.73515625
4 0.56484375 0.026562500000000062 0.44375 0.026562500000000055 0.44375 0.14140625000000007 0.56484375 0.1414062500000001
4 0.259375 1.741294667537643e-17 0.025 3.061616997868383e-18 0.025000000000000012 0.16406250000000003 0.259375 0.16406250000000006
4 0.73359375 0.2750000000000001 0.596875 0.2750000000000001 0.596875 0.5390625000000001 0.73359375 0.5390625000000002
4 0.9890625 0.3296875000000001 0.646875 0.3296875000000001 0.646875 0.5671875000000001 0.9890625 0.5671875000000002
4 0.6546875 0.001562500000000075 0.5671875 0.0015625000000000695 0.5671875 0.1414062500000001 0.6546875 0.1414062500000001
4 0.79609375 0.5421875000000002 0.728125 0.5421875000000002 0.728125 0.7101562500000002 0.79609375 0.7101562500000002
0 0.05234375000000001 0.009375000000000003 0.0015625000000000014 0.009375 0.0015625000000000077 0.1109375 0.05234375000000002 0.1109375
4 0.909375 0.4718750000000001 0.6953125 0.471875 0.6953125 0.7171875000000001 0.909375 0.7171875000000002
4 0.8578125 0.001562500000000099 0.7609375 0.001562500000000093 0.7609375 0.11718750000000008 0.8578125 0.11718750000000008
4 0.99921875 0.009375000000000118 0.928125 0.009375000000000114 0.928125 0.12734375000000014 0.99921875 0.12734375000000014
4 0.2578125000000001 0.484375 0.17500000000000004 0.484375 0.17500000000000007 0.6296875 0.2578125000000001 0.6296875
0 0.2109375 0.290625 0.18593750000000003 0.290625 0.18593750000000003 0.33125 0.2109375 0.33125
0 0.73671875 0.003125000000000087 0.678125 0.0031250000000000834 0.678125 0.08750000000000009 0.73671875 0.08750000000000009
0 0.03203125000000011 0.8515625 1.0428632898989179e-16 0.8515625 1.09404969908203e-16 0.93515625 0.03203125000000011 0.93515625
0 0.84296875 0.14062500000000008 0.7828125 0.14062500000000008 0.7828125 0.23203125000000008 0.84296875 0.23203125000000008
0 0.11484375000000005 0.2953125 0.08437500000000005 0.2953125 0.08437500000000005 0.33671875 0.11484375000000005 0.33671875
0 0.08671875000000004 0.3265625 0.06718750000000004 0.3265625 0.06718750000000004 0.3640625 0.08671875000000004 0.3640625
4 0.53203125 0.001562500000000062 0.4828125 0.001562500000000059 0.4828125 0.07031250000000007 0.53203125 0.07031250000000007
0 0.2000000000000001 0.490625 0.18593750000000003 0.490625 0.18593750000000003 0.52265625 0.2000000000000001 0.52265625
0 0.15468750000000003 0.225 0.12187500000000004 0.225 0.12187500000000004 0.290625 0.15468750000000003 0.290625
4 0.44296875 0.034375000000000044 0.3109375 0.03437500000000003 0.3109375 0.22421875000000005 0.44296875 0.22421875000000008
0 0.03281250000000001 0.014062500000000002 0.010937500000000003 0.0140625 0.010937500000000005 0.053125 0.03281250000000001 0.053125
0 0.5140625 0.07812500000000006 0.4375 0.07812500000000004 0.4375 0.17578125000000006 0.5140625 0.17578125000000006
0 0.31718750000000007 0.453125 0.2500000000000001 0.453125 0.2500000000000001 0.72578125 0.31718750000000007 0.72578125
2 0.34375 3.769615928625447e-17 0.271875 3.329508485181867e-17 0.271875 0.07656250000000003 0.34375 0.07656250000000005
0 0.3906250000000001 0.4921875 0.3109375000000001 0.4921875 0.3109375000000001 0.65 0.3906250000000001 0.65
0 0.4328125 5.042100493364494e-17 0.390625 4.7837765591693485e-17 0.390625 0.11093750000000005 0.4328125 0.11093750000000005