0 1 9.931120136835567e-17 0.621875 7.615772282197602e-17 0.6218750000000001 0.81875 1 0.81875
2 0.475 0.0031250000000000388 0.153125 0.0031250000000000193 0.153125 0.5015625 0.475 0.5015625
4 0.5453125000000001 0.665625 0.009375000000000081 0.665625 0.009375000000000102 1 0.5453125000000002 1
4 0.1765625 0.017187500000000012 2.1048616860345133e-18 0.0171875 1.9709159423777717e-17 0.3046875 0.17656250000000004 0.3046875
4 0.7875000000000002 0.7796875000000001 0.6515625000000002 0.7796875 0.6515625000000002 0.9921875 0.7875000000000002 0.9921875
4 0.9546875 0.8953125 0.9234375 0.8953125 0.9234375 0.95625 0.9546875 0.95625
4 0.8671875 0.050000000000000114 0.8203125 0.050000000000000114 0.8203125 0.11562500000000009 0.8671875 0.11562500000000009
4 0.3734375000000001 0.4265625 0.009375000000000053 0.4265625 0.009375000000000074 0.778125 0.3734375000000001 0.778125
4 0.7859375 0.06562500000000009 0.71875 0.06562500000000009 0.71875 0.1750000000000001 0.7859375 0.1750000000000001
4 0.3625000000000001 0.5609375 0.23593750000000008 0.5609375 0.23593750000000008 0.7609375 0.3625000000000001 0.7609375
4 0.4765625 0.2234375000000001 0.4484375 0.2234375000000001 0.4484375 0.2796875000000001 0.4765625 0.2796875000000001
4 0.6515625 7.280907923055748e-17 0.5375 6.582476545417023e-17 0.5375 0.14687500000000006 0.6515625 0.1468750000000001
4 0.5265625 0.23593750000000008 0.509375 0.23593750000000008 0.509375 0.2656250000000001 0.5265625 0.2656250000000001
4 0.5671875000000002 0.740625 0.3234375000000001 0.740625 0.3234375000000001 1 0.5671875000000002 1
0 0.5953125 0.004687500000000063 0.43125 0.004687500000000053 0.43125 0.54375 0.5953125 0.54375
4 0.9984375 0.36406250000000007 0.965625 0.36406250000000007 0.965625 0.4578125000000002 0.9984375 0.4578125000000002
0 0.9921875 0.0796875000000001 0.8375 0.0796875000000001 0.8375 0.3828125000000001 0.9921875 0.3828125000000001
0 1 0.3687500000000001 0.84375 0.3687500000000001 0.84375 0.6718750000000002 1 0.6718750000000002
4 0.453125 0.15468750000000003 0.421875 0.15468750000000003 0.421875 0.21093750000000008 0.453125 0.21093750000000008
4 0.13125000000000003 0.2453125 3.004211679158351e-17 0.2453125 4.343669115725768e-17 0.4640625 0.13125000000000003 0.4640625
2 0.884375 0.2468750000000001 0.775 0.2468750000000001 0.775 0.3593750000000001 0.884375 0.3593750000000001
0 0.4765625 0.49375 0.38750000000000007 0.49375 0.38750000000000007 0.6265625 0.4765625 0.6265625