4 0.6933387203125001 0.5252530718749999 0.5089918000000001 0.5220352843749999 0.5015881618785288 0.9461894234539256 0.6859350821910288 0.9494072109539257
4 0.8149295593750002 0.0054209515625001006 0.07597962184891925 -0.007477467255822443 0.06966675934891908 0.35418619211917757 0.8086166968750002 0.3670846109375001
4 0.5445456046875001 0.27574327187500003 0.0305613978870581 0.266771645302892 0.023839495312024166 0.6518692344022652 0.5378237021124661 0.6608408609743732
4 0.8742409781250002 0.009581712500000108 0.7312940031322135 0.007086563649241684 0.7275444624999998 0.22189759218750008 0.8704914374927867 0.22439274103825851
4 0.7559260125 0.07315151406250009 0.5106508750055999 0.06887021999168434 0.5051833625000001 0.38210375625 0.7504584999944002 0.38638505032081577
0 1.000936362516107 0.18213163206872202 0.8603327812500001 0.17967738750000012 0.8565696062196115 0.3952695468744697 0.9971731874857184 0.3977237914431916
4 0.8680192 0.007910373437500099 0.8078721109375 0.006860501562500098 0.806522275692809 0.08419247188709315 0.8666693647553091 0.08524234376209315
0 0.4993253609499245 0.0014747977256987011 0.35403499300457897 -0.0010612542017045575 0.3532850851735177 0.04190095154916469 0.49857545311886325 0.04443700347656795
0 0.6680223906249999 0.005982153125000081 0.5547583937334573 0.004005122822733127 0.5528086327959573 0.1157068587602331 0.6660726296874999 0.11768388906250007
0 0.9255581078178249 0.11361816531994211 0.8536940546875 0.11236377343750008 0.8518261015571753 0.2193787221800581 0.9236901546875002 0.22063311406250014
4 0.9052767812500001 0.7383593578125 0.8576277888549626 0.7375276421838775 0.8562506859370244 0.8164218750272653 0.9038996783320619 0.8172535906558878
0 0.8980539422037594 0.8835679178184982 0.8457181640625002 0.88265439375 0.8442865218587409 0.9646731509315017 0.8966223000000001 0.965586675
0 0.04111900939534284 0.02004332227206056 0.009092637500000004 0.019484300000000003 0.00678837497965718 0.15149544179043944 0.038814746875000014 0.1520544640625
0 0.7258533548921395 0.005428859378572083 0.6805477562500001 0.004638046875000082 0.6798796560453606 0.04291346562142809 0.7251852546875 0.04370427812500009
0 0.07670444062500001 0.1300561296875 0.061081820312500014 0.12978343593750002 0.060536432812500006 0.16102867656250003 0.07615905312500001 0.1613013703125
0 0.8763028062619215 0.6972224274420205 0.8513066140625 0.6967861171875 0.8507748609255785 0.7272502272454797 0.875771053125 0.7276865375000001
0 0.6399016751510624 0.005491304690136877 0.5758489312499999 0.004373259375000069 0.5749217717239373 0.057490168747363256 0.638974515625 0.058608214062500066
0 0.44621801093749996 5.551115123125783e-17 0.3649803858630959 -0.001418003549881547 0.364643595238096 0.017876779262618454 0.44588122031250005 0.019294782812500057
0 0.18419265000415802 0.06004639507428594 0.16857002968749996 0.05977370156250002 0.16786102655834195 0.10039251430071408 0.18348364687500002 0.10066520781250002
0 0.0922100765789344 0.04750166624597587 0.06799501562500002 0.04707899062500001 0.06674062342106565 0.11894304469152414 0.09095568437500003 0.1193657203125
0 0.058658984375000014 7.28583859910259e-18 0.01491564686952437 -0.0007635418738006449 0.01402880155702437 0.05004385343869937 0.05777213906250002 0.05080739531250002
0 0.9316056250147028 0.9310357054076828 0.8956735984374999 0.9304085093750001 0.894460110447046 0.999929170303939 0.9303921370242488 1.0005563663366217
4 0.6044613078125 0.6034013500000002 0.0014281671651664677 0.5928753671871101 -0.005402813920681093 0.9842220044680259 0.5976303267266524 0.994747987280916
4 0.5727244078338881 0.004318720649671638 0.544603690625 0.0038278718750000664 0.5438537827852348 0.04679007812452414 0.5719744999941229 0.04728092689919572
4 1.0019906646583356 0.011811590922484754 0.9289201484374999 0.01053614062500011 0.9269294837791641 0.12458127001501544 0.9999999999999998 0.12585672031250011
4 0.799252401574459 0.008272782127378411 0.7633203749999999 0.007645585937500093 0.7622705031130411 0.06779267412262178 0.7982025296875002 0.0684198703125001
4 0.7066778078249827 0.11917402272237705 0.6543420296875001 0.11826049843750008 0.6530603687375176 0.19168681477762312 0.7053961468750001 0.1926003390625001
4 0.9601926593749999 0.009519267187500118 0.9305096796875002 0.009001148437500116 0.9298824833316012 0.04493317500906106 0.9595654630191008 0.04545129375906106
4 0.4356903765625 0.692656984375 0.4138187077920909 0.692275213669246 0.41316424372959093 0.7297695027317459 0.43503591249999995 0.7301512734375
4 0.8625072359460703 0.5922781776340231 0.845322353125 0.5919782140625001 0.84468152186643 0.6286913723659769 0.8618664046875002 0.6289913359375001
4 0.9299220203125002 0.4903141984375002 0.8557145734580682 0.48901890194664616 0.8543374687705683 0.5679131347591462 0.9285449156250001 0.5692084312500001