0 0.6546875 0.15625000000000006 0.446875 0.15625000000000006 0.446875 0.40859375 0.6546875 0.40859375
0 0.7765625 0.31718750000000007 0.596875 0.31718750000000007 0.596875 0.6429687500000001 0.7765625 0.6429687500000002
4 0.30937500000000007 0.565625 0.04687500000000007 0.565625 0.04687500000000009 0.9078125 0.30937500000000007 0.9078125
4 0.3609375 0.07968750000000004 0.171875 0.07968750000000002 0.17187500000000006 0.58203125 0.3609375000000001 0.58203125
4 0.5468750000000001 0.665625 0.3390625000000001 0.665625 0.3390625000000001 1 0.5468750000000002 1
0 0.9734375 0.5578125000000002 0.8859375 0.5578125000000002 0.8859375 0.846875 0.9734375 0.846875
1 0.11718750000000003 7.175664838754023e-18 0 0 1.511673392697514e-17 0.246875 0.11718750000000004 0.246875
0 0.5921875 0.009375000000000062 0.440625 0.009375000000000053 0.440625 0.3820312500000001 0.5921875 0.3820312500000001
4 0.88515625 0.7468750000000002 0.8125 0.7468750000000002 0.8125 0.93984375 0.88515625 0.93984375
4 0.07656250000000007 0.4859375 0.0015625000000000597 0.4859375 0.0015625000000000697 0.6515625 0.07656250000000009 0.6515625
1 0.21796875000000004 0.006250000000000014 0.0015625000000000007 0.00625 0.0015625000000000302 0.48515625 0.2179687500000001 0.48515625
0 0.4671875 0.01406250000000005 0.371875 0.014062500000000044 0.371875 0.2062500000000001 0.4671875 0.2062500000000001
4 0.778125 0.0015625000000000922 0.73125 0.0015625000000000894 0.73125 0.06796875000000009 0.778125 0.06796875000000009
4 0.984375 0.6968750000000001 0.8 0.6968750000000001 0.8 0.95234375 0.984375 0.95234375
4 0.9 0.07500000000000011 0.859375 0.07500000000000011 0.859375 0.13046875000000008 0.9 0.13046875000000008
4 0.69453125 0.10781250000000009 0.659375 0.10781250000000009 0.659375 0.1625000000000001 0.69453125 0.1625000000000001
0 0.7718750000000002 0.8359375 0.7062500000000002 0.8359375 0.7062500000000002 0.9140625 0.7718750000000002 0.9140625
0 0.815625 0.06093750000000009 0.7359375 0.06093750000000009 0.7359375 0.2101562500000001 0.815625 0.2101562500000001
0 0.96328125 0.1515625000000001 0.7796875 0.1515625000000001 0.7796875 0.4593750000000002 0.96328125 0.4593750000000002
0 0.99765625 0.5046875000000002 0.921875 0.5046875000000002 0.921875 0.6343750000000001 0.99765625 0.6343750000000001
4 0.540625 0.3187500000000001 0.36875 0.3187500000000001 0.36875 0.634375 0.540625 0.634375
0 0.99453125 0.004687500000000112 0.8265625 0.004687500000000101 0.8265625 0.2289062500000001 0.99453125 0.2289062500000001
4 0.3546875 0.003125000000000033 0.1953125 0.0031250000000000236 0.19531250000000003 0.18281250000000004 0.3546875 0.18281250000000004
4 0.1570312500000001 0.6796875 0.0750000000000001 0.6796875 0.0750000000000001 0.84921875 0.1570312500000001 0.84921875
4 0.496875 0.3140625000000001 0.3984375 0.3140625000000001 0.39843750000000006 0.43828125 0.496875 0.43828125
0 0.90859375 0.6078125000000002 0.8484375 0.6078125000000002 0.8484375 0.7140625000000002 0.90859375 0.7140625000000002
0 0.82890625 0.21093750000000008 0.753125 0.21093750000000008 0.753125 0.3734375000000001 0.82890625 0.3734375000000001
4 0.07578125000000004 0.2640625 0.004687500000000032 0.2640625 0.004687500000000042 0.425 0.07578125000000005 0.425
1 0.07421875000000001 0.007812500000000003 0.0031250000000000015 0.0078125 0.0031250000000000084 0.12109375 0.07421875000000003 0.12109375
0 0.80234375 0.6937500000000002 0.7265625 0.6937500000000002 0.7265625000000001 0.83984375 0.80234375 0.83984375
0 0.6546875 0.534375 0.6140625 0.534375 0.6140625 0.61171875 0.6546875 0.61171875
0 0.61015625 0.001562500000000072 0.5640625 0.0015625000000000695 0.5640625 0.07578125000000006 0.61015625 0.07578125000000006
0 0.5859375 0.01406250000000007 0.5234375 0.014062500000000066 0.5234375 0.10468750000000007 0.5859375 0.10468750000000009
0 0.8765625 0.10312500000000009 0.834375 0.10312500000000009 0.834375 0.1781250000000001 0.8765625 0.1781250000000001
0 0.95234375 0.5734375000000002 0.91875 0.5734375000000002 0.91875 0.6406250000000002 0.95234375 0.6406250000000002
1 0.38125 0.007812500000000045 0.3375 0.007812500000000042 0.3375 0.29687500000000006 0.38125 0.2968750000000001
0 0.23125 0.03906250000000003 0.1375 0.03906250000000002 0.1375 0.1765625 0.23125 0.17656250000000004
0 0.5109375 0.13750000000000004 0.4671875 0.13750000000000004 0.4671875 0.2171875000000001 0.5109375 0.2171875000000001
0 0.6773437500000001 0.7703125 0.6515625000000002 0.7703125 0.6515625000000002 0.80625 0.6773437500000001 0.80625
0 0.5296875 0.07187500000000006 0.4859375 0.07187500000000006 0.4859375 0.14218750000000005 0.5296875 0.14218750000000005
0 0.553125 0.12343750000000006 0.521875 0.12343750000000005 0.521875 0.18437500000000007 0.553125 0.1843750000000001
0 0.453125 0.026562500000000055 0.4234375 0.026562500000000055 0.4234375 0.08125000000000004 0.453125 0.08125000000000004
0 0.509375 0.03125000000000006 0.4640625 0.031250000000000056 0.4640625 0.09921875000000006 0.509375 0.09921875000000006
0 0.34765625 0.19687500000000005 0.2609375 0.19687500000000005 0.2609375 0.3265625 0.34765625 0.3265625
4 0.1203125 0.0015625000000000111 0.0640625 0.0015625000000000077 0.0640625 0.07578125000000001 0.1203125 0.07578125000000002
0 0.7484375000000002 0.8375 0.7281250000000001 0.8375 0.7281250000000001 0.87578125 0.7484375000000002 0.87578125
0 0.06484375000000009 0.6734375 0.010937500000000083 0.6734375 0.01093750000000009 0.76484375 0.06484375000000009 0.76484375
4 0.04531250000000005 0.3578125 0.009375000000000045 0.3578125 0.009375000000000048 0.42890625 0.045312500000000054 0.42890625
4 0.2617187500000001 0.6671875 0.2296875000000001 0.6671875 0.2296875000000001 0.734375 0.2617187500000001 0.734375
0 0.7554687500000001 0.825 0.6171875000000002 0.825 0.6171875000000002 0.9984375 0.7554687500000001 0.9984375
4 0.1023437500000001 0.74375 0.07812500000000008 0.74375 0.0781250000000001 0.83984375 0.1023437500000001 0.83984375
4 0.09921875000000005 0.4234375 0.05468750000000004 0.4234375 0.054687500000000056 0.503125 0.09921875000000006 0.503125
4 0.021093750000000064 0.478125 5.855342508423283e-17 0.478125 6.247612186275168e-17 0.5421875 0.021093750000000067 0.5421875
1 0.06171875000000001 0.090625 0.03437500000000001 0.090625 0.03437500000000002 0.1921875 0.061718750000000024 0.1921875
4 0.1546875000000001 0.6828125 0.12500000000000008 0.6828125 0.12500000000000008 0.73359375 0.1546875000000001 0.73359375