4 0.5693575765785404 0.004535635784888381 0.055003283355909774 -0.04952517846590486 -0.049525179160130536 0.9449967169992067 0.4648291140625 0.9990575312500001
4 0.8700288579602274 0.1932481282819683 0.6074129203124999 0.16564608125000008 0.5642949295250688 0.5758863640454279 0.8269108671727963 0.603488411077396
0 0.8499914078605822 0.7127495276675277 0.4366432452165537 0.6693048859274155 0.4026714953046093 0.9925245016375761 0.816019657948638 1.0359691433776883
0 1.0472386189090543 0.07675845005321318 0.9260312625000001 0.06401904375000014 0.860537648274652 0.6871491687328841 0.9817450046837063 0.6998885750360971
2 0.8008993978019298 0.05872268915992436 0.5538228640625 0.032753898437500074 0.5353670568855703 0.20834917021507585 0.782443590625 0.23431796093750012
4 0.9879232289789295 0.46172971727725176 0.9506286571210019 0.4578098999273207 0.9447489312500004 0.5137517562500001 0.9820435031079278 0.5176715735999312
4 0.6354495391993356 0.5865072268230971 0.4598542671875 0.5680514203125 0.43225222015006903 0.8306673593579278 0.6078474921619045 0.849123165868525
4 0.24648338125000002 0.08686208437500004 0.09264327488669626 0.07069283748809131 0.07859726250000001 0.20433171718750004 0.23243736886330382 0.22050096407440875
4 0.7048544875000002 0.9127366390625001 0.6706677969159041 0.9091434730483259 0.6660946765625001 0.9526538062500004 0.7002813671465963 0.9562469722641745
4 0.932467107334429 0.944515223551478 0.909157999539001 0.9420653374515471 0.9050748562500001 0.9809138484375 0.928383964045428 0.983363734537431
4 0.7970316438867737 0.9475625549486854 0.7721685968750001 0.94494934375 0.7689020826757262 0.9760281544263145 0.7937651296875 0.9786413656249999
4 0.28597626110036745 0.5482049984504205 0.23469622501707227 0.5428152498375691 0.22538665922920492 0.6313898576371485 0.2766666953125001 0.63677960625
2 0.5637490969553866 0.7455085164226743 0.5264545250000002 0.7415886984375001 0.5199214951671414 0.803746317007997 0.5572160671225277 0.8076661349931713
2 0.4149209250000001 0.8759789671875001 0.37141059062500004 0.8714058468750002 0.36651081899961435 0.9180240609637356 0.4100211533746145 0.9225971812762355
4 0.7774837218750001 0.9392235593750001 0.7588364360496324 0.9372636504956342 0.7560598984375002 0.9636806390625005 0.774707184262868 0.9656405479418664
4 0.4516133563248729 0.6913026946001335 0.2589247390625001 0.6710503046875 0.23393590305012726 0.9088031960248667 0.4266245203125002 0.9290555859375
2 0.339333059375 0.7580568937500001 0.3067003093490867 0.7546270533715491 0.30147388591158675 0.8043531486840493 0.33410663593750006 0.8077829890625001
4 0.7564658672480226 0.9448700275491673 0.7378185812500002 0.9429101187500001 0.7356953467125692 0.9631113452954277 0.7543426327105915 0.9650712540945949
2 0.5556621265625001 0.807502809375 0.4981663297104529 0.8014597575941188 0.4893467406250001 0.8853725421875 0.5468425374770473 0.8914155939683812
4 0.7435396734374999 0.9183737234375 0.7077990421875001 0.9146172312499999 0.7040425500170723 0.9503578623375691 0.7397831812670721 0.9541143545250691
4 0.38147154633721525 0.880318829795202 0.35816243854178736 0.877868943695271 0.35375264375000004 0.9198253359375002 0.37706175154542787 0.9222752220374313
2 0.13893952968750004 0.10855201093750003 0.09853707813650497 0.1043055420780378 0.08906418593750001 0.1944340890625 0.12946663748849507 0.19868055792196224
2 0.7145934828902348 0.9546090226979045 0.6959461968750003 0.9526491140625 0.6923530310875692 0.9868358046704282 0.7110003171028038 0.9887957133058327
2 0.5764467242409484 0.8788160532094459 0.5003036406250001 0.8708130921875 0.4924640054465518 0.945402234290554 0.5686070890625001 0.9534051953124999
2 0.12992441875 1.6653345369377347e-17 0.07242862187941543 -0.006043051604509767 0.06957211875000001 0.021134760937500007 0.12706791562058456 0.027177812542009794
2 0.4591685695634117 0.8884851157104932 0.41876611645548384 0.8842386467980621 0.4146829734375002 0.9230871578125003 0.455085426545428 0.9273336267249312
4 0.4586222859375001 0.5349286937500001 0.2752573111073454 0.5156562577590299 0.2507584517323454 0.74874732807153 0.4341234265625 0.7680197640625
0 0.09625051718750002 0.12606070781250003 0.051186243760061714 0.12132426240426937 0.0428566328125 0.20057522656249996 0.08792090623993833 0.20531167197073064
2 0.7046958546875002 0.9441421000000002 0.68138674689761 0.9416922138473808 0.6786102093750002 0.9681092015625001 0.7019193171648903 0.9705590877151196
2 0.742648420348291 0.971697674659473 0.7255550750000003 0.9699010921875004 0.7229418640267095 0.9947641409655276 0.7400352093750002 0.9965607234375001
4 0.18116247500000013 0.768141309375 8.853258126606533e-11 0.7491003663451694 -0.01910910928646744 0.9309114007201696 0.1620533656250001 0.9499523437500003
4 0.03436414531250011 0.8045587046874998 2.4496427108999798e-11 0.8009468872669329 -0.01290273278800358 0.9237081825794331 0.0214614125000001 0.9273199999999999
2 0.4429805532874312 0.9229191390795723 0.42122538611700344 0.9206325795421414 0.4189388265625002 0.9423877468750002 0.44069399373292795 0.9446743064124311
4 0.20219532656249997 2.2204460492503132e-17 0.18820986248117294 -0.0014699310708726238 0.18685027341867294 0.011465698616627376 0.20083573749999997 0.012935629687500023
4 0.2435486608062595 0.6678631079629315 0.1503122326983317 0.6580635640505005 0.1346329625000001 0.8072418484374999 0.22786939060792794 0.8170413923499309
0 0.652267846875 0.9197784140625 0.6118653945804837 0.9155319452355618 0.6077822515625 0.95438045625 0.6481847038570163 0.958626925076938