4 0.4894929984542526 0.5213543715553428 0.3053706781250001 0.5117049296875 0.28316878429333714 0.9353423031207202 0.4672911046225897 0.9449917449885632
4 0.9583873234564457 0.02333688870099738 0.22033768227058678 -0.015342654457923577 0.2014067853274069 0.34588037340552646 0.9394564265132658 0.38455991656444743
4 0.9845642617032772 0.3000861594151328 0.47120626562499995 0.2731822062500001 0.45104874454672306 0.6578106124598675 0.9644067406250002 0.6847145656250001
4 0.3032420781250001 3.8857805861880476e-17 0.16046926133527967 -0.007482406641814705 0.14963645038049198 0.19921992962555363 0.29240926717021243 0.20670233626736834
4 0.519449164067127 0.06917746241171019 0.27447285624999995 0.05633879843750004 0.2580769828078729 0.36919070790078984 0.5030532906249999 0.382029371875
0 0.1628895482581227 0.1553221328849864 0.02245726857490247 0.14796238905332354 0.011172328125000047 0.3632918828125 0.1516046078082203 0.3706516266441629
4 0.22657450781250002 2.7755575615628914e-17 0.16650069995736322 -0.0031483351239411385 0.16315585464486318 0.06067511018855885 0.2232296625 0.06382344531250002
0 0.680561709375 0.010341309375000074 0.5354483543793944 0.0027362406088529355 0.5331995437499999 0.04564610312500008 0.6783128987456055 0.05325117189114722
0 0.4799738484534496 0.0013935890633359344 0.3668478468860662 -0.004535093655984482 0.36100093905761665 0.10703055009317963 0.47412694062500005 0.11295923281250006
0 0.17420766250337893 0.08863558587302674 0.10243116562500001 0.08487393906250003 0.09682958280912111 0.19175850631447333 0.16860607968750005 0.19552015312500004
4 0.1266742828125001 0.7120021828125 0.07908334381421746 0.7095080472121601 0.07495370943921745 0.7883061597121601 0.12254464843750008 0.7908002953125
0 0.12843136569986707 0.8576061860714528 0.07615935008594273 0.8548667264851169 0.07186616718750012 0.93678555625 0.12413818280142445 0.9395250158363361
0 1.0069099947706603 0.05404345223188951 0.9912432656249999 0.053222392187500134 0.9843332707704457 0.18507269780640162 0.999999999916106 0.18589375785079096
0 0.35409301718749997 4.4408920985006264e-17 0.3088426171599269 -0.002371472911373862 0.30719286559742687 0.029107663026126142 0.35244326562499995 0.03147913593750005
0 0.9636739984375 0.1613026484375001 0.9480704125386914 0.16048489926172146 0.9464349140625 0.1916920734375001 0.9620384999613085 0.19250982261327876
0 0.13582204531250006 0.6718008453125 0.11085630626630356 0.6704924465639107 0.10926169531250007 0.700919440625 0.13422743435869658 0.7022278393735892
0 0.45890900625281617 0.000289628071266268 0.39493430123746753 -0.0030631432016176795 0.39215395435965145 0.0499890506021161 0.456128659375 0.05334182187500005
0 0.6697209742166101 0.008208526603331517 0.5885823234374999 0.003956229687500068 0.5875192492208898 0.02424089214666864 0.6686579000000001 0.02849318906250009
0 0.8613312578455549 0.0839654556192759 0.8457276718750002 0.08314770625000012 0.8436015234044453 0.12371703188072432 0.8592051093749999 0.1245347812500001
0 0.9625468156249999 0.07831742812500013 0.9383612562769548 0.07704991667317139 0.9345996093750001 0.14882641562500015 0.9587851687230453 0.15009392707682886
0 1.0029847843542012 0.027238786821278275 0.9754694936937852 0.02579677187205403 0.9724847093395843 0.08274986317577589 1.0000000000000002 0.08419187812500013
0 0.07526646250558996 0.9017592608308396 0.039378214062500125 0.8998784375 0.03573922968191027 0.9693143985441605 0.07162747812500012 0.9711952218750002
4 0.9908786799124693 0.6274277406367904 0.38858024050631096 0.59586261718128 0.36809562031181653 0.9867324578255448 0.9703940597179749 1.0182975812810553
4 0.4901161796875 0.0019251265625000568 0.4620297234678897 0.0004531775451319803 0.4597809125 0.04336304062500006 0.48786736871961034 0.04483498964236814
4 0.10531457500000004 1.457167719820518e-17 0.025736284363108774 -0.004170521648101085 0.020720090613108744 0.09154415335189892 0.10029838125000001 0.09571467500000001
4 0.2711668703125 3.608224830031759e-17 0.23527862029415125 -0.0018808230873857273 0.23262938435665123 0.04866962066261426 0.2685176343749999 0.05055044375000002
4 0.37266274066111604 0.108424041498365 0.32039072656249995 0.10568458125000005 0.3165473046513839 0.17902143818913505 0.36881931875 0.1817608984375
4 0.10374993125000001 1.3183898417423733e-17 0.07410311617908781 -0.001553722841190499 0.0732617302415878 0.014500886533809501 0.10290854531249997 0.01605460937500001
4 0.5725589171875 0.6978185437500001 0.5507138952666466 0.6966736946249357 0.5487512968291466 0.7341223024374357 0.57059631875 0.7352671515625001
4 0.14910275937500012 0.567665690625 0.1319388141065752 0.5667661663464969 0.1300171031250001 0.6034345953125 0.147181048393425 0.6043341195910032
4 0.145917931318677 0.46423225650206634 0.07180089531250004 0.46034794843750004 0.06767126243132313 0.5391460622479338 0.14178829843750007 0.5430303703125