2 0.36406250000000007 0.821875 0.2750000000000001 0.821875 0.2750000000000001 1 0.36406250000000007 1
0 0.8859375 0.5296875000000002 0.7265625 0.5296875000000002 0.7265625000000001 0.846875 0.8859375 0.846875
4 0.2078125000000001 0.5125 0.13593750000000004 0.5125 0.13593750000000007 0.6328125 0.2078125000000001 0.6328125
4 0.14218750000000008 0.4609375 0.006250000000000056 0.4609375 0.006250000000000071 0.7125 0.14218750000000008 0.7125
4 0.15625000000000008 0.7109375 0.10468750000000009 0.7109375 0.10468750000000009 0.784375 0.15625000000000008 0.784375
4 0.39687500000000003 0.290625 0.3578125 0.290625 0.35781250000000003 0.37812500000000004 0.3968750000000001 0.3781250000000001
4 0.4203125 0.3984375000000001 0.3656250000000001 0.3984375000000001 0.3656250000000001 0.4671875 0.4203125 0.4671875
2 0.3968750000000001 0.4921875 0.3234375000000001 0.4921875 0.3234375000000001 0.5921875 0.3968750000000001 0.5921875
2 0.3062500000000001 0.571875 0.2406250000000001 0.571875 0.2406250000000001 0.6515625 0.3062500000000001 0.6515625
2 0.2015625000000001 0.6875 0.17187500000000008 0.6875 0.17187500000000008 0.734375 0.2015625000000001 0.734375
2 0.3906250000000001 0.6796875 0.3234375000000001 0.6796875 0.3234375000000001 0.7734375 0.3906250000000001 0.7734375
4 0.51875 0.5015625 0.4875 0.5015625 0.4875 0.55625 0.51875 0.55625
4 0.5625 0.453125 0.51875 0.453125 0.51875 0.51875 0.5625 0.51875
0 0.5390625 0.2515625000000001 0.4796875 0.2515625000000001 0.4796875 0.3593750000000001 0.5390625 0.3593750000000001
0 0.4875 0.16718750000000004 0.4265625 0.16718750000000004 0.4265625 0.2515625000000001 0.4875 0.2515625000000001
0 0.7515625 0.1218750000000001 0.659375 0.1218750000000001 0.659375 0.2734375000000001 0.7515625 0.2734375000000001
0 0.653125 0.05781250000000008 0.540625 0.057812500000000065 0.540625 0.19531250000000006 0.653125 0.19531250000000008
0 0.8921875 0.07500000000000011 0.8390625 0.07500000000000011 0.8390625 0.15781250000000008 0.8921875 0.15781250000000008
0 1 0.7593750000000001 0.884375 0.7593750000000001 0.884375 0.953125 1 0.953125
0 0.6515625000000002 0.7703125 0.5687500000000002 0.7703125 0.5687500000000002 0.884375 0.6515625000000002 0.884375
0 0.5140625000000001 0.6703125 0.4375 0.6703125 0.4375000000000001 0.7625 0.5140625000000002 0.7625
0 0.853125 0.2562500000000001 0.7390625 0.2562500000000001 0.7390625 0.3921875000000001 0.853125 0.3921875000000001
4 0.15781250000000005 0.21875 0.08437500000000002 0.21875 0.08437500000000003 0.34375 0.15781250000000005 0.34375
4 0.3609375 0.02968750000000004 0.296875 0.029687500000000033 0.296875 0.13593750000000004 0.3609375 0.13593750000000004
2 0.27812500000000007 0.7546875 0.20468750000000008 0.7546875 0.20468750000000008 0.8234375 0.27812500000000007 0.8234375
2 0.2656250000000001 0.834375 0.2093750000000001 0.834375 0.2093750000000001 1 0.2656250000000001 1
2 0.4187500000000002 0.78125 0.3578125000000001 0.78125 0.3578125000000001 1 0.4187500000000002 1
2 0.3343750000000001 0.721875 0.2671875000000001 0.721875 0.2671875000000001 0.81875 0.3343750000000001 0.81875
2 0.23125000000000004 0.3171875 0.17343750000000005 0.3171875 0.17343750000000005 0.440625 0.2312500000000001 0.440625
0 0.840625 0.0734375000000001 0.7609375 0.07343750000000009 0.7609375 0.21875000000000008 0.840625 0.21875000000000008
0 0.965625 0.2921875000000001 0.8578125 0.2921875000000001 0.8578125 0.4546875000000002 0.965625 0.4546875000000002
0 0.4203125000000001 0.6921875 0.3578125000000001 0.6921875 0.3578125000000001 1 0.4203125000000002 1
2 0.5203125 0.5 0.4921875 0.5 0.4921875 0.54375 0.5203125 0.54375
0 0.38125 0.02500000000000004 0.28125 0.025000000000000033 0.28125 0.24218750000000006 0.38125 0.24218750000000008
0 0.8390625 0.045312500000000096 0.75625 0.04531250000000009 0.75625 0.1703125000000001 0.8390625 0.1703125000000001
4 0.64375 0.08750000000000008 0.6015625 0.08750000000000006 0.6015625 0.1375000000000001 0.64375 0.1375000000000001
4 0.853125 0.0031250000000001025 0.821875 0.0031250000000001012 0.821875 0.0484375000000001 0.853125 0.0484375000000001
4 0.9671875 0.3281250000000001 0.940625 0.3281250000000001 0.940625 0.3656250000000001 0.9671875 0.3656250000000001
2 0.6171875000000002 0.7734375 0.5828125000000002 0.7734375 0.5828125000000002 0.8203125 0.6171875000000002 0.8203125
4 0.60625 0.043750000000000074 0.5671875 0.04375000000000007 0.5671875 0.08750000000000006 0.60625 0.08750000000000006
4 0.8328125 0.1437500000000001 0.80625 0.1437500000000001 0.80625 0.1859375000000001 0.8328125 0.1859375000000001
2 0.778125 9.232688759196843e-17 0.7296875 8.936094612528342e-17 0.7296875 0.04843750000000009 0.778125 0.0484375000000001
4 0.9578125 0.4265625000000002 0.9296875 0.4265625000000002 0.9296875 0.4625000000000002 0.9578125 0.4625000000000002
2 0.4609375 0.6515625 0.4359375 0.6515625 0.4359375 0.684375 0.4609375 0.684375
4 0.8609375 0.7000000000000002 0.8125 0.7000000000000002 0.8125 0.7593750000000001 0.8609375 0.7593750000000001
4 0.9796875 0.7390625000000002 0.93125 0.7390625000000002 0.93125 0.7984375000000001 0.9796875 0.7984375000000001
4 0.8609375 0.7921875000000002 0.8171875 0.7921875000000002 0.8171875 0.8515625 0.8609375 0.8515625
4 0.796875 0.6406250000000002 0.765625 0.6406250000000002 0.765625 0.6843750000000002 0.796875 0.6843750000000002
4 0.8421875 0.2750000000000001 0.8 0.2750000000000001 0.8 0.3265625000000001 0.8421875 0.3265625000000001
4 0.815625 0.3046875000000001 0.790625 0.3046875000000001 0.790625 0.3453125000000001 0.815625 0.3453125000000001
4 0.9203125 0.5562500000000001 0.8953125 0.5562500000000001 0.8953125 0.6015625000000002 0.9203125 0.6015625000000002
2 0.4359375 0.23593750000000008 0.3953125 0.23593750000000008 0.3953125 0.2828125000000001 0.4359375 0.2828125000000001
2 0.834375 0.5812500000000002 0.78125 0.5812500000000002 0.78125 0.6421875000000001 0.834375 0.6421875000000001
2 0.5828125000000002 0.7578125 0.5546875000000002 0.7578125 0.5546875000000002 0.79375 0.5828125000000002 0.79375
4 0.796875 0.05312500000000009 0.7578125 0.05312500000000009 0.7578125 0.09687500000000009 0.796875 0.09687500000000009
2 0.4296875 0.18750000000000006 0.390625 0.18750000000000006 0.390625 0.23437500000000008 0.4296875 0.23437500000000008
4 0.58125 0.04531250000000007 0.5328125 0.04531250000000007 0.5328125 0.11562500000000006 0.58125 0.11562500000000009
4 1 0.7078125000000002 0.9859375 0.7078125000000002 0.9859375 0.7671875000000001 1 0.7671875000000001
4 0.940625 0.2953125000000001 0.90625 0.2953125000000001 0.90625 0.3531250000000001 0.940625 0.3531250000000001
2 0.4578125 0.23593750000000008 0.425 0.23593750000000008 0.425 0.2828125000000001 0.4578125 0.2828125000000001
4 0.7406250000000002 0.878125 0.7062500000000002 0.878125 0.7062500000000002 0.921875 0.7406250000000002 0.921875
4 1 0.7671875000000001 0.965625 0.7671875000000001 0.965625 0.8390625 1 0.8390625
4 0.7046875 8.304636106717989e-17 0.6515625 7.979339300694473e-17 0.6515625 0.023437500000000083 0.7046875 0.02343750000000009
4 0.30937500000000007 0.3578125 0.278125 0.3578125 0.27812500000000007 0.41875 0.30937500000000007 0.41875
2 0.6375 0.12343750000000009 0.6 0.12343750000000009 0.6 0.17343750000000008 0.6375 0.17343750000000008
2 0.4968750000000002 0.9234375 0.4734375000000002 0.9234375 0.4734375000000002 0.959375 0.4968750000000002 0.959375
2 0.6921875 0.46875 0.6421875 0.46875 0.6421875 0.540625 0.6921875 0.540625
4 0.19218750000000012 0.78125 0.0359375000000001 0.78125 0.03593750000000011 1 0.19218750000000012 1
2 0.6390625000000002 0.80625 0.6125000000000002 0.80625 0.6125000000000002 0.8484375 0.6390625000000002 0.8484375
2 0.571875 0.3218750000000001 0.5421875 0.3218750000000001 0.5421875 0.3703125000000001 0.571875 0.3703125000000001
4 0.2562500000000001 0.5984375 0.2171875000000001 0.5984375 0.2171875000000001 0.6578125 0.2562500000000001 0.6578125
2 0.6562500000000002 0.821875 0.6015625000000002 0.821875 0.6015625000000002 0.8890625 0.6562500000000002 0.8890625
4 0.20312500000000006 0.321875 0.09531250000000005 0.321875 0.09531250000000005 0.4765625 0.20312500000000008 0.4765625
4 0.6390625 0.5046875 0.609375 0.5046875 0.609375 0.55625 0.6390625 0.55625
2 0.6953125000000002 0.7953125 0.6703125000000002 0.7953125 0.6703125000000002 0.83125 0.6953125000000002 0.83125
0 1 0.7093750000000002 0.8984375 0.7093750000000002 0.8984375 0.8765625 1 0.8765625
2 0.5890625 0.2656250000000001 0.559375 0.2656250000000001 0.559375 0.30937500000000007 0.5890625 0.30937500000000007
2 0.5750000000000001 0.7140625 0.5375 0.7140625 0.5375000000000001 0.76875 0.5750000000000002 0.76875
2 0.3468750000000001 0.86875 0.3125000000000001 0.86875 0.3125000000000001 0.9546875 0.3468750000000001 0.9546875
4 0.65625 0.18125000000000008 0.6359375 0.18125000000000008 0.6359375 0.2078125000000001 0.65625 0.2078125000000001
0 0.35625000000000007 0.8703125 0.3234375000000001 0.8703125 0.3234375000000001 1 0.35625000000000007 1
0 0.4953125 0.4546875 0.3968750000000001 0.4546875 0.3968750000000001 0.60625 0.4953125 0.60625
2 0.4359375 0.00625000000000005 0.3921875 0.006250000000000047 0.3921875 0.06406250000000005 0.4359375 0.06406250000000005
2 0.7953125 0.07656250000000009 0.765625 0.07656250000000009 0.765625 0.11562500000000009 0.7953125 0.11562500000000009
0 0.42500000000000016 0.9421875 0.3968750000000001 0.9421875 0.3968750000000001 0.9921875 0.42500000000000016 0.9921875
0 0.4546875000000002 0.753125 0.4203125000000002 0.753125 0.4203125000000002 0.909375 0.4546875000000002 0.909375
2 0.846875 0.05312500000000011 0.81875 0.05312500000000011 0.81875 0.10000000000000009 0.846875 0.10000000000000009
0 0.21093750000000008 0.684375 0.1531250000000001 0.684375 0.15312500000000012 1 0.21093750000000008 1
0 0.6640625 0.3109375000000001 0.60625 0.3109375000000001 0.60625 0.3921875000000001 0.6640625 0.3921875000000001
4 0.5421875 0.5234375 0.465625 0.5234375 0.465625 0.6125 0.5421875 0.6125
0 0.2531250000000001 0.8140625 0.22812500000000008 0.8140625 0.22812500000000008 0.9515625 0.2531250000000001 0.9515625
0 0.3187500000000001 0.8484375 0.3062500000000001 0.8484375 0.3062500000000001 0.88125 0.3187500000000001 0.88125
2 0.47656250000000017 0.9421875 0.4390625000000002 0.9421875 0.4390625000000002 1 0.47656250000000017 1
4 0.09687500000000004 0.2140625 2.6215095544248028e-17 0.2140625 4.247993584542381e-17 0.4796875 0.09687500000000007 0.4796875
0 0.3109375 0.039062500000000035 0.271875 0.039062500000000035 0.271875 0.15625000000000006 0.3109375 0.15625000000000006
0 0.14218750000000005 0.196875 0.11250000000000004 0.196875 0.11250000000000004 0.23125 0.14218750000000005 0.23125
0 0.2921875000000001 0.509375 0.2750000000000001 0.509375 0.2750000000000001 0.596875 0.2921875000000001 0.596875
0 0.32812500000000006 0.2234375 0.278125 0.2234375 0.27812500000000007 0.3984375 0.3281250000000001 0.3984375
0 0.2000000000000001 0.6921875 0.18750000000000008 0.6921875 0.18750000000000008 0.728125 0.2000000000000001 0.728125
0 0.2015625000000001 0.6609375 0.18125000000000008 0.6609375 0.18125000000000008 0.6828125 0.2015625000000001 0.6828125
0 0.2875000000000001 0.5875 0.2671875000000001 0.5875 0.2671875000000001 0.61875 0.2875000000000001 0.61875
0 0.2046875 0.04843750000000002 0.1703125 0.04843750000000002 0.17031250000000003 0.19687500000000002 0.2046875 0.19687500000000005
0 0.22812500000000005 0.3546875 0.16718750000000004 0.3546875 0.16718750000000007 0.5609375 0.22812500000000008 0.5609375
4 0.10937500000000008 0.69375 0.021875000000000082 0.69375 0.021875000000000092 0.828125 0.10937500000000008 0.828125
4 0.8125 0.20468750000000008 0.703125 0.20468750000000008 0.703125 0.27812500000000007 0.8125 0.27812500000000007
0 0.2921875000000001 0.725 0.2812500000000001 0.725 0.2812500000000001 0.7375 0.2921875000000001 0.7375
4 0.2953125 0.2140625 0.24375 0.2140625 0.24375 0.3125 0.2953125 0.3125
4 0.2703125 0.03281250000000003 0.2078125 0.03281250000000002 0.2078125 0.28125 0.2703125 0.28125
0 0.2562500000000001 0.7921875 0.2484375000000001 0.7921875 0.2484375000000001 0.81875 0.2562500000000001 0.81875
0 0.3265625000000001 0.7203125 0.30156250000000007 0.7203125 0.30156250000000007 0.7890625 0.3265625000000001 0.7890625
0 0.6890625 0.31718750000000007 0.6328125 0.31718750000000007 0.6328125 0.40625 0.6890625 0.40625
0 0.14062500000000006 0.1984375 0.13125000000000003 0.1984375 0.13125000000000003 0.2234375 0.14062500000000006 0.2234375
0 0.3750000000000001 0.5171875 0.3609375000000001 0.5171875 0.3609375000000001 0.565625 0.3750000000000001 0.565625
0 0.2812500000000001 0.5484375 0.2718750000000001 0.5484375 0.2718750000000001 0.575 0.2812500000000001 0.575
0 0.3343750000000001 0.8734375 0.3140625000000001 0.8734375 0.3140625000000001 0.90625 0.3343750000000001 0.90625