0 0.35078125000000004 2.1479156750670376e-17 0 0 5.070803152719509e-17 0.828125 0.3507812500000001 0.828125
2 0.82265625 8.252014564567126e-17 0.525 6.429395695523604e-17 0.525 0.4835937500000001 0.82265625 0.48359375000000016
4 1 0.6671875 0.48125 0.6671875 0.48125000000000007 1 1 1
4 0.99921875 1.1093577840713718e-16 0.8125 9.950255243072244e-17 0.8125 0.27812500000000007 0.99921875 0.27812500000000007
4 0.3632812500000001 0.79375 0.2375000000000001 0.79375 0.2375000000000001 1 0.3632812500000001 1
4 0.09843750000000011 0.91875 0.07031250000000011 0.91875 0.07031250000000011 0.978125 0.09843750000000011 0.978125
4 0.15703125 0.06875000000000002 0.1140625 0.06875000000000002 0.1140625 0.13203125 0.15703125 0.13203125
4 0.9875 0.41875000000000007 0.640625 0.41875 0.6406250000000001 0.7523437500000001 0.9875 0.7523437500000002
4 0.26015625 0.08125000000000002 0.1984375 0.08125000000000002 0.19843750000000002 0.18750000000000006 0.26015625 0.18750000000000006
4 0.7679687500000001 0.5515625000000001 0.6515625 0.5515625 0.6515625 0.7460937500000001 0.7679687500000002 0.7460937500000002
4 0.5375 0.2218750000000001 0.5125 0.2218750000000001 0.5125 0.2773437500000001 0.5375 0.2773437500000001
4 0.43671875 4.692884804545131e-17 0.3296875 4.0375074159389303e-17 0.3296875 0.14921875000000004 0.43671875 0.14921875000000004
4 0.478125 0.2375000000000001 0.4625 0.2375000000000001 0.4625 0.2671875000000001 0.478125 0.2671875000000001
4 0.6882812500000002 0.7453125 0.4578125000000002 0.7453125 0.4578125000000002 0.9953125 0.6882812500000002 0.9953125
0 0.54375 0.009375000000000059 0.4078125 0.00937500000000005 0.4078125 0.54140625 0.54375 0.54140625
4 0.02812500000000005 0.3890625 4.7646414529326714e-17 0.3890625 5.333910863473823e-17 0.48203125 0.028125000000000056 0.48203125
0 0.14218750000000002 0.1046875 0.0031250000000000123 0.1046875 0.0031250000000000305 0.4015625 0.14218750000000005 0.4015625
0 0.14921875000000007 0.39375 0.004687500000000048 0.39375 0.004687500000000067 0.68984375 0.1492187500000001 0.68984375
4 0.5609375 0.15156250000000007 0.5328125 0.15156250000000004 0.5328125 0.20703125000000008 0.5609375 0.20703125000000008
4 0.99140625 0.22656250000000008 0.8640625 0.22656250000000008 0.8640625 0.4382812500000002 0.99140625 0.4382812500000002
2 0.21406250000000004 0.265625 0.10937500000000004 0.265625 0.10937500000000004 0.37265625 0.2140625000000001 0.37265625
0 0.61328125 0.4921875 0.53125 0.4921875 0.53125 0.62109375 0.61328125 0.62109375