0 0.7 0.2250000000000001 0.3953125 0.2250000000000001 0.39531250000000007 0.4109375 0.7 0.4109375
0 0.421875 0.021875000000000026 2.678914873134835e-18 0.021875 2.2962127484012874e-17 0.353125 0.421875 0.3531250000000001
0 0.1828125000000001 0.328125 4.0183723097022526e-17 0.328125 8.132420150587893e-17 1 0.18281250000000013 1
0 0.2875000000000001 0.73125 0.07187500000000009 0.73125 0.0718750000000001 1 0.2875000000000001 1
4 1 0.2140625000000001 0.896875 0.2140625000000001 0.896875 0.915625 1 0.915625
4 1 0.4140625000000001 0.4484375 0.4140625 0.4484375000000001 0.9984375 1 0.9984375
0 0.44218750000000007 0.515625 0.24218750000000008 0.515625 0.24218750000000008 0.7734375 0.4421875000000002 0.7734375
4 1 0.4906250000000002 0.865625 0.4906250000000002 0.865625 0.928125 1 0.928125
0 0.6015625 0.4453125 0.440625 0.4453125 0.440625 0.65625 0.6015625 0.65625
0 0.5296875000000001 0.4765625 0.3218750000000001 0.4765625 0.3218750000000001 0.7703125 0.5296875000000002 0.7703125
0 0.14218750000000008 0.353125 4.324534009489091e-17 0.353125 5.692694105411524e-17 0.5765625 0.14218750000000008 0.5765625
0 0.6765625 0.425 0.546875 0.425 0.546875 0.5671875 0.6765625 0.5671875
4 1 0.42500000000000016 0.7375 0.42500000000000016 0.7375 0.6796875000000002 1 0.6796875000000002
4 0.8390625 0.4046875000000001 0.6625 0.4046875 0.6625 0.5703125000000001 0.8390625 0.5703125000000002
0 0.3453125000000001 0.4890625 0.26250000000000007 0.4890625 0.26250000000000007 0.6125 0.3453125000000001 0.6125
0 0.3921875 0.02500000000000004 0.25625 0.025000000000000033 0.25625 0.20000000000000004 0.3921875 0.2000000000000001
4 1 0.4625000000000002 0.93125 0.4625000000000002 0.93125 0.5812500000000002 1 0.5812500000000002
0 0.696875 0.2312500000000001 0.6015625 0.2312500000000001 0.6015625 0.34843750000000007 0.696875 0.34843750000000007
0 0.27031250000000007 0.5125 0.2078125000000001 0.5125 0.2078125000000001 0.56875 0.27031250000000007 0.56875
0 0.853125 0.1281250000000001 0.684375 0.1281250000000001 0.684375 0.2687500000000001 0.853125 0.2687500000000001
4 1 0.2484375000000001 0.825 0.2484375000000001 0.825 0.5046875000000002 1 0.5046875000000002
0 0.5078125 0.004687500000000054 0.3671875 0.004687500000000044 0.3671875 0.2312500000000001 0.5078125 0.2312500000000001
0 0.13437500000000005 0.421875 0.05312500000000005 0.421875 0.053125000000000054 0.5296875 0.13437500000000005 0.5296875
0 0.021875000000000012 0.0796875 9.75890418070547e-18 0.0796875 1.4159978615141272e-17 0.1515625 0.021875000000000016 0.1515625
0 0.6234375 0.2250000000000001 0.5609375 0.2250000000000001 0.5609375 0.3218750000000001 0.6234375 0.3218750000000001
4 0.19531250000000006 0.5 0.032812500000000064 0.5 0.03281250000000008 0.753125 0.19531250000000008 0.753125
0 0.2734375 0.07656250000000003 0.1640625 0.07656250000000002 0.16406250000000003 0.240625 0.2734375 0.240625
0 0.9265625 1.0801767470604388e-16 0.8375 1.0256416942859082e-16 0.8375 0.07500000000000011 0.9265625 0.07500000000000011
4 0.73125 0.03906250000000009 0.7 0.03906250000000009 0.7 0.08593750000000008 0.73125 0.08593750000000008
0 0.2218750000000001 0.4546875 0.19843750000000004 0.4546875 0.19843750000000004 0.4796875 0.2218750000000001 0.4796875
0 0.453125 0.49375 0.3515625000000001 0.49375 0.3515625000000001 0.575 0.453125 0.575
4 0.09062500000000001 0.065625 0.05 0.065625 0.05000000000000001 0.0984375 0.09062500000000002 0.0984375
0 0.5171875 0.4671875 0.434375 0.4671875 0.434375 0.54375 0.5171875 0.54375
0 0.6546875 0.44375 0.6 0.44375 0.6 0.5015625 0.6546875 0.5015625
4 0.9125 1.0973983426734486e-16 0.8796875 1.0773064811249373e-16 0.8796875 0.009375000000000109 0.9125 0.00937500000000011
0 0.3453125000000001 0.5140625 0.3046875000000001 0.5140625 0.3046875000000001 0.5640625 0.3453125000000001 0.5640625
0 0.2718750000000001 0.4890625 0.2515625000000001 0.4890625 0.2515625000000001 0.5171875 0.2718750000000001 0.5171875
0 0.6 0.4546875 0.55 0.4546875 0.55 0.5046875 0.6 0.5046875
0 0.2296875 0.045312500000000026 0.1890625 0.04531250000000002 0.1890625 0.09687500000000002 0.2296875 0.09687500000000002
0 0.40625 0.5578125 0.3453125000000001 0.5578125 0.3453125000000001 0.61875 0.40625 0.61875
0 0.3062500000000001 0.4875 0.2828125000000001 0.4875 0.2828125000000001 0.525 0.3062500000000001 0.525
0 0.775 9.232688759196843e-17 0.7328125 8.974364825001696e-17 0.7328125 0.029687500000000096 0.775 0.0296875000000001
0 0.03750000000000002 0.1046875 0.0031250000000000123 0.1046875 0.003125000000000016 0.153125 0.03750000000000002 0.153125
0 0.2921875 0.048437500000000036 0.25625 0.048437500000000036 0.25625 0.08906250000000003 0.2921875 0.08906250000000004
0 0.1703125 0.10625 0.1375 0.10625 0.1375 0.1484375 0.1703125 0.1484375
0 0.6640625 0.440625 0.6375 0.440625 0.6375 0.4859375 0.6640625 0.4859375
4 0.70625 7.787988238327699e-17 0.565625 6.926908457677216e-17 0.565625 0.06562500000000007 0.70625 0.06562500000000009
0 0.1609375 0.059375000000000025 0.13125 0.059375000000000025 0.13125 0.09375000000000003 0.1609375 0.09375000000000003
0 0.27031250000000007 0.5265625 0.2484375000000001 0.5265625 0.2484375000000001 0.553125 0.27031250000000007 0.553125