2 0.08671875000000001 5.309991980677977e-18 0 0 1.1863765866739984e-17 0.19375 0.08671875000000002 0.19375
2 0.7515625 0.08750000000000008 0.621875 0.08750000000000006 0.621875 0.2539062500000001 0.7515625 0.2539062500000001
2 0.34687500000000004 0.2546875 0.2765625 0.2546875 0.27656250000000004 0.36875 0.3468750000000001 0.36875
0 0.13515625000000003 8.275933447362975e-18 0 0 1.674321795709272e-17 0.2734375 0.13515625000000003 0.2734375
0 0.95390625 0.2593750000000001 0.8234375 0.2593750000000001 0.8234375 0.49531250000000016 0.95390625 0.49531250000000016
4 0.490625 0.13281250000000006 0.346875 0.13281250000000006 0.346875 0.34765625000000006 0.490625 0.3476562500000001
4 0.58671875 0.05312500000000007 0.4765625 0.05312500000000007 0.4765625 0.2273437500000001 0.58671875 0.2273437500000001
4 0.8328125 9.45274248091863e-17 0.7109375 8.706473337688214e-17 0.7109375 0.1468750000000001 0.8328125 0.1468750000000001
0 0.2359375 1.4447005208691432e-17 0 0 2.0187537079694652e-17 0.3296875 0.2359375 0.3296875
4 0.68984375 0.02343750000000008 0.6234375 0.023437500000000076 0.6234375 0.11640625000000009 0.68984375 0.11640625000000009
0 0.4601562500000001 0.4484375 0.20312500000000008 0.4484375 0.20312500000000008 0.965625 0.46015625000000016 0.965625
0 0.3101562500000001 0.7453125 0.1515625000000001 0.7453125 0.1515625000000001 0.98125 0.3101562500000001 0.98125
0 0.11250000000000011 0.7578125 0.003125000000000093 0.7578125 0.0031250000000001077 0.9921875 0.11250000000000013 0.9921875
0 0.15078125000000006 0.3625 0.004687500000000044 0.3625 0.004687500000000067 0.72890625 0.1507812500000001 0.72890625
4 0.8234375 0.028125000000000084 0.55 0.028125000000000067 0.55 0.959375 0.8234375 0.959375
0 0.3632812500000001 0.465625 0.2468750000000001 0.465625 0.2468750000000001 0.68828125 0.3632812500000001 0.68828125
0 0.41484375 0.521875 0.3500000000000001 0.521875 0.3500000000000001 0.696875 0.41484375 0.696875
2 1 0.5703125000000002 0.8109375 0.5703125000000002 0.8109375 0.9765625 1 0.9765625
0 0.521875 0.4203125 0.4484375 0.4203125 0.4484375 0.54453125 0.521875 0.54453125
2 0.82734375 0.24218750000000008 0.7625 0.24218750000000008 0.7625 0.4343750000000002 0.82734375 0.4343750000000002
2 0.99296875 0.09218750000000012 0.8828125 0.09218750000000012 0.8828125 0.19609375000000012 0.99296875 0.19609375000000012
0 0.06328125000000004 0.1546875 0.0031250000000000193 0.1546875 0.003125000000000027 0.28203125 0.06328125000000004 0.28203125
4 0.6140625 0.3937500000000001 0.496875 0.3937500000000001 0.496875 0.509375 0.6140625 0.509375
2 0.9984375 0.039062500000000125 0.96875 0.039062500000000125 0.96875 0.11562500000000013 0.9984375 0.11562500000000013
2 0.6820312500000001 0.6015625 0.5078125 0.6015625 0.5078125000000001 0.99609375 0.6820312500000002 0.99609375
4 0.7 0.4265625 0.565625 0.4265625 0.565625 0.62421875 0.7 0.62421875
0 1 0.6250000000000002 0.9609375 0.6250000000000002 0.9609375 0.7046875000000001 1 0.7046875000000001
4 0.746875 0.2609375000000001 0.5546875 0.2609375000000001 0.5546875 0.3937500000000001 0.746875 0.3937500000000001
2 0.89296875 0.04375000000000011 0.859375 0.0437500000000001 0.859375 0.1023437500000001 0.89296875 0.1023437500000001
2 0.90859375 0.007812500000000104 0.8015625 0.007812500000000097 0.8015625 0.18437500000000012 0.90859375 0.18437500000000012
0 0.86640625 0.21250000000000008 0.83125 0.21250000000000008 0.83125 0.2593750000000001 0.86640625 0.2593750000000001
4 0.82578125 0.0921875000000001 0.734375 0.09218750000000009 0.734375 0.3062500000000001 0.82578125 0.3062500000000001
4 0.5390625 0.31093750000000003 0.325 0.3109375 0.32500000000000007 0.40546875 0.5390625 0.40546875
0 0.30546875000000007 0.4765625 0.2484375000000001 0.4765625 0.2484375000000001 0.575 0.30546875000000007 0.575
4 0.64375 0.1468750000000001 0.584375 0.1468750000000001 0.584375 0.3242187500000001 0.64375 0.3242187500000001
0 0.9140625 0.2953125000000001 0.8859375 0.2953125000000001 0.8859375 0.33671875000000007 0.9140625 0.33671875000000007
0 0.88671875 0.34062500000000007 0.85625 0.34062500000000007 0.85625 0.4031250000000002 0.88671875 0.4031250000000002
2 0.37265625 0.26562500000000006 0.325 0.265625 0.325 0.33515625000000004 0.37265625 0.3351562500000001
0 0.41796875 0.496875 0.3703125000000001 0.496875 0.3703125000000001 0.5625 0.41796875 0.5625
0 0.39531250000000007 0.434375 0.3500000000000001 0.434375 0.3500000000000001 0.50390625 0.39531250000000007 0.50390625
4 0.37109375000000006 0.35625000000000007 0.3609375 0.35625 0.3609375 0.4234375 0.3710937500000001 0.4234375
0 0.20312500000000008 0.9 0.1671875000000001 0.9 0.1671875000000001 0.9671875 0.20312500000000008 0.9671875
0 0.46171875 0.5046875 0.4328125 0.5046875 0.4328125 0.55546875 0.46171875 0.55546875
4 0.48359375 0.009375000000000053 0.3921875 0.009375000000000046 0.3921875 0.10781250000000005 0.48359375 0.10781250000000005
0 0.86484375 0.4281250000000002 0.8453125 0.4281250000000002 0.8453125 0.4671875000000002 0.86484375 0.4671875000000002
0 0.03125000000000002 0.178125 0.009375000000000022 0.178125 0.009375000000000026 0.21796875 0.03125000000000002 0.21796875
2 0.50234375 0.434375 0.471875 0.434375 0.471875 0.49140625 0.50234375 0.49140625
2 0.2296875 0.13437500000000005 0.209375 0.13437500000000005 0.209375 0.17031250000000003 0.2296875 0.17031250000000003
2 0.36796875 4.338885339166599e-17 0.340625 4.171453159595672e-17 0.340625 0.018750000000000044 0.36796875 0.018750000000000044
0 0.047656250000000025 0.1828125 0.029687500000000023 0.1828125 0.029687500000000023 0.2171875 0.047656250000000025 0.2171875
2 0.18203125 0.08437500000000002 0.1546875 0.08437500000000002 0.1546875 0.13593750000000002 0.18203125 0.13593750000000004
0 0.90234375 0.004687500000000108 0.8609375 0.004687500000000106 0.8609375 0.05312500000000011 0.90234375 0.05312500000000011
0 0.60390625 0.04062500000000007 0.565625 0.040625000000000064 0.565625 0.09609375000000006 0.60390625 0.09609375000000006
0 0.32265625 0.09218750000000005 0.303125 0.09218750000000005 0.303125 0.11796875000000004 0.32265625 0.11796875000000004
2 0.16796875 0.07968750000000002 0.1546875 0.07968750000000002 0.1546875 0.103125 0.16796875 0.103125
4 0.9609375 0.0031250000000001164 0.9421875 0.003125000000000115 0.9421875 0.11718750000000014 0.9609375 0.11718750000000014
2 0.6296875000000001 0.7 0.6046875 0.7 0.6046875 0.74453125 0.6296875000000002 0.74453125