4 0.17187500000000003 1.1863765866739984e-17 0.021875 2.678914873134835e-18 0.021875000000000016 0.26875 0.17187500000000006 0.26875
4 0.13437500000000008 0.4734375 5.79793718971325e-17 0.4734375 8.046312172522843e-17 0.840625 0.13437500000000008 0.840625
0 0.7578125000000001 0.55 0.55625 0.55 0.5562500000000001 0.9171875 0.7578125000000002 0.9171875
2 0.5140625 4.6976685811043e-17 0.253125 3.099887210341738e-17 0.253125 0.18750000000000006 0.5140625 0.18750000000000006
2 0.409375 0.41875 0.19062500000000004 0.41875 0.19062500000000007 0.671875 0.409375 0.671875
2 0.7296875 0.2640625000000001 0.6515625 0.2640625000000001 0.6515625 0.4203125000000001 0.7296875 0.4203125000000002
4 1 0.03750000000000012 0.86875 0.03750000000000011 0.86875 0.15468750000000012 1 0.15468750000000014
0 0.89375 0.7625000000000002 0.7359375000000001 0.7625000000000002 0.7359375000000001 1 0.89375 1
0 0.5031250000000002 0.8171875 0.3546875000000001 0.8171875 0.3546875000000001 1 0.5031250000000002 1
2 0.2671875 0.16250000000000003 0.115625 0.1625 0.11562500000000002 0.4125 0.2671875000000001 0.4125
2 0.296875 2.93723880732998e-17 0.1828125 2.2388074296912548e-17 0.18281250000000002 0.2140625 0.296875 0.2140625