2 0.3754664437500001 0.36034470781250005 0.12888075922708167 0.3300677933921994 0.08927322328958162 0.6526452933921993 0.3358589078125001 0.6829222078125
2 0.38786930203398545 0.18240490005789117 0.2529450583071919 0.16583828580638968 0.2268574015625 0.378305196875 0.3617816452892936 0.39487181112650155
0 0.2622878015625 3.8857805861880476e-17 0.0792871039154025 -0.022469660218588434 0.05413744601232855 0.18235786708157725 0.23713814365942606 0.2048275273001657
4 1.0303584076953822 0.2833319189740728 0.9295529389742259 0.2709545640516614 0.888802878125 0.602837184375 0.9896083468461564 0.6152145392974114
4 0.6464084375009733 0.6281730828045733 0.46806030000000004 0.606274684375 0.440068434209205 0.834250129475292 0.6184165717101783 0.8561485279048652
0 0.9407937250516831 0.44864897926657593 0.7934626546874999 0.43055899843750006 0.7313854577608169 0.936137194170924 0.8787165281249999 0.954227175
1 0.8075793000000001 0.23866150937500014 0.5423833749284737 0.2060995443325377 0.5023949968034735 0.5317787505825378 0.767590921875 0.5643407156250001
0 0.3915266953125 0.703925459375 0.20387343750000006 0.6808845359375 0.17988040993047552 0.8762920594432039 0.3675336677429755 0.899332982880704
2 0.591533790625 0.7930268406249998 0.5558641625 0.7886471609374999 0.5493898535652699 0.8413761750540582 0.5850594816902699 0.8457558547415582
4 0.4482290453583727 0.7549661871263964 0.29624541562500006 0.7363049437500001 0.26749186714162737 0.9704838019361034 0.41947549687499996 0.9891450453124999
4 0.10968169695710968 0.7684959930812714 0.032139028125000094 0.75897495 0.02014251387349859 0.8566787124767936 0.09768518270560818 0.8661997555580652
4 0.8198351031328597 0.7927225030609893 0.7671060890625002 0.7862481937500002 0.7568233623109986 0.8699942765392936 0.8095523763813581 0.8764685858502826
2 0.6400735474176475 0.8336199236959798 0.6059547718750002 0.8294306640625002 0.6000517244341463 0.8775071186805222 0.6341704999767936 0.8816963783140018
4 0.21978348125 2.7755575615628914e-17 0.19186812097548178 -0.003427577149300437 0.18943855998036158 0.016359598319978137 0.21735392025487982 0.019787175469278603
2 0.3942180875000001 0.605079171875 0.37095528752920603 0.6022228591371364 0.3660043453125001 0.642545046875 0.38926714528329415 0.6454013596128637
0 0.7834567798184 0.730009144246404 0.716770084587208 0.7218210482717049 0.699632209375 0.8613978515625001 0.7663189046061921 0.8695859475371991
2 0.18095208125 0.12393974375000001 0.1483841609421413 0.1199409062121997 0.14267153593749998 0.16646650624999998 0.1752394562453587 0.17046534378780032
2 0.2875430156250001 0.92257028125 0.25187338750000016 0.9181906015625 0.24730328697425702 0.9554110829397976 0.282972915099257 0.9597907626272976
2 0.36933571875000004 5.551115123125783e-17 0.3259118250208237 -0.005331782982095373 0.32221320000000003 0.024791104687500044 0.36563709372917635 0.03012288766959547
4 0.4240846892143164 0.2592663581385549 0.36825396875000005 0.25241120781250004 0.35759040137349857 0.33925899685179356 0.4134211218378149 0.34611414717784844
0 0.7897171517716524 0.8456969109631809 0.6656488827005126 0.8304632437362498 0.6448323875 1 0.7689006565711398 1.015233667226931
4 0.1561758406250001 0.5821481953125 6.661338147750939e-17 0.5629722140625 -0.0390362725233526 0.880897153429094 0.11713956810164743 0.9000731346790939
2 0.53087765 0.35109059062500003 0.41146194005020087 0.3364281858669236 0.39470490622679366 0.4729032814390015 0.5141206161765928 0.487565686197078
2 0.7190336049800349 0.9598083234734187 0.6740588574228698 0.9542861187021593 0.6684458984375001 1.0000000000000002 0.7134206459946653 1.0055222047712595
2 0.44850192656250004 0.7912070765625001 0.41593400455292195 0.7872082385960498 0.41041179986542203 0.8321829870335499 0.4429797218750001 0.836181825
2 0.2346606875 0.13525703281250007 0.20209276551699923 0.1312581952992392 0.1975226656017936 0.16847867675150152 0.23009058758479436 0.17247751426476238
2 0.7728303209282175 0.034467140700600696 0.6254992500000001 0.016377159375000082 0.6110272650092827 0.13424201554939952 0.7583583359375 0.15233199687500013
2 0.19616024849663277 0.07700581358090244 0.16979574062500002 0.07376865937500003 0.16408311556586724 0.12029426141909763 0.1904476234375 0.12353141562500003
1 0.6381044390625001 0.37527602343750016 0.5543583579802807 0.36499329707103606 0.5391246890624999 0.48906156718750005 0.6228707701447194 0.49934429355396415
2 0.9450144406876975 0.6065906276143719 0.8969379859375 0.6006875812500001 0.8824660013734986 0.7185524374767936 0.9305424561236961 0.7244554838411654
4 0.7672885687500001 0.4257709906250001 0.658728834297061 0.4124415312404304 0.6471131625000001 0.5070435859375002 0.7556728969529392 0.52037304532207
0 0.9048707626471761 0.06169930661384748 0.7497854265624999 0.0426572218750001 0.7280774498109984 0.21945450622679358 0.8831627858956747 0.238496590965641
2 0.8818533568710987 0.08248663601376141 0.8492854350193051 0.07848779832475994 0.8433823890625 0.12656425312500008 0.8759503109142935 0.13056309081400155
0 0.26566019376788846 0.5751261404793114 0.10902400312500007 0.5558936343750001 0.08579265918599856 0.7450977452892935 0.24242884982888696 0.764330251393605
0 0.5981551531249999 0.00829702500000008 0.4446206700769745 -0.010554639254422626 0.4242456390624999 0.15538667031250003 0.5777801221105253 0.17423833456692273
0 0.10757714071441286 0.3368974414592911 0.019178500000000043 0.326043453125 0.0020406233480872336 0.46562025697820886 0.09043926406250005 0.4764742453124999
2 0.942915840625 0.44418684062500013 0.885534265625 0.43714126875000014 0.8752515392471307 0.5208873500226698 0.9326331142471307 0.5279329218976698
2 0.34793391099055493 0.4435470136304029 0.298306603125 0.43745354687500004 0.2903089280719451 0.5025893879320973 0.3399362359375 0.5086828546875001
0 1.0274206164489676 0.09248888014191296 0.9898143421875 0.08787140781250014 0.962393725526659 0.3111942903336559 0.9999999997881266 0.31581176266306876
0 0.4191377171875 0.47905172187500006 0.33228992972015786 0.46838815442152343 0.313438265625 0.6219226375 0.40028605309234216 0.6325862049534766
4 0.8537495609375 0.1703415015625001 0.8072239592804991 0.16462887655089686 0.7997975468517934 0.2251121580015015 0.8463231485087943 0.2308247830131048
2 0.7603744750830754 0.276944039948406 0.6890352203125001 0.26818468125000006 0.6749440779359985 0.38294783122679366 0.7462833327065739 0.39170718992519954
4 0.8212641000000002 0.20413440781250008 0.72666204375 0.19251873593750007 0.7196164723143491 0.24990031079959446 0.8142185285643493 0.26151598267459447
2 0.10326236094042736 0.8464195031011599 0.0815504140625001 0.8437536109375001 0.07831325918599859 0.8701181187267937 0.10002520606392584 0.8727840108904534
2 0.32540332187500004 0.3321584515625001 0.29283540158465715 0.3281596138820448 0.28445688437500005 0.39639716250000007 0.3170248046653429 0.4003960001804553
0 0.11430979531250011 3.053113317719181e-17 0.058479073320445815 -0.006855150609169258 0.005821553007945746 0.42200594157833066 0.06165227500000005 0.42886109218749996
2 0.7558908047734099 0.5314194399253213 0.679898989274708 0.5220888185842051 0.6652365843750001 0.6415045281250001 0.7412283998737019 0.6508351494661163
4 0.21193005754790387 0.8204063657843627 9.992007221626409e-17 0.7943846265625001 -0.01542408889492275 0.9200037490682945 0.19650596865298103 0.9460254882901571
0 0.13272658906250015 0.7603059109374999 0.08930269385628188 0.7549741272594044 0.07521155156250012 0.8697372765624998 0.1186354467687184 0.8750690602405955
0 0.4846484453144001 0.21475292810952573 0.41175833596070655 0.2058031482484986 0.39214498906250006 0.36554104375000007 0.46503509841619356 0.37449082361102726
2 0.6341330875000002 0.4204411921875001 0.5876074857484986 0.4147285671642937 0.5784672859142936 0.48916952831400157 0.6249928876657952 0.49488215333720803
4 0.6201873180588102 0.9571169297944835 0.4356357671875002 0.9344568484375 0.42820935399032367 0.9949401296472429 0.6127609048616336 1.0176002110042264
4 1.001414439115162 0.5190616305918643 0.926973478125 0.5099214296875001 0.9010762420262273 0.7208374874801982 0.9755172030163892 0.7299776883845623
0 0.7044397625204227 0.4888946623336713 0.659465015625 0.48337245781250004 0.6510864982484985 0.5516100062267936 0.6960612451439212 0.5571322107479648
4 0.761925328277876 0.277134461254926 0.7247048484375 0.2725643609375001 0.7174688560609985 0.3314967890392936 0.7546893359013744 0.33606688935671947
0 0.37203489853531274 0.2087968929533795 0.333263565625 0.20403637187500007 0.3271700983396873 0.2536636804841207 0.36594143125000006 0.2584242015625001
4 0.40373912980731264 0.5275365037117048 0.36031523593750014 0.5222047203125 0.3517462982484986 0.5919931218517938 0.39517019211831117 0.5973249052509985
2 0.855518320409941 0.18157831639390612 0.8338063734374999 0.1789124250000001 0.8279033280275586 0.22698888048109406 0.8496152749999999 0.22965477187500008
0 0.12839989843750005 0.731438446875 0.06481490937500009 0.7236311921875 0.05662681324160736 0.7903178860285578 0.1202118023041073 0.7981251407160579
4 0.4992009047581317 0.044948227549752105 0.37978519531250005 0.030285821875000053 0.35826763887349855 0.20553225310179357 0.4776833483191302 0.22019465877654562
0 0.23218720156250003 0.24514971406250002 0.03833053134541145 0.22134710703543634 0.00881529843750004 0.4617293796875 0.20267196865458864 0.48553198671456366
0 0.2510292453125001 0.8866022718750001 0.16107974926015145 0.8755578624091582 0.1525108109375001 0.9453462640625 0.24246030698984872 0.956390673528342
4 0.5442935391415686 0.45978577344720845 0.4372846562500001 0.44664673437499997 0.4273827717959315 0.5272911093652917 0.5343916546875 0.5404301484375001
0 0.4694541750559177 0.8898079698570888 0.39966577343750015 0.88123903125 0.3870979968190826 0.9835953535804114 0.4568863984375001 0.9921642921875001
0 0.37277306571802 0.3694594070549129 0.35571367833720796 0.367364777959205 0.34866810781250007 0.42474635312500003 0.3657274951933121 0.4268409822207079
2 0.6364495957294536 0.5938913752430465 0.6209410609375002 0.591987165625 0.6184655886223404 0.6121482593209552 0.6339741234142937 0.6140524689390017
4 0.7103977828125 0.4660127031250001 0.6995418094395476 0.46467975728680216 0.696685496875 0.48794255781249996 0.7075414702479524 0.4892755036506979
4 0.18066958125000013 0.8826858937500001 0.08451667165199439 0.8708798015351183 0.0772806796875001 0.9298122296875002 0.17343358928550584 0.9416183219023819
4 0.6089150750598323 0.587362091700205 0.5856522748109987 0.5845057796642936 0.5814630169386664 0.6186245551515888 0.6047258171875001 0.6214808671875002