4 0.10000000000000002 0.0421875 5.1664786839028965e-18 0.0421875 2.4684287045313837e-17 0.3609375 0.10000000000000005 0.3609375
4 0.17812500000000012 0.5640625 0.00625000000000007 0.5640625 0.006250000000000091 0.93125 0.17812500000000014 0.93125
0 0.803125 0.5125000000000001 0.6015625 0.5125 0.6015625000000001 0.8796875 0.803125 0.8796875
2 0.4296875 0.006250000000000036 0.16875 0.006250000000000019 0.16875 0.22031250000000005 0.4296875 0.22031250000000008
2 0.4234375 0.459375 0.20468750000000008 0.459375 0.20468750000000008 0.7125 0.4234375 0.7125
2 0.69375 0.22812500000000008 0.615625 0.22812500000000008 0.615625 0.3843750000000001 0.69375 0.3843750000000001
4 0.925 1.0409497792752504e-16 0.775 9.491012693391987e-17 0.775 0.0703125000000001 0.925 0.07031250000000011
0 0.971875 0.6890625000000001 0.8140625 0.6890625000000001 0.8140625 0.9671875 0.971875 0.9671875
0 0.5890625000000002 0.8234375 0.44062500000000016 0.8234375 0.44062500000000016 1 0.5890625000000002 1
2 0.22968750000000004 0.23125 0.07812500000000003 0.23125 0.07812500000000004 0.48125 0.2296875000000001 0.48125
2 0.21875 0.029687500000000016 0.1046875 0.029687500000000012 0.10468750000000002 0.278125 0.21875 0.278125