4 0.7484375 0.04062500000000007 0.45625 0.04062500000000006 0.45625 0.5546875000000001 0.7484375 0.5546875000000002
4 0.9734375 0.4750000000000001 0.59375 0.475 0.5937500000000001 0.990625 0.9734375 0.990625
4 0.6343750000000001 0.012500000000000039 1.5308084989341916e-18 0.0125 6.199774420683476e-17 1 0.6343750000000001 1
4 0.9625 0.5000000000000001 0.6828125 0.5 0.6828125 0.9828125 0.9625 0.9828125
4 0.7015625 0.07500000000000008 0.5734375 0.07500000000000007 0.5734375 0.2843750000000001 0.7015625 0.2843750000000001
4 1 0.6656250000000001 0.8609375 0.6656250000000001 0.8609375 0.9546875 1 0.9546875
4 0.22031250000000005 0.153125 1.8752404111943846e-17 0.153125 3.903561672282188e-17 0.484375 0.22031250000000008 0.484375
4 0.734375 0.4156250000000001 0.653125 0.415625 0.653125 0.55 0.734375 0.5500000000000002
4 0.37187500000000007 0.16875 0.125 0.16875 0.12500000000000006 0.565625 0.37187500000000007 0.565625
4 0.30625 0.018750000000000027 0.15 0.018750000000000017 0.15000000000000002 0.2109375 0.30625 0.2109375
4 0.5171875 0.26250000000000007 0.3203125 0.2625 0.32031250000000006 0.634375 0.5171875 0.634375
1 0.65625 7.692312707144311e-17 0.6 7.347880794884119e-17 0.6 0.09687500000000007 0.65625 0.09687500000000009
4 0.12500000000000003 0.06093750000000001 7.462691432304185e-18 0.0609375 2.143131898507868e-17 0.2890625 0.12500000000000006 0.2890625
1 0.5625 6.065828677026733e-17 0.428125 5.2430191088496056e-17 0.428125 0.2921875000000001 0.5625 0.2921875000000001
4 0.9453125 0.6703125000000002 0.8609375 0.6703125000000002 0.8609375 0.8046875 0.9453125 0.8046875
4 0.38906250000000003 0.34687500000000004 0.3234375 0.346875 0.32343750000000004 0.45625 0.3890625000000001 0.45625
4 0.715625 0.2640625000000001 0.65 0.2640625000000001 0.65 0.3937500000000001 0.715625 0.3937500000000001
4 0.14687500000000006 0.325 3.980102097228898e-17 0.325 5.587451021109799e-17 0.5875 0.1468750000000001 0.5875
1 0.9234375 0.7734375000000002 0.821875 0.7734375000000002 0.821875 0.9671875 0.9234375 0.9671875
1 0.8921875 0.4562500000000001 0.709375 0.45625 0.709375 0.6875000000000001 0.8921875 0.6875000000000002
1 1 0.6750000000000002 0.9125 0.6750000000000002 0.9125 0.80625 1 0.80625
4 0.5140625 0.13437500000000005 0.4109375 0.13437500000000005 0.4109375 0.38750000000000007 0.5140625 0.38750000000000007
4 0.20312500000000006 0.19375000000000003 0.10156250000000004 0.19375 0.10156250000000004 0.3796875 0.20312500000000008 0.3796875
1 0.6203125 7.376583454239135e-17 0.584375 7.156529732517345e-17 0.584375 0.10781250000000009 0.6203125 0.10781250000000009
4 0.428125 0.014062500000000042 0.2921875 0.014062500000000033 0.2921875 0.20156250000000003 0.428125 0.2015625000000001
4 0.34687500000000004 0.328125 0.2671875 0.328125 0.2671875 0.4703125 0.3468750000000001 0.4703125
4 1 0.21875000000000008 0.846875 0.21875000000000008 0.846875 0.5984375000000002 1 0.5984375000000002
4 0.1921875 0.025000000000000012 3.061616997868383e-18 0.025 1.081133502372273e-17 0.15156250000000002 0.1921875 0.15156250000000004
1 0.9 0.21875000000000008 0.840625 0.21875000000000008 0.840625 0.5000000000000002 0.9 0.5000000000000002
1 0.68125 0.3671875000000001 0.6078125 0.3671875000000001 0.6078125 0.5390625 0.68125 0.5390625
4 0.396875 0.17812500000000003 0.3203125 0.17812500000000003 0.3203125 0.28437500000000004 0.396875 0.2843750000000001
1 0.6046875 7.290475476174086e-17 0.5859375 7.175664838754022e-17 0.5859375 0.03281250000000007 0.6046875 0.03281250000000008
1 0.8828125 0.1843750000000001 0.7078125 0.1843750000000001 0.7078125 0.2562500000000001 0.8828125 0.2562500000000001
4 0.3203125 0.24375 0.284375 0.24375 0.284375 0.309375 0.3203125 0.309375
1 0.98125 0.1968750000000001 0.8609375 0.19687500000000008 0.8609375 0.2796875000000001 0.98125 0.2796875000000001
4 0.440625 0.023437500000000052 0.4046875 0.02343750000000005 0.4046875 0.08593750000000004 0.440625 0.08593750000000004
4 1 0.6515625000000002 0.9796875 0.6515625000000002 0.9796875 0.7265625000000002 1 0.7265625000000002
4 0.1625 0.029687500000000016 0.0796875 0.029687500000000012 0.07968750000000001 0.1109375 0.1625 0.1109375
4 0.390625 0.010937500000000041 0.296875 0.010937500000000036 0.296875 0.06562500000000004 0.390625 0.06562500000000004
4 0.346875 0.17031250000000003 0.290625 0.17031250000000003 0.290625 0.271875 0.346875 0.271875
1 0.909375 0.7562500000000002 0.85 0.7562500000000002 0.85 0.84375 0.909375 0.84375
4 0.878125 0.2328125000000001 0.8109375 0.2328125000000001 0.8109375 0.3453125000000001 0.878125 0.3453125000000001
1 0.8828125 1.0591281302000936e-16 0.846875 1.0371227580279147e-16 0.846875 0.2296875000000001 0.8828125 0.2296875000000001
1 0.36406250000000007 0.27656250000000004 0.290625 0.2765625 0.290625 0.4078125 0.36406250000000007 0.4078125