4 0.50625 0.059375000000000046 0.25625 0.059375000000000025 0.25625000000000003 0.55390625 0.50625 0.55390625
4 0.4078125000000001 0.5125 0.06875000000000006 0.5125 0.0687500000000001 1 0.4078125000000002 1
4 1 0.018750000000000086 0.4078125 0.01875000000000005 0.4078125000000001 1 1 1
4 0.3195312500000001 0.5359375 0.07968750000000006 0.5359375 0.0796875000000001 0.99921875 0.3195312500000001 0.99921875
4 0.3921875 0.09218750000000005 0.28125 0.09218750000000005 0.28125 0.29296875000000006 0.3921875 0.2929687500000001
4 0.1562500000000001 0.7109375 8.706473337688214e-17 0.7109375 1.0399930239634162e-16 0.9875 0.15625000000000014 0.9875
4 0.9890625 0.1281250000000001 0.7765625 0.1281250000000001 0.7765625 0.44140625000000017 0.9890625 0.44140625000000017
4 0.34062500000000007 0.434375 0.27031250000000007 0.434375 0.27031250000000007 0.56328125 0.34062500000000007 0.56328125
4 0.846875 0.15625000000000008 0.6328125 0.15625000000000008 0.6328125 0.5359375000000001 0.846875 0.5359375000000002
4 0.80859375 0.0015625000000000905 0.6671875 0.0015625000000000818 0.6671875 0.1828125000000001 0.80859375 0.1828125000000001
4 0.659375 0.26250000000000007 0.49375 0.26250000000000007 0.49375 0.621875 0.659375 0.621875
1 0.3546875 4.0566425221756075e-17 0.3078125 3.769615928625447e-17 0.3078125 0.10937500000000004 0.3546875 0.10937500000000004
4 0.9953125 0.02968750000000011 0.8546875 0.0296875000000001 0.8546875 0.2468750000000001 0.9953125 0.2468750000000001
1 0.528125 5.79793718971325e-17 0.41875 5.128208471429541e-17 0.41875 0.2890625000000001 0.528125 0.2890625000000001
4 0.1554687500000001 0.70625 0.0828125000000001 0.70625 0.0828125000000001 0.83515625 0.1554687500000001 0.83515625
4 0.66328125 0.3359375000000001 0.60625 0.3359375000000001 0.60625 0.44140625 0.66328125 0.44140625
4 0.33046875000000003 0.2828125 0.275 0.2828125 0.275 0.4078125 0.3304687500000001 0.4078125
4 0.9890625 0.29375000000000007 0.859375 0.29375000000000007 0.859375 0.5453125000000002 0.9890625 0.5453125000000002
1 0.20468750000000008 0.8078125 0.11875000000000009 0.8078125 0.1187500000000001 0.99453125 0.20468750000000008 0.99453125
1 0.28984375000000007 0.4890625 0.12500000000000006 0.4890625 0.12500000000000006 0.70625 0.28984375000000007 0.70625
1 0.10468750000000009 0.71875 8.802148868871601e-17 0.71875 9.553201788661188e-17 0.84140625 0.10468750000000009 0.84140625
4 0.55859375 0.13593750000000007 0.4765625 0.13593750000000004 0.4765625 0.3828125000000001 0.55859375 0.3828125000000001
4 0.87109375 0.1671875000000001 0.784375 0.1671875000000001 0.784375 0.3460937500000001 0.87109375 0.3460937500000001
1 0.37109375 0.0015625000000000437 0.3453125 0.0015625000000000424 0.3453125 0.11796875000000004 0.37109375 0.11796875000000004
4 0.66484375 0.007812500000000073 0.54375 0.007812500000000066 0.54375 0.18593750000000006 0.66484375 0.1859375000000001
4 0.71796875 0.3140625000000001 0.65 0.3140625000000001 0.65 0.45078125 0.71796875 0.45078125
4 0.13125000000000006 0.2625 3.214697847761802e-17 0.2625 5.482207936808073e-17 0.6328125 0.1312500000000001 0.6328125
4 0.9953125 1.0840037683077745e-16 0.775 9.491012693391987e-17 0.775 0.1070312500000001 0.9953125 0.10703125000000013
1 0.13671875000000006 0.253125 0.10156250000000004 0.253125 0.10156250000000004 0.53203125 0.13671875000000006 0.53203125
1 0.3828125000000001 0.38125000000000003 0.3234375000000001 0.38125 0.3234375000000001 0.5484375 0.3828125000000001 0.5484375
4 0.6515625 0.1703125000000001 0.5828125 0.1703125000000001 0.5828125 0.27031250000000007 0.6515625 0.27031250000000007
1 0.36953125 4.434560870349986e-17 0.3546875 4.343669115725768e-17 0.3546875 0.042187500000000044 0.36953125 0.042187500000000044
1 0.2671875 0.21875 0.09687500000000002 0.21875 0.09687500000000003 0.2765625 0.2671875 0.2765625
4 0.017187500000000123 0.975 1.1940306291686696e-16 0.975 1.2016846716633404e-16 0.9875 0.017187500000000123 0.9875
4 0.69296875 0.22812500000000008 0.6625 0.22812500000000008 0.6625 0.2906250000000001 0.69296875 0.2906250000000001
1 0.11484375000000005 0.2390625 2.9276712542116413e-17 0.2390625 3.3773462507735604e-17 0.3125 0.11484375000000005 0.3125
4 0.5546875 0.020312500000000067 0.5234375 0.020312500000000067 0.5234375 0.07968750000000006 0.5546875 0.07968750000000006
4 0.03671875000000009 0.696875 0.0015625000000000853 0.696875 0.0015625000000000899 0.76953125 0.03671875000000009 0.76953125
4 0.87890625 0.0015625000000001027 0.8015625 0.0015625000000000979 0.8015625 0.0765625000000001 0.87890625 0.07656250000000012
4 0.66015625 0.0015625000000000755 0.5703125 0.0015625000000000701 0.5703125 0.049218750000000075 0.66015625 0.049218750000000075
4 0.68046875 0.15781250000000008 0.6328125 0.15781250000000008 0.6328125 0.2554687500000001 0.68046875 0.2554687500000001
1 0.17343750000000008 0.790625 0.1218750000000001 0.790625 0.1218750000000001 0.87421875 0.17343750000000008 0.87421875
4 0.029687500000000124 0.9703125 0.00781250000000012 0.9703125 0.00781250000000012 0.98359375 0.029687500000000124 0.98359375
4 0.021875000000000124 0.9828125 0.006250000000000119 0.9828125 0.006250000000000121 0.99296875 0.021875000000000124 0.99296875
4 0.16718750000000004 0.265625 0.10937500000000004 0.265625 0.10937500000000004 0.3734375 0.16718750000000004 0.3734375
1 0.10937500000000003 0.02031250000000001 0.0953125 0.02031250000000001 0.09531250000000001 0.26328125 0.10937500000000004 0.26328125
1 0.68984375 0.2640625000000001 0.6265625 0.2640625000000001 0.6265625 0.3906250000000001 0.68984375 0.3906250000000001