1 0.79140625 0.19687500000000008 0.5015625 0.19687500000000005 0.5015625 0.7125000000000001 0.79140625 0.7125000000000001
1 1 0.014062500000000117 0.8890625 0.014062500000000111 0.8890625 0.3929687500000001 1 0.3929687500000001
4 0.48671875 0.006250000000000049 0.309375 0.0062500000000000385 0.30937500000000007 0.37187500000000007 0.48671875 0.37187500000000007
4 0.65625 0.003125000000000072 0.5265625 0.003125000000000064 0.5265625 0.2179687500000001 0.65625 0.2179687500000001
4 0.3960937500000001 0.746875 0.22812500000000008 0.746875 0.22812500000000008 0.984375 0.3960937500000001 0.984375
4 0.51640625 0.503125 0.34843750000000007 0.503125 0.34843750000000007 0.6421875 0.51640625 0.6421875
4 0.34062500000000007 0.565625 0.1296875000000001 0.565625 0.1296875000000001 0.76484375 0.34062500000000007 0.76484375
4 0.99921875 0.6906250000000002 0.734375 0.6906250000000002 0.7343750000000001 0.9921875 0.99921875 0.9921875
4 0.81796875 0.0015625000000000938 0.7125 0.0015625000000000875 0.7125 0.1859375000000001 0.81796875 0.1859375000000001
4 0.603125 0.6421875 0.5609375 0.6421875 0.5609375 0.70703125 0.603125 0.70703125
4 0.99609375 0.4109375000000002 0.890625 0.4109375000000002 0.890625 0.7203125000000001 0.99609375 0.7203125000000001
4 0.17031250000000003 0.171875 0.07500000000000002 0.171875 0.07500000000000004 0.34140625 0.17031250000000003 0.34140625
1 0.56875 0.032812500000000064 0.4765625 0.03281250000000006 0.4765625 0.3164062500000001 0.56875 0.3164062500000001
4 0.6414062500000001 0.640625 0.521875 0.640625 0.5218750000000001 0.9796875 0.6414062500000002 0.9796875
1 0.13125000000000012 0.659375 0.0015625000000000805 0.659375 0.0015625000000001014 0.9953125 0.13125000000000014 0.9953125
4 0.80078125 0.690625 0.646875 0.690625 0.6468750000000001 0.996875 0.80078125 0.996875
4 0.30859375 0.01406250000000003 0.178125 0.014062500000000023 0.17812500000000003 0.265625 0.30859375 0.265625
4 0.3039062500000001 0.365625 0.2156250000000001 0.365625 0.2156250000000001 0.54296875 0.3039062500000001 0.54296875
4 0.42421875 0.4515625 0.30937500000000007 0.4515625 0.30937500000000007 0.575 0.42421875 0.575
4 0.10078125000000002 0.08281250000000001 0.009375000000000012 0.0828125 0.009375000000000022 0.26875 0.10078125000000004 0.26875
1 0.12656250000000008 0.5453125 0.0031250000000000665 0.5453125 0.003125000000000077 0.71640625 0.12656250000000008 0.71640625
1 0.2523437500000001 0.725 0.06250000000000008 0.725 0.06250000000000011 0.99765625 0.2523437500000001 0.99765625
4 0.3531250000000001 0.378125 0.30937500000000007 0.378125 0.30937500000000007 0.4796875 0.3531250000000001 0.4796875
4 0.47578125 0.06406250000000005 0.409375 0.06406250000000005 0.409375 0.20078125000000008 0.47578125 0.20078125000000008
4 0.54609375 0.04687500000000006 0.4875 0.046875000000000056 0.4875 0.15468750000000006 0.54609375 0.1546875000000001
4 0.05546875000000008 0.4703125 0.0015625000000000575 0.4703125 0.0015625000000000697 0.67109375 0.05546875000000009 0.67109375
4 0.353125 0.2078125 0.26875 0.2078125 0.26875 0.35 0.353125 0.35
4 0.26562500000000006 0.2546875 0.13593750000000004 0.2546875 0.13593750000000004 0.42265625 0.2656250000000001 0.42265625
4 0.7265625 0.0031250000000000847 0.6546875 0.0031250000000000804 0.6546875 0.08750000000000009 0.7265625 0.08750000000000009
4 0.06796875000000004 0.2203125 2.6980499793715128e-17 0.2203125 4.0662100752939466e-17 0.44375 0.06796875000000005 0.44375
4 0.13828125000000005 0.353125 0.06093750000000005 0.353125 0.060937500000000054 0.484375 0.13828125000000005 0.484375
4 0.3695312500000001 0.45 0.3140625000000001 0.45 0.3140625000000001 0.5 0.3695312500000001 0.5
4 0.4890625 0.3656250000000001 0.428125 0.3656250000000001 0.428125 0.559375 0.4890625 0.559375
4 0.78671875 0.1453125000000001 0.6953125 0.1453125000000001 0.6953125 0.2812500000000001 0.78671875 0.2812500000000001
4 0.11640625000000009 0.6578125 0.04218750000000008 0.6578125 0.042187500000000086 0.81796875 0.11640625000000009 0.81796875