1 0.8268340484375001 0.7756886140625002 0.7810772845254511 0.2526863982876362 0.4744361031131311 0.27951402486433735 0.5201928670251801 0.8025162406392014
1 1.033364308630118 0.9285826230247377 0.999999999970373 0.5472268402863618 0.9001501507152548 0.5559625703866244 0.933514459375 0.9373183531250001
4 0.548247534385419 0.9976888063690892 0.5159726733554657 0.6287854568748437 0.32607305918595453 0.6453995203290394 0.3583479202159078 1.0143028698232848
4 0.7143902921875 0.9784477937500002 0.6953249733942325 0.760530202630449 0.558348203125 0.7725141171875001 0.5774135219182676 0.9904317083070513
4 0.36736478906250003 0.27476533437500006 0.34612057655848893 0.03194287651665284 0.17022995000000002 0.047331312500000014 0.19147416250401111 0.2901537703583472
4 0.5157017242280137 0.5001947452433388 0.5030369046875001 0.355435203125 0.3302593851469863 0.37055127819416095 0.34292420468749996 0.5153108203124999
4 0.33348821250000005 0.4612399656250001 0.31551234062500005 0.2557748078125 0.09915130456749909 0.27470394550338334 0.1171271764424991 0.48016910331588347
4 0.973155790633584 0.2609772016606157 0.9482263303510429 -0.023967829509984682 0.6742727881549588 7.939956470082165e-11 0.6992022484374999 0.28494503125
4 0.8774199421875002 0.9594791421875002 0.8610782405754825 0.7726926353715127 0.7490063375 0.7824976562500001 0.7653480391120175 0.9692841630659876
4 0.583841543030647 0.34679724523873423 0.5781219468631311 0.2814219686143374 0.5345384281250001 0.28523503281250007 0.5402580242925159 0.3506103094368969
4 1.0030774750586993 0.531272912972812 0.9758413062500002 0.21996206875000004 0.8606562937203718 0.23003945122384567 0.8878924625290707 0.5413502954466576
4 0.21228654544678757 0.8686662671599136 0.197170471861756 0.69588874828612 0.095994446875 0.7047405031250001 0.1111105204600316 0.8775180219987936
1 0.6247720015625 0.9580559453125002 0.5998509062021297 0.6732065228903401 0.4986748812499999 0.6820582781250001 0.5235959766103703 0.96690770054716
4 0.6231639406249999 0.34806238750000007 0.593204153050631 0.005620458524958205 0.462453598449369 0.017059650135662647 0.49241338602373796 0.35950157911070446
1 0.11417071255630722 0.3925935240810944 0.08448328750000003 0.053264704687499984 -0.02968742505630717 0.06325334779390554 5.551115123125783e-18 0.40258216718749995
4 0.7771661408755689 0.2796925421655781 0.751445214610302 -0.014298989110426453 0.588007021875 0 0.6137279481402669 0.2939915312760045
4 0.3680758609375 1 0.3466377780586586 0.7549616039292141 0.20810445225149848 0.7670817000764216 0.22954253513033995 1.0121200961472074
4 0.32107246875000006 0.6599532328125001 0.30541167187500007 0.4809494968750001 0.21201841865842813 0.48912034739082866 0.22767921553342813 0.6681240833283286
4 0.4300517267490778 0.5610160802575935 0.41888489843750004 0.4333786328125001 0.3005867779384223 0.44372837599240655 0.31175360625000004 0.5713658234375
4 0.15494593908460083 0.9662225611901137 0.13846805625 0.7778795000000001 0.04040514060289916 0.7864588934973862 0.05688302343749999 0.9748019546875
1 0.1239757328125 0.5046654281249999 0.10872347906057403 0.3303313561681479 -0.015252253751925982 0.3411778264806478 -5.551115123125783e-18 0.5155118984374999
1 0.22803342968749996 0.3136192140625 0.20365705779080628 0.03499600912703978 0.004418117187499999 0.0524271578125 0.028794489084193693 0.33105036274796024
4 0.36796384218749995 0.640166084375 0.3589759062119221 0.5374335058147677 0.3122792796874999 0.54151893125 0.3212672156630778 0.6442515098102323
4 0.5287913125 0.936652265625 0.5166712171727904 0.7981189404568692 0.44506972343749995 0.8043832593750002 0.45718981876470954 0.942916584543131
4 0.6017546140625 0.9459534890624999 0.5922219546874999 0.8369946937499998 0.5299597858987393 0.8424419276819624 0.5394924452737393 0.9514007229944624
4 0.06358058286453463 0.5852358068447583 0.045877071875 0.3828837578125 -0.011715434492892269 0.38792244941100357 0.0059880764966423585 0.590274498443262
4 0.38916995165686236 0.8108423245160669 0.3765051328125 0.66608278125 0.28778154209313767 0.6738450895464332 0.30044636093750005 0.8186046328125001
4 0.2967694801151794 0.776577668575882 0.2817895859256311 0.6053567045518374 0.14636936831045166 0.6172044391009556 0.1613492625 0.7884254031250001
4 0.7855832453684626 0.967513810795903 0.7779571171756311 0.8803467748643372 0.7032425139946686 0.8868834562559345 0.7108686421875 0.9740504921875003
4 0.10560472347480827 0.8325141301139354 0.08599468115164563 0.6083703223133041 0.011280077989337361 0.614907003136869 0.03089012031250001 0.8390508109375
4 0.15926844691932654 0.6929308723816547 0.14755689375000003 0.5590672093750001 0.06661607495567345 0.5661486135558453 0.07832762812499997 0.7000122765625
4 0.3757085109375 0.5673389624999999 0.37121454363807016 0.5159726733105916 0.31362203593750004 0.5210113640625 0.3181160032369299 0.5723776532519084
4 0.5056215171918137 0.6359649406743053 0.4885989109375 0.44139566250000006 0.42166707968318634 0.44725143901319475 0.43868968593749996 0.6418207171875
4 0.8290905578178158 0.8194083125607587 0.8169704624999999 0.6808749875000001 0.7204641015571842 0.6893181999392415 0.7325841968750001 0.827851525
4 0.10002554374999999 0.392262596875 0.08586273535704145 0.2303809592890825 0.006478469732041475 0.2373261827265825 0.020641278125000002 0.39920782031249996