4 0.7884631812542258 0.972435437540206 0.6839347181872527 -0.02208645777900134 0.009524557812499999 0.04879690625 0.11405302087947308 1.0433188015692072
1 0.8644340047272688 0.4994030035033762 0.842875009375 0.2942828625 0.709236129647731 0.30832887462162384 0.7307951249999998 0.513449015625
4 0.9228351312592578 0.4571293438380808 0.9149954968750003 0.38254020156249996 0.8574996999907423 0.3885832530369192 0.8653393343749999 0.46317239531250004
4 0.704550396875 0.9812550265625 0.6713952752559418 0.6658051124730994 0.44296602644183986 0.6898139937170334 0.47612114806089795 1.0052639078064343
4 0.8359914183539565 0.9014535373774004 0.8124725140454278 0.6776861107750689 0.6213378359374999 0.6977751750000001 0.6448567402460287 0.9215426016023315
4 0.8531269921875 0.6309932734374999 0.8459406609375 0.5626198921874999 0.8039842670771284 0.5670296864498847 0.8111705983271283 0.6354030676998847
4 0.8170226234375001 0.347275471875 0.8060797999658265 0.2431614606123594 0.7485840015624999 0.24920451250000006 0.7595268250341737 0.35331852376264067
4 0.8781538166596677 0.10675542801625207 0.8699875296704279 0.029058404525069016 0.814045671875 0.03493813125000002 0.8222119588642398 0.11263515474118306
4 0.5313679234375 0.7386535281250001 0.5047458296572784 0.4853612325249614 0.37732271250000005 0.49875394218749997 0.4039448062802215 0.7520462377875387
4 0.9283694376626107 0.6293693999829091 0.922326385920428 0.5718736029625691 0.8819239328125003 0.5761200718749999 0.8879669845546829 0.63361586889534
4 0.9864814500256409 0.3451756986814599 0.9755386265624999 0.24106168750000007 0.9491216390368589 0.24383822475604006 0.9600644624999999 0.34795223593749997
4 0.9274692500516462 0.11256991455388157 0.9193029640624998 0.03487289062500001 0.8664689874483535 0.04042596513361847 0.8746352734375 0.11812298906250003
4 0.4389298062500001 0.35245028125 0.4162275296875001 0.13645255625 0.28725047045068935 0.1500085919397834 0.30995274701318926 0.3660063169397834
4 0.9951377125 0.42753454218750003 0.9889313359307481 0.3684848046232597 0.9609604078125 0.3714246671875 0.967166784381752 0.43047440475174037
4 0.8283901829413546 0.35079401372597 0.8105876796368514 0.18141450264311118 0.6878263828125 0.19431723437499998 0.7056288861170031 0.3636967454578588
4 0.2742961251109418 0.3556140182430407 0.2532271078125 0.15515569843750004 0.13668157332655823 0.16740512706945937 0.15775059062500002 0.36786344687500006
4 0.11487479227602919 0.49805841021729885 0.10197206084652599 0.3752971131969401 0.028936857812500005 0.382973421875 0.04183958924200319 0.5057347188953589
1 0.99824514375 0.9503864656249998 0.9667232796144617 0.650475955555088 0.8439619828124998 0.6633786875000001 0.8754838469480382 0.9632891975699118
4 0.7862286859994351 0.09913497558927266 0.7801856342745042 0.04163917716884481 0.7444450029625691 0.045395668767072184 0.7504880546875 0.10289146718750004
4 0.09093115156592335 0.3748864531575711 0.08194823577849233 0.28941972661214327 0.022898498275068985 0.2956261047045722 0.03188141406250001 0.38109283125000004
4 0.4525651578125 0.49713006875000004 0.4345993281174749 0.3261966186784039 0.32737743593749996 0.33746609375 0.34534326563252504 0.5083995438215961
4 0.056263868750000015 0.3141147578125 0.047117628125 0.227094090625 -0.008824229567819539 0.23297381676368362 0.00032201105718047127 0.31999448395118363
4 0.7965083718750001 0.7799148390625 0.786708828094221 0.6866784106446576 0.7261051499999999 0.6930481140625 0.7359046937807789 0.7862845424803424
4 0.7298480156249999 0.29516473125000003 0.6975095214715888 -0.012515481013729702 0.4877275591138659 0.009533492214946315 0.520066053267277 0.31721370447867603
4 0.8931934078381459 0.6833419643065055 0.8889469389257151 0.6429395111985777 0.862529951400069 0.6457160484545722 0.8667764203124999 0.6861185015625
4 0.31324272343750004 0.24782752343749997 0.2892338419952313 0.019398276418482897 0.07168217637023122 0.04226387798098284 0.0956910578125 0.2706931249999999
4 0.740566965625 0.26261599062499996 0.7340339369195897 0.20045837177177822 0.6936314837945897 0.20470484052177826 0.7001645125 0.26686245937499997
4 1.0078396379255408 0.5911657173770137 0.9999999998960639 0.5165765755736149 0.9749224072830233 0.5192123378841013 0.9827620453125 0.5938014796875001
4 0.3315075015625 0.077799403125 0.32497447187499995 0.015641784375000002 0.25970897187029285 0.02250146558021482 0.2662420015577928 0.08465908433021482
1 0.8434860828125 0.56916230625 0.8374430312165012 0.5116665090562816 0.8063642218749999 0.5149330234375 0.8124072734709987 0.5724288206312184