4 0.5191462140625 1 0.44256023279338647 0.5656593233291022 0.1432710015625 0.6184320906249999 0.21985698283161356 1.0527727672958977
4 0.5107863611115093 0.3902089962993559 0.44241239053180603 0.002440943221471048 0.28391989348279667 0.030387446922115157 0.3522938640624999 0.41815549999999996
4 0.7011985390625 0.5882783875000002 0.642320953551095 0.25436700801287887 0.49613855198859513 0.2801429095753788 0.5550161375 0.6140542890625001
4 0.9072659062632669 0.8121462203877401 0.8706369937500001 0.604413334375 0.6890630640492331 0.6364297171122599 0.7256919765625 0.8441626031249999
4 0.1773209300118011 0.49660607215170327 0.16918117187499998 0.4504432078125002 0.12455707030251725 0.458311640568385 0.13269682843931835 0.504474504907588
4 0.11101710312499997 0.19256301250000002 0.09935011556140383 0.1263962418268282 0.056264776562499993 0.13399334999999998 0.06793176412609614 0.20016012067317174
4 0.25143732656821904 0.9214400765949341 0.24465419353563095 0.8829710237842526 0.20849328259241187 0.8893471690643185 0.215276415625 0.9278162218749999
4 0.08869657035819559 0.9072973533841523 0.07987849843749999 0.8572875843749997 0.05602768589180444 0.8614931263033474 0.06484575781250003 0.9115028953125
4 0.5496224734736803 0.9973769205176894 0.5394477747904542 0.9396733409991077 0.5009787215809249 0.946456473489353 0.511153420264151 1.0041600530079349
4 0.9176579437499999 0.9340689421875 0.8979868610088524 0.8225086890499187 0.777963415625 0.8436720609375001 0.7976344983661475 0.9552323140750815
4 0.7224618859375 0.9653140656250002 0.7027908030290776 0.8537538119559969 0.61431198125 0.8693550156249998 0.6339830641584225 0.9809152692940032
4 1.047346261050519 0.9112013923570922 1 0.6426874031249998 0.7995286248869808 0.6780359154554074 0.8468748859374999 0.9465499046874998
4 0.40396442513102054 0.8326678747013865 0.3979952687028849 0.7988151091077966 0.37260569357186435 0.8032919765939102 0.37857485 0.8371447421875
4 0.6742180938956764 0.6422204945761718 0.5624320796875 0.008250503124999998 0.4100946295889387 0.03511170569103143 0.5218806437971152 0.6690816971422032
4 0.7071155874999999 0.6713250687500001 0.7004681185066891 0.6336253966423915 0.6735397810066891 0.6383735888298915 0.6801872499999999 0.6760732609375001
4 0.6413276296874999 0.8875971875000002 0.5665775156249998 0.463668225 0.3773097749839545 0.49704123428400193 0.45205988904645455 0.920970196784002
4 0.26907819547483375 0.3376324227956404 0.21739072968749995 0.044498239062500014 0.024276084212666235 0.07854956157935968 0.07596355000000002 0.37168374531250004
4 0.34282329062499994 0.5039154328125 0.30822931717149127 0.30772326397171 0.188975253125 0.32875097343750004 0.2235692265785087 0.52494314227829
4 0.7991286666400075 0.9502090388835269 0.7790505952653847 0.8363406419202967 0.7198082531249999 0.846786665625 0.7398863244996228 0.9606550625882303
4 0.18040624218749998 0.9999999999999998 0.16422969843710541 0.9082582609352622 0.06882644687499997 0.9250804281249998 0.08500299062539454 1.0168221671897375