1 0.96838825 0.3101909203125001 0.582979664097489 0.28999251183237407 0.5505150156250002 0.9094548953125002 0.9359236015275112 0.9296533037926263
4 0.5058635140625001 6.661338147750939e-17 0.3857158968258849 -0.006296669375326036 0.37739465620088486 0.15248207124967394 0.49754227343750007 0.15877874062500005
4 1.0139835120835952 0.05284951350103508 0.907065671516334 0.047246187399316075 0.893082159375 0.3140675171875001 0.9999999999422613 0.3196708432892191
4 0.23031654843750005 0.5406290390625 0.174143637548608 0.537685141260004 0.169891340625 0.6188237921874999 0.22606425151389203 0.621767689989996
4 0.25008186562500007 0.7904433375 0.18766752031776396 0.7871723405245588 0.1825157000000001 0.8854749359375 0.24493004530723622 0.8887459329129413
4 0.9478051828125003 0.07598020781250012 0.7730450139998988 0.06682141525700502 0.7557087280623987 0.397617449632005 0.9304688968750001 0.4067762421875001
4 0.30789691093750016 0.7919086515625 0.250163640677674 0.788882978682422 0.24566601880267397 0.8747027052449219 0.30339928906250013 0.8777283781250003
4 0.1612540494040303 0.18652930630065373 0.12380544159581006 0.18456670778149084 0.12094331875000004 0.23917926093750003 0.15839192655822026 0.24114185945666292
4 0.07443975468750001 0.141298809375 0.03543078749466664 0.13925443603926707 0.031669140619666636 0.21103093447676713 0.07067810781250002 0.2130753078125
4 0.5730848968750001 0.47879590781250003 0.5059894750199264 0.47527958555728034 0.49993812968749995 0.5907461265625 0.5670335515425736 0.5942624488177197
4 0.41198485625 5.2735593669694933e-17 0.30275974998683836 -0.005724245061361652 0.2901980265493384 0.2339677252511383 0.3994231328125001 0.2396919703125
4 0.27283520156250013 0.44584940156249997 0.002893156289901133 0.43170233830114196 -0.012235206210098932 0.720368688301142 0.2577068390625 0.7345157515625
4 0.2918953961987777 0.11201442660894786 0.1795495728472203 0.10612663121906477 0.17284402812499997 0.23407604062499998 0.28518985147655734 0.2399638360148831
4 0.9837377214341535 0.6442645859962834 0.8277018558134334 0.6360870921646206 0.8188701625 0.8046058265625001 0.9749060281207201 0.812783320394163
4 0.7527669859375001 0.0954869312500001 0.6497833156276471 0.09008978588699117 0.6370264265625 0.3335057343750001 0.740010096872353 0.33890287973800903
4 0.4303894594029809 0.6340405635285947 0.32428507187500005 0.6284798687500001 0.3175795280970193 0.7564292786589053 0.42368391562500013 0.7619899734375
4 0.13476776182475816 0.3635106672339993 0.02710301495403792 0.3578681968398364 0.018598421875000066 0.5201454968750001 0.1262631687457203 0.525787967269163
4 0.03810514531250008 0.7151836921874999 8.881784197001253e-17 0.7131866874999999 -0.009567660550207713 0.8957486503478455 0.02853748476229228 0.8977456550353453
4 0.2866596453462839 0.5701808087303657 0.15090844218750002 0.5630663890624998 0.14060479992261685 0.7596715796015573 0.2763560030814008 0.7667859992694231
4 0.9666887250000002 0.7904476484375001 0.776324970271969 0.7804711067520997 0.7648199484375 1 0.9551837031655314 1.0099765416854005
4 0.7069242562500001 0.014852200000000097 0.5852162813054431 0.008473755192083113 0.5755668391179432 0.19259607706708315 0.6972748140625 0.19897452187500014
4 0.5316094125006847 0.4641051156119366 0.42862574218750005 0.4587079703125001 0.41954872499931534 0.6319077812630635 0.5225323953125 0.6373049265625