4 1 6.123233995736766e-17 0 0 6.123233995736766e-17 1 1 1
4 0.4890625000000002 0.80703125 0.4468750000000002 0.80703125 0.4468750000000002 0.8609375 0.4890625000000002 0.8609375
4 0.1750000000000001 0.67421875 0.1218750000000001 0.67421875 0.1218750000000001 0.7546875 0.1750000000000001 0.7546875
4 0.3960937500000001 0.721875 0.3625000000000001 0.721875 0.3625000000000001 0.7734375 0.3960937500000001 0.7734375
4 0.10468750000000013 0.93671875 0.07500000000000011 0.93671875 0.07500000000000011 0.98125 0.10468750000000013 0.98125
4 0.6781250000000001 0.71171875 0.63125 0.71171875 0.6312500000000001 0.8125 0.6781250000000002 0.8125
4 0.2617187500000001 0.77890625 0.2156250000000001 0.77890625 0.2156250000000001 0.9109375 0.2617187500000001 0.9109375
4 0.11484375000000005 0.44921875 0.08125000000000004 0.44921875 0.08125000000000006 0.503125 0.11484375000000005 0.503125
4 0.3695312500000001 0.7375 0.3296875000000001 0.7375 0.3296875000000001 0.79375 0.3695312500000001 0.79375
4 0.8921875 0.6835937500000002 0.8546875 0.6835937500000002 0.8546875 0.7359375000000001 0.8921875 0.7359375000000001
4 0.66171875 0.6 0.6328125 0.6 0.6328125 0.6453125 0.66171875 0.6453125
4 0.3062500000000001 0.740625 0.2656250000000001 0.740625 0.2656250000000001 0.8 0.3062500000000001 0.8
4 0.49296875 0.02343750000000003 0.014062500000000006 0.0234375 0.014062500000000042 0.6390625 0.49296875 0.6390625
4 0.06562500000000011 0.89609375 0.0031250000000001095 0.89609375 0.003125000000000116 0.996875 0.06562500000000011 0.996875
4 0.12265625000000005 0.49921875 0.09843750000000007 0.49921875 0.09843750000000007 0.5375 0.12265625000000005 0.5375
4 0.52421875 0.5109375 0.4625 0.5109375 0.4625 0.6125 0.52421875 0.6125
4 0.825 0.5507812500000002 0.7859375 0.5507812500000002 0.7859375 0.6000000000000002 0.825 0.6000000000000002
4 0.6890625 0.61640625 0.6703125 0.61640625 0.6703125 0.646875 0.6890625 0.646875
4 0.2773437500000001 0.625 0.2406250000000001 0.625 0.2406250000000001 0.6765625 0.2773437500000001 0.6765625
4 0.4085937500000002 0.97421875 0.3828125000000001 0.97421875 0.3828125000000001 1 0.4085937500000002 1
4 0.66875 0.6546875 0.6328125 0.6546875 0.6328125 0.70625 0.66875 0.70625
4 0.1632812500000001 0.59453125 0.1359375000000001 0.59453125 0.1359375000000001 0.6453125 0.1632812500000001 0.6453125
4 0.48359375 0.6265625 0.4515625 0.6265625 0.4515625 0.68125 0.48359375 0.68125
4 0.4117187500000002 0.82578125 0.3781250000000001 0.82578125 0.3781250000000001 0.8765625 0.4117187500000002 0.8765625
4 0.178125 1.741294667537643e-17 0.10625 1.3011872240940627e-17 0.10625 0.057812500000000024 0.178125 0.057812500000000024
4 0.6304687500000001 0.909375 0.5859375000000002 0.909375 0.5859375000000002 0.975 0.6304687500000001 0.975
4 0.93125 0.5687500000000002 0.9046875 0.5687500000000002 0.9046875 0.6078125000000002 0.93125 0.6078125000000002
4 0.98046875 0.5867187500000002 0.9546875 0.5867187500000002 0.9546875 0.6359375000000002 0.98046875 0.6359375000000002
4 1 0.934375 0.9625 0.934375 0.9625 0.996875 1 0.996875
4 0.6046875 0.54921875 0.5640625 0.54921875 0.5640625 0.621875 0.6046875 0.621875
4 0.7578125000000001 0.6828125 0.6890625 0.6828125 0.6890625000000001 0.8 0.7578125000000002 0.8
4 0.07578125000000005 0.38359375 0.057812500000000044 0.38359375 0.057812500000000044 0.41875 0.07578125000000005 0.41875
4 0.96328125 0.7093750000000002 0.9203125 0.7093750000000002 0.9203125 0.7625000000000002 0.96328125 0.7625000000000002
4 0.8515625 0.8078125 0.81875 0.8078125 0.81875 0.859375 0.8515625 0.859375
4 0.43984375 0.64375 0.3921875000000001 0.64375 0.3921875000000001 0.725 0.43984375 0.725
4 0.6179687500000002 0.72578125 0.5937500000000002 0.72578125 0.5937500000000002 0.765625 0.6179687500000002 0.765625
4 0.2156250000000001 0.6171875 0.1781250000000001 0.6171875 0.1781250000000001 0.6734375 0.2156250000000001 0.6734375
4 0.92265625 0.5039062500000002 0.884375 0.5039062500000002 0.884375 0.5546875000000002 0.92265625 0.5546875000000002
4 0.58125 0.7234375 0.546875 0.7234375 0.5468750000000001 0.778125 0.5812500000000002 0.778125
4 0.10000000000000005 0.3140625 0.07187500000000005 0.3140625 0.07187500000000005 0.3609375 0.10000000000000005 0.3609375
4 0.34687500000000004 0.334375 0.028125000000000046 0.334375 0.028125000000000074 0.8078125 0.3468750000000001 0.8078125
4 0.23828125000000008 0.84375 0.17343750000000008 0.84375 0.1734375000000001 0.953125 0.23828125000000008 0.953125
4 0.2375000000000001 0.70859375 0.18906250000000008 0.70859375 0.18906250000000008 0.7765625 0.2375000000000001 0.7765625
4 0.80859375 0.5781250000000002 0.76875 0.5781250000000002 0.76875 0.6515625000000002 0.80859375 0.6515625000000002
4 0.8359375 0.834375 0.81875 0.834375 0.81875 0.865625 0.8359375 0.865625
4 0.99140625 0.8609375 0.959375 0.8609375 0.959375 0.9 0.99140625 0.9
4 0.11875 0.042968750000000014 0.0609375 0.042968750000000014 0.06093750000000001 0.121875 0.11875 0.121875
4 0.12187500000000011 0.80546875 0.004687500000000099 0.80546875 0.00468750000000011 0.9953125 0.12187500000000014 0.9953125
4 0.05312500000000001 0.047656250000000004 0.014062500000000006 0.04765625 0.014062500000000009 0.0953125 0.05312500000000002 0.0953125
4 0.94140625 0.7828125000000001 0.8671875 0.7828125000000001 0.8671875 0.89375 0.94140625 0.89375
4 0.853125 0.5328125000000001 0.821875 0.5328125000000001 0.821875 0.5843750000000002 0.853125 0.5843750000000002
4 0.61484375 0.66328125 0.5890625 0.66328125 0.5890625 0.696875 0.61484375 0.696875
4 0.88671875 0.8328125 0.8265625 0.8328125 0.8265625 0.90625 0.88671875 0.90625
4 0.83984375 0.91953125 0.7687500000000002 0.91953125 0.7687500000000002 0.9984375 0.83984375 0.9984375
4 0.6789062500000002 0.8234375 0.6046875000000002 0.8234375 0.6046875000000002 0.9140625 0.6789062500000002 0.9140625
4 0.5585937500000002 0.9359375 0.5500000000000002 0.9359375 0.5500000000000002 0.95 0.5585937500000002 0.95
1 0.5523437500000001 0.728125 0.5156250000000002 0.728125 0.5156250000000002 0.9921875 0.5523437500000001 0.9921875
4 0.99609375 0.88359375 0.9734375 0.88359375 0.9734375 0.9515625 0.99609375 0.9515625
4 0.12031250000000002 0.1390625 0.07187500000000002 0.1390625 0.07187500000000002 0.1828125 0.12031250000000004 0.1828125
4 0.3687500000000001 0.9125 0.2015625000000001 0.9125 0.2015625000000001 0.9984375 0.3687500000000001 0.9984375
4 0.0804687500000001 0.7234375 0.004687500000000089 0.7234375 0.004687500000000094 0.8171875 0.08046875000000012 0.8171875
4 0.1234375 0.003906250000000009 0.015625 0.003906250000000002 0.015625000000000003 0.06250000000000001 0.1234375 0.06250000000000003
4 0.5351562500000002 0.93515625 0.5250000000000001 0.93515625 0.5250000000000001 0.9515625 0.5351562500000002 0.9515625
1 0.5781250000000002 0.80390625 0.5562500000000001 0.80390625 0.5562500000000001 0.996875 0.5781250000000002 0.996875
4 0.028906250000000085 0.59140625 0.001562500000000072 0.59140625 0.0015625000000000781 0.6828125 0.028906250000000088 0.6828125
1 0.5593750000000002 0.86640625 0.47656250000000017 0.86640625 0.47656250000000017 0.9953125 0.5593750000000002 0.9953125
4 0.02421875 0.0015625000000000014 1.9135106236677395e-19 0.0015625 1.1481063742006438e-18 0.0171875 0.02421875 0.017187500000000005