1 0.41727950629573884 0.2717988227834042 0.07280817031250003 0.24771104062500005 0.0311177780162711 0.8439114312423968 0.37558911399950995 0.867999213400801
4 0.6993204359375 0.012716893750000074 0.5909912140624999 0.005141776562500061 0.5796012897656677 0.16802528129917035 0.6879305116406679 0.17560039848667036
4 0.16844558750000002 2.4980018054066023e-17 0.034397917274789136 -0.00937352624829212 0.018112120312500028 0.2235242203125 0.15215979053771092 0.23289774656079212
4 0.8079567296875002 0.5982838906250001 0.7565198328125 0.594687071875 0.7511246046951031 0.6718424170787711 0.8025615015701033 0.6754392358287712
4 0.7448631265739365 0.8397834842114522 0.6895294953125001 0.8359141796875 0.6828808312385636 0.9309945032885478 0.7382144625 0.9348638078124999
4 0.29166216094077985 0.018669590578097403 0.13968951250760323 0.00804262801627104 0.11729114531250007 0.3283542093750001 0.2692637937456767 0.3389811719368264
4 0.6845100453170259 0.8292979233727769 0.6322938015625 0.8256466078125 0.6265715906204742 0.907478034439723 0.678787834375 0.9111293499999998
4 0.9254571468750001 0.26191091718750015 0.8911658827565638 0.25951303829992417 0.887514567131564 0.3117292820499241 0.9218058312500002 0.3141271609375001
4 1.0048502536725141 0.23143736737914872 0.9856356911907891 0.23009375461780332 0.9807854375 0.29945563125000013 0.9999999999817251 0.3007992440113455
4 0.49172139687500016 0.47279374062500007 0.43171168429855655 0.46859745265569475 0.4239185780485565 0.5800440620306948 0.4839282906250001 0.5842403500000002
4 0.7750424671875 0.027409785937500104 0.6823001844013977 0.020924613684993282 0.6650790546875 0.26719823906250006 0.7578213374736021 0.2736834113150069
4 0.999218003125 0.5286434609375 0.7311226641200881 0.5098964085514498 0.7122666171875 0.7795504421875 0.9803619561924117 0.7982974945735501
4 0.8815736422069085 0.17269493253494664 0.7771411546875 0.1653923015625001 0.7686395843555915 0.2869704205900535 0.873072071875 0.2942730515625001
4 0.14119552504422034 0.5688888743676219 6.106226635438361e-17 0.559015521875 -0.011117437561608313 0.7180022930685404 0.13007808748261196 0.7278756455611621
4 0.41519150000000005 0.06646548906250008 0.32868399224047795 0.06041629455488007 0.312007834375 0.29889645156250005 0.3985153421345221 0.30494564607012004
4 0.63928013125 0.6585393843750001 0.5410824203190048 0.6516727311569787 0.5326353468750001 0.7724715031250001 0.6308330578059953 0.7793381563430216
4 0.9812873203909642 0.44907385200290884 0.8846483031249998 0.4423161937500001 0.8738033514840357 0.5974062308095912 0.9704423687500002 0.6041638890625001
4 0.9780403015625001 0.8090993562500002 0.9125751609549647 0.8045215872502431 0.9000952906249999 0.9829920312500005 0.9655604312325353 0.9875698002497574
4 0.8161263391560981 0.6270488424114881 0.6937688734375002 0.6184927750000001 0.6806350373912711 0.8063153828048968 0.802992503109869 0.8148714502163849
4 0.1580091968750001 0.7204308859374999 8.881784197001253e-17 0.7093818078125 -0.01765710538294172 0.9618902079823913 0.14035209149205827 0.9729392861073913
4 0.4981549921875 6.106226635438361e-17 0.38826707657288717 -0.0076841110860430325 0.3759901421875 0.16788424218750003 0.4858780578021129 0.17556835327354314
4 0.5678630203125001 0.4702865046875001 0.47590008437593356 0.4638558296741498 0.46418317656249997 0.631415415625 0.5561461124990665 0.6378460906383503