4 0.34316886865337565 0.2933864670334302 0.31409688904542776 0.016785063900068987 0.203767115625 0.028381190624999997 0.23283909523294785 0.30498259375836123
4 0.3805159359375 0.9999999999999998 0.3487893029641279 0.698141259406904 0.03877817918492486 0.7307247424045482 0.070504812158297 1.032583482997644
1 1.0390303280136275 0.8526189222273484 0.9886443421499426 0.37322828870516345 0.6522162328125 0.4085883078125 0.7026022186761849 0.8879789413346849
4 0.21495704952781058 0.3814896389479038 0.2040958890454278 0.278152598275069 0.15670070468750003 0.2831340328125 0.16756186516988278 0.38647107348533477
4 0.17334328124999998 0.80770556875 0.16648359988153894 0.7424400676229187 0.13151993906249998 0.7461148968750001 0.13837962043096103 0.8113803980020814
4 0.25912280625 0.6297958078124999 0.2495682515535073 0.5388902905394402 0.19207245468750003 0.5449333421875 0.20162700938399275 0.6358388594605598
4 0.07072009073497473 0.9598913026088398 0.06467703901004371 0.902395504188412 0.03981399202506898 0.905008715642072 0.04585704374999999 0.9625045140624998
4 0.11107113906250002 1.0000000000000002 0.1072773499895825 0.963904512400884 0.08086036183031156 0.9666810500703873 0.08465415090322909 1.0027765376695035
4 0.383407770103181 0.5491753436077749 0.3794062890454278 0.511103802962569 0.35376627031249996 0.5137986781249999 0.3577677513702532 0.5518702187702058
4 0.6015423531270082 0.9802983078316079 0.5897012390625 0.8676376250000001 0.5454139359354915 0.8722924077933921 0.5572550499999999 0.9849530906249999
4 0.17617377813438778 0.4908300735268186 0.17119234375 0.44343488906250006 0.1408905046781122 0.4466197405356813 0.14587193906249998 0.49401492499999994
4 0.35933811408493793 0.4472265720884824 0.35541829687500004 0.4099320015625 0.33210919060256205 0.4123818872865176 0.3360290078125 0.4496764578125
4 0.2038555921875 0.2459701671875 0.19724090031804933 0.18303557965407163 0.1607232987555493 0.18687373434157167 0.167337990625 0.24980832187500002
4 0.29855234218750004 0.571448415625 0.291366009375 0.5030750359375001 0.25873325938528774 0.5065048766603809 0.26591959219778777 0.5748782563478808
4 0.24984161718749998 0.10052279375000002 0.24200198275587176 0.025933651023718148 0.20703832187499996 0.029608479687500005 0.21487795630662818 0.10419762241378187
4 0.4050606078125 0.15726508125000005 0.4008958015232767 0.11763959962681518 0.37370184374999993 0.12049780000000006 0.37786665003922326 0.1601232816231849
4 0.5718752746288123 0.8475157154997882 0.5653422452954279 0.7853580967125691 0.5319325250000001 0.7888696 0.5384655543333845 0.8510272187872191
4 0.5489934761195545 0.4728550842573299 0.5445836812329278 0.4308986920250688 0.5181666921875 0.4336752296874999 0.5225764870741268 0.47563162191976105
4 0.1016594859375 0.282634671875 0.09708636562043586 0.239124339019075 0.0737772578125 0.241574225 0.07835037812956414 0.285084557855925
4 0.10469977973782423 0.19197648954130314 0.10037164843749999 0.15079706718749997 0.07395466088717575 0.15357360420869678 0.07828279218749998 0.1947530265625
4 0.1153952687551089 0.3086853500486081 0.11074048593750001 0.26439804687500007 0.09053925936989109 0.26652128120139196 0.09519404218749998 0.31080858437500003
4 0.6184305937500001 0.7224328921875001 0.6033229640284503 0.5786933996760388 0.5559277796875 0.5836748343750001 0.5710354094090497 0.7274143268864612
4 0.035005717312998244 0.2762858590065361 0.028881003125 0.21801309062500002 -0.006124714187998248 0.22169233943096386 0 0.2799651078125
4 0.5740663203125 0.6964591859375 0.565900034375 0.6187621625 0.5332672843214806 0.6221920026157977 0.5414335702589806 0.6998890260532977
4 0.4835106906250001 0.8214533078124999 0.46872971250000006 0.6808216953125 0.3117817249801142 0.697317593560799 0.32656270310511426 0.8379492060607989
4 0.5148046641429229 0.22978472420267287 0.491285759375 0.006017296875000011 0.4563220983570771 0.00969212579732714 0.47984100312499994 0.23345955312500002
4 0.12978390473542856 0.8641303645185099 0.115247915625 0.7258296624999999 0.025119368702071432 0.7353025542314902 0.03965535781249999 0.87360325625