4 0.43684583281249995 0.44802881249999993 0.4058913968088529 0.005359764679053036 0.095711325 0.02704966875 0.12666576100364701 0.469718716570947
4 0.5629347265625001 0.996820125 0.5352501248978896 0.6009118907272506 0.36846988473875486 0.6125743016463244 0.3961544864033655 1.0084825359190739
4 0.6992940953125 0.7069144796875 0.6754243015608022 0.36556053122572113 0.5211136124999999 0.37635098593749994 0.5449834062516976 0.717704934399279
4 0.8394796796880385 0.31493077500770317 0.8245474343749999 0.10138972031249997 0.6375041734369614 0.11446905936729679 0.65243641875 0.3280101140624999
4 0.18900210625 0.6219912812499999 0.1856232765625 0.5736717718750001 0.13886246244027664 0.5769416069584163 0.14224129212777664 0.6252611163334162
4 0.19496330625000002 0.9536333125 0.190276543691949 0.8866094772948314 0.14507442187500003 0.8897703171874998 0.14976118443305103 0.9567941523926684
4 0.164718425 0.18512103124999998 0.16199356346002552 0.1461536858703685 0.12458491033502554 0.14876955305786851 0.12730977187500003 0.18773689843750002
4 0.010778171874999999 0.24600767656250003 0.007181355587664915 0.19457078095504093 -0.0035968162873350864 0.1953244637675409 -2.7755575615628915e-18 0.246761359375
4 0.4412070641396947 0.062410241728934855 0.43706527343749996 0.003179874999999993 0.39653923429780524 0.006013731708565134 0.400681025 0.06524409843749998
4 0.8164269812499999 0.0972586125 0.8090238878230845 -0.008610564085092271 0.685887075 0 0.6932901684269155 0.10586917658509228
4 0.6199225641149815 0.10943322418802097 0.6119659671358045 -0.004351425804694253 0.520003031145823 0.0020792484447847647 0.527959628125 0.1158638984375
4 0.9836317906368963 0.24846332048262165 0.9651219181745228 -0.016240179476305138 0.7328765384751266 4.107315598744776e-11 0.7513864109374999 0.2647035
4 0.33397276639124507 0.231239287446419 0.3315748874923969 0.19694802176627105 0.30507709218749995 0.198800928125 0.30747497108634814 0.23309219380514795
4 0.6828779265624999 0.964938146875 0.6377542077954049 0.3196389013180303 0.4725326624999999 0.3311923171875 0.5176563812670949 0.9764915627444697
4 0.6663556690314953 0.32547047029281584 0.6636308078048969 0.286503124891271 0.63557431875 0.288465025 0.6382991799765984 0.3274323704015448
4 0.579787598457537 0.5210480705990445 0.5494871296874999 0.08773118593750003 0.34997431872996276 0.1016824809634556 0.38027478749999993 0.534999365625
4 0.33134239531250004 1 0.310885118730048 0.7074473184646731 0.10981361464284549 0.7215076078811788 0.1302708912252975 1.0140602894165058
4 0.3594988406414211 0.730675278359833 0.3454385515624999 0.5296037749999999 0.2207430452960788 0.5383233341401668 0.234803334375 0.7393948374999999
4 0.6981842391046322 0.1086595818525193 0.6902811564587646 -0.004359779096632788 0.627933403125 -5.551115123125783e-18 0.6358364857708676 0.11301936094915206
4 0.08424408906250001 0.17665150624999998 0.07388961287073989 0.028575591414888857 -0.010354476191760126 0.034466511727388856 0 0.1825424265625