1 0.4093657921145225 0.27482474067701523 0.06426364680392563 0.262773507810018 0.04340574375000011 0.8600656828125001 0.38850788906059697 0.8721169156794973
4 0.6821930803418924 0.006057550022851974 0.5736654819062956 0.00226768278085471 0.5679670484375 0.16544946718750006 0.6764946468730969 0.16923933442949735
4 0.15161251875000004 2.0122792321330962e-17 0.017319376534287476 -0.004689619504597857 0.008756807784287468 0.24051028674540217 0.14304995000000004 0.24519990625000004
4 0.8111991890624999 0.5874764828125001 0.7596681000175314 0.5856769776229669 0.7569688421875 0.6629736125 0.8084999312324687 0.6647731176895332
4 0.7565722359375001 0.8310308968750002 0.701137275 0.8290950656250002 0.6978109171601281 0.9243495031786079 0.7532458780976282 0.9262853344286078
4 0.2749908871413894 0.02623368910454077 0.12273994026829245 0.020916968737543513 0.11153392968750005 0.3418151171875 0.26378487656059696 0.3471318375544972
4 0.6958899787759332 0.8226580156477311 0.6435781147153362 0.8208312452807339 0.6407152656250001 0.9028125250000001 0.693027129685597 0.9046392953669973
4 0.9168887816723522 0.247207714077249 0.8825347207367555 0.24600804371025173 0.8807079500000002 0.2983199078125002 0.9150620109355969 0.2995195781794974
4 1.002426605315591 0.21423535610273983 0.975920263124093 0.2133097343422302 0.973493657808502 0.2827986266769905 1.0000000000000002 0.2837242484375001
4 0.49077695468750004 0.4730992328125 0.430657350033976 0.47099980996455637 0.42675842187500007 0.5826505046875 0.4868780265285241 0.5847499275354437
4 0.7583817578125001 0.018098832812500094 0.6654696422012086 0.014854269919936413 0.656853828125 0.26157887968750004 0.7497659437362915 0.26482344258006374
4 0.999913535963018 0.5112035555192589 0.73132725 0.501824315625 0.721893479661982 0.7719721491682411 0.9904797656250001 0.7813513890625
4 0.8699184156250004 0.15957759062500015 0.7652946875292006 0.155924049163807 0.7610413109375 0.2777248062500001 0.8656650390332997 0.28137834771119324
4 0.14381828597477178 0.5813690036201794 7.216449660063518e-17 0.576346759375 -0.005562106287271604 0.7356246745048207 0.1382561796875001 0.7406469187500001
4 0.4001130265624999 0.06968936093750004 0.3134471031286094 0.06666292020914023 0.3051039421875 0.305579790625 0.3917698656213905 0.30860623135335985
4 0.6447282296875001 0.6535820000000001 0.5463506953286245 0.6501465807882616 0.5421245843750002 0.7711665640625001 0.640502118733876 0.7746019832742386
4 0.9792168359461713 0.4323081903766887 0.88240085 0.42892730156250003 0.8769750687413287 0.5843013439983115 0.9737910546874999 0.5876822328125002
4 0.9885365044213106 0.7922276953577683 0.9229514809857136 0.789937415615771 0.9167077421875002 0.96873468125 0.9822927656230972 0.9710249609919972
4 0.8203677031655277 0.6159387972769457 0.697786171875 0.6116581562500001 0.6912152515219725 0.7998247120980545 0.8137967828124999 0.804105353125
4 0.1659104546891131 0.73223191245381 8.326672684688674e-17 0.7264381921874999 -0.008833934376612946 0.9794089953586897 0.1570765203125001 0.985202715625
4 0.4807192531249999 5.828670879282072e-17 0.37063010626895637 -0.003844397417839879 0.3644750125 0.17241444062500005 0.47456415935604357 0.17625883804283998
4 0.5667846937844343 0.467936219326438 0.4746533515625 0.46471892187500013 0.4687913265280659 0.6325853509860623 0.5609226687500002 0.6358026484375001