4 0.5238230343750001 6.661338147750939e-17 0.3725832564464535 -0.023954027802858914 0.332388059375 0.22982845625000006 0.48362783730354647 0.253782484052859
4 0.2894165531250001 0.5710573250000002 5.551115123125783e-17 0.5252182468750001 -0.0557297774670192 0.8770822188542138 0.23368677565798085 0.9229212969792139
1 1.0016658937893643 0.5288328153591895 0.60196076875 0.46552574218750015 0.5190993870788885 0.9886919108708027 0.9188045121182526 1.051998984042492
4 0.3211250796875001 0.17109341093750005 0.2578512953896387 0.1610718276379662 0.24074127500000006 0.26910024062500004 0.3040150592978615 0.2791218239245339
4 0.09811426884991682 0.5803074384316506 0.05335964062500006 0.5732190015625 0.042360342087583304 0.6426658381308494 0.08711497031250007 0.649754275
4 0.2571565156250001 0.4251519046875001 0.18616641576796805 0.41390817722233597 0.17052296875000011 0.5126770125000001 0.2415130686070321 0.5239207399651642
4 0.38662287187500005 0.45673119843750004 0.35575761110225057 0.45184262083480575 0.34915803125 0.49351072343749997 0.3800232920227494 0.49839930104019425
4 0.4341096187500001 0.8660744578124999 0.3739223595145127 0.856541731931652 0.35534576576451266 0.9738297225566519 0.41553302500000006 0.9833624484374999
4 0.2246376890844473 0.3108450326739307 0.1875993765625 0.304978740625 0.17953322497805274 0.3559064204510693 0.21657153750000005 0.3617727125
4 0.4058417016020351 0.35536469662538617 0.37651970312500005 0.35072054843750006 0.37016455308546503 0.39084538774961397 0.39948655156250007 0.3954895359375
4 0.3543099671875 0.08143077656250004 0.308012075 0.07409791093750004 0.2972572056724315 0.14200148453099787 0.34355509785993155 0.14933435015599789
4 0.3097185078125001 0.4129112093750001 0.2665071422310812 0.4060672012873396 0.25501898593750005 0.47860056406250007 0.29823035151891897 0.4854445721501606
4 0.45105210312500005 6.661338147750939e-17 0.40475421186524263 -0.007332865759359997 0.3993377415475165 0.026865381148636618 0.4456356328072739 0.03419824690799668
4 0.5656603125507957 0.10541352155428929 0.5332517890625 0.10028051562500007 0.5264077810085805 0.14349188121176298 0.5588163044968761 0.14862488714105218
4 0.44422225 0.7822493953125 0.4025541485562395 0.775649816437808 0.3920437078125 0.842010128125 0.4337118092562605 0.848609706999692
4 0.5694755546875001 0.45088872968750004 0.5370670312740696 0.4457557232855306 0.52997859375 0.4905103515625001 0.5623871171634305 0.4956433579644696
4 0.238550879732435 0.09315389659129178 0.20922888281249996 0.08850974843750001 0.201896017142565 0.13480763934620824 0.23121801406250003 0.1394517875
4 0.27798550952575146 0.013972981860692957 0.24557698593750005 0.008839976562500029 0.2384885498492486 0.05359460563930709 0.2708970734375 0.05872761093750003
4 0.24162304690001662 0.12369803734205127 0.21538757499999997 0.11954274687500002 0.20805470934998338 0.16584063922044878 0.23429018125000006 0.16999592968750005
4 0.56533951864833 0.6068493455438728 0.49589268118656704 0.5958500468649532 0.4724275109375 0.7440032984375 0.541874348399263 0.7550025971164196
4 0.18496320156250004 0.041953068750000024 0.11860289062500003 0.03144262812500002 0.10809245 0.09780293906250001 0.1744527609375 0.10831337968750003
4 0.5126097859441908 0.6301373109385596 0.46785515785742804 0.6230488747596402 0.4549004296875001 0.704841815625 0.4996550577742629 0.7119302518039194
4 0.40059382343750016 0.6282154937500002 0.22466183730358705 0.6003506043651036 0.19899680761608704 0.7623932231151035 0.3749287937500002 0.7902581125000001
4 0.6948486265881353 0.038866218588145665 0.625401790625 0.027866920312500064 0.5897151780993647 0.25318332359935447 0.6591620140625 0.264182621875
4 0.05792709843750008 0.5343929968750001 7.771561172376095e-17 0.525218246875 -0.023709595939942384 0.6749147615404015 0.03421750249755762 0.6840895115404015