1 0.6795978750000001 0.4609315765625001 0.40320384844020296 0.45127968429759946 0.39322477343750006 0.7370429984375001 0.6696187999972972 0.7466948907024007
1 0.8547441531250002 0.012083167187500101 0.5892809640625001 0.0028129875000000694 0.5785929922182749 0.30887642812607474 0.8440561812807751 0.3181466078135748
4 0.9971870125000002 0.5892809640625002 0.7036159562500002 0.5790292375000001 0.6889472624573357 0.9990856937726879 0.9825183187073359 1.009337420335188
4 0.9837131453124999 0.12446507968750012 0.8587892906264661 0.12010264214551039 0.8521365734389661 0.3106115187080104 0.9770604281249998 0.31497395625000013
4 0.07267122187500008 0.24586913125000004 0.008647746893446212 0.2436333822842703 -0.004875807820532754 0.6308973283550288 0.059147667161021114 0.6331330773207584
1 0.6454966984375 0.004776084375000081 0.4456185323585345 -0.0022038151152760895 0.43563945732236836 0.2835594999828842 0.6355176234013339 0.29053939947316043
1 0.5306956093750002 0.24779262343750003 0.39796401401487186 0.2431575341763937 0.3861854343273718 0.5804519388638936 0.5189170296875 0.585087028125
4 0.9952834874999998 0.01699090781250012 0.8016515140853867 0.010229130594606459 0.790309178125 0.33503115000000006 0.9839411515396131 0.3417929272178937
4 0.4025792031250002 0.6482528750000001 0.3604174031519823 0.6467805523523312 0.3576908796875001 0.7248579609375001 0.39985267966051796 0.7263302835851688
4 0.4993356843899492 0.7876520448844141 0.37441182968750003 0.7832896078125 0.36705021717255093 0.9940986113655862 0.4919740718750001 0.9984610484375003
4 0.056946679687500036 0.24844692343749997 0.03508500466414408 0.2476834968741844 0.03410345625000003 0.27579136406250004 0.055965131273355985 0.2765547906258156
4 0.8119874265625 0.3858186484375001 0.6995559578138434 0.3818924546490314 0.6921398140638433 0.5942630046490314 0.8045712828125 0.5981891984375001
4 1.0041718875428818 0.2549460648752566 0.8245938484375002 0.24867506093750008 0.8156508514913234 0.5047689609350148 0.995228890596705 0.5110399648727713
4 0.9892800953125 0.8157054484375003 0.9283797156383369 0.81357876055559 0.9246171140625001 0.921325584375 0.9855174937366634 0.9234522722569103
4 0.13582220937500006 0.27308965 0.11396053593512116 0.2723262235056215 0.11308804843512117 0.29731099538062156 0.13494972187500004 0.29807442187500005
4 0.6337577218750001 0.7438791421875 0.48541064685418406 0.7386987481398379 0.4764131203125001 0.9963541953125 0.6247601953333162 1.0015345893601622
4 0.26530672032201286 0.6841089762900918 0.1684907343750001 0.6807280875 0.15796635467798734 0.9821068846474083 0.25478234062500016 0.9854877734375
4 0.9921603906250003 0.016881846875000127 0.8875366640146252 0.013228306058455638 0.8822472093271252 0.16469847949595565 0.9868709359375002 0.16835202031250013
4 0.4908488984426569 0.0009391170398263315 0.3409402749742364 -0.0042958070747249775 0.3361961249690794 0.13155888369794871 0.48610474843749996 0.13679380781250003
4 0.9068997569200666 0.8018844969529632 0.84287628125 0.7996487468750001 0.8390046165155306 0.9105186671640343 0.9030280921855972 0.9127544172419974