1 0.596875 0.26093750000000004 0.3296875 0.2609375 0.3296875 0.53828125 0.596875 0.53828125
1 0.41093750000000007 0.6921875 0.15625000000000008 0.6921875 0.1562500000000001 1 0.4109375000000002 1
4 0.29687500000000006 1.8178350924843526e-17 0 0 2.5114826935639078e-17 0.41015625 0.2968750000000001 0.41015625
4 0.1414062500000001 0.6890625 0.023437500000000083 0.6890625 0.023437500000000094 0.87578125 0.1414062500000001 0.87578125
4 0.99609375 0.3703125000000001 0.940625 0.3703125000000001 0.940625 0.7562500000000002 0.99609375 0.7562500000000002
1 0.5546875000000001 0.715625 0.36406250000000007 0.715625 0.36406250000000007 1 0.5546875000000002 1
1 0.60078125 0.41875 0.4796875 0.41875 0.4796875000000001 0.75234375 0.6007812500000002 0.75234375
4 0.1992187500000001 0.665625 0.017187500000000085 0.665625 0.017187500000000102 0.9953125 0.19921875000000014 0.9953125
4 0.6390625 0.2750000000000001 0.6 0.2750000000000001 0.6 0.3515625000000001 0.6390625 0.3515625000000001
4 0.6265625 0.004687500000000069 0.509375 0.004687500000000062 0.509375 0.2117187500000001 0.6265625 0.2117187500000001
4 0.965625 0.7234375000000002 0.9453125 0.7234375000000002 0.9453125 0.7515625000000001 0.965625 0.7515625000000001
4 0.3000000000000001 0.4046875 0.19531250000000006 0.4046875 0.19531250000000006 0.61328125 0.3000000000000001 0.61328125
4 0.17500000000000007 0.4953125 0.004687500000000061 0.4953125 0.004687500000000076 0.7453125 0.1750000000000001 0.7453125
4 0.07265625 0.0796875 0.0015625000000000096 0.0796875 0.0015625000000000163 0.18515625 0.07265625000000002 0.18515625
4 0.88671875 0.7031250000000002 0.865625 0.7031250000000002 0.865625 0.7281250000000001 0.88671875 0.7281250000000001
4 0.5140625 0.003125000000000054 0.375 0.0031250000000000457 0.375 0.2562500000000001 0.5140625 0.2562500000000001
4 0.83046875 0.017187500000000095 0.74375 0.017187500000000088 0.74375 0.3156250000000001 0.83046875 0.3156250000000001
4 0.11250000000000011 0.8359375 0.0140625000000001 0.8359375 0.014062500000000111 0.99921875 0.11250000000000013 0.99921875
4 0.6601562500000002 0.86875 0.5140625000000002 0.86875 0.5140625000000002 1 0.6601562500000002 1
4 0.15781250000000002 0.08906250000000002 0.096875 0.08906250000000002 0.09687500000000002 0.1984375 0.15781250000000005 0.1984375