1 0.81875 0.15781250000000008 0.459375 0.15781250000000005 0.459375 0.7093750000000001 0.81875 0.7093750000000002
1 0.9796875 1.1002686086089502e-16 0.8171875 1.0007660561782277e-16 0.8171875 0.3390625000000001 0.9796875 0.3390625000000001
4 0.46875 0.012500000000000042 0.2421875 0.012500000000000028 0.24218750000000006 0.4 0.46875 0.4
4 0.6140625 6.553773886062008e-17 0.45625 5.587451021109799e-17 0.45625 0.2171875000000001 0.6140625 0.2171875000000001
4 0.46406250000000016 0.7578125 0.2640625000000001 0.7578125 0.2640625000000001 1 0.46406250000000016 1
4 0.5359375 0.5015625 0.3500000000000001 0.5015625 0.3500000000000001 0.6625 0.5359375 0.6625
4 0.37968750000000007 0.5875 0.1437500000000001 0.5875 0.1437500000000001 0.8140625 0.37968750000000007 0.8140625
4 1 0.6171875000000002 0.7578125 0.6171875000000002 0.7578125000000001 0.953125 1 0.953125
4 0.7703125 8.639500465859842e-17 0.640625 7.845393557037732e-17 0.640625 0.1593750000000001 0.7703125 0.1593750000000001
4 0.63125 0.6265625 0.5796875 0.6265625 0.5796875 0.696875 0.63125 0.696875
4 1 0.3421875000000001 0.875 0.3421875000000001 0.875 0.6625000000000002 1 0.6625000000000002
4 0.15156250000000004 0.221875 0.03281250000000002 0.221875 0.032812500000000036 0.403125 0.15156250000000004 0.403125
1 0.54375 0.02812500000000006 0.4125 0.028125000000000056 0.4125 0.3218750000000001 0.54375 0.3218750000000001
4 0.70625 0.61875 0.540625 0.61875 0.5406250000000001 0.971875 0.7062500000000002 0.971875
1 0.20312500000000008 0.709375 0.028125000000000087 0.709375 0.028125000000000105 1 0.20312500000000008 1
4 0.8671875 0.6468750000000001 0.671875 0.646875 0.6718750000000001 0.971875 0.8671875 0.971875
4 0.278125 0.04531250000000002 0.1140625 0.04531250000000001 0.11406250000000002 0.3125 0.278125 0.3125
4 0.3125000000000001 0.39375 0.2000000000000001 0.39375 0.2000000000000001 0.58125 0.3125000000000001 0.58125
4 0.4359375 0.4640625 0.3046875000000001 0.4640625 0.3046875000000001 0.6015625 0.4359375 0.6015625
4 0.07187500000000004 0.140625 1.7221595613009655e-17 0.140625 2.9276712542116413e-17 0.3375 0.07187500000000005 0.3375
1 0.1609375000000001 0.5984375 0.015625000000000073 0.5984375 0.015625000000000083 0.784375 0.1609375000000001 0.784375
1 0.32500000000000007 0.75625 0.0984375000000001 0.75625 0.09843750000000011 1 0.32500000000000007 1
4 0.3515625000000001 0.4 0.29375000000000007 0.4 0.29375000000000007 0.50625 0.3515625000000001 0.50625
4 0.434375 0.07187500000000005 0.35 0.07187500000000005 0.35 0.21718750000000003 0.434375 0.2171875000000001
4 0.4984375 0.04375000000000005 0.425 0.04375000000000005 0.425 0.15937500000000004 0.4984375 0.15937500000000004
4 0.08437500000000007 0.5328125 0.0031250000000000652 0.5328125 0.003125000000000078 0.7390625 0.08437500000000009 0.7390625
4 0.33437500000000003 0.2296875 0.23125 0.2296875 0.23125000000000004 0.3828125 0.3343750000000001 0.3828125
4 0.25781250000000006 0.2890625 0.10625000000000004 0.2890625 0.10625000000000004 0.4734375 0.2578125000000001 0.4734375
4 0.6671875 7.663610047789296e-17 0.584375 7.156529732517345e-17 0.584375 0.07031250000000008 0.6671875 0.07031250000000008
4 0.06406250000000005 0.2828125 3.463454228838608e-17 0.2828125 4.8794520903527353e-17 0.5140625 0.06406250000000006 0.5140625
4 0.14062500000000006 0.4046875 0.04531250000000005 0.4046875 0.045312500000000054 0.5453125 0.14062500000000008 0.5453125
4 0.37187500000000007 0.46875 0.30937500000000007 0.46875 0.30937500000000007 0.5265625 0.37187500000000007 0.5265625
4 0.4984375 0.3687500000000001 0.4109375 0.3687500000000001 0.4109375 0.56875 0.4984375 0.56875
4 0.7546875 0.10937500000000008 0.6453125 0.10937500000000008 0.6453125 0.2562500000000001 0.7546875 0.2562500000000001
4 0.16406250000000008 0.709375 0.06875000000000009 0.709375 0.0687500000000001 0.878125 0.16406250000000008 0.878125