1 0.50625 0.19687500000000005 0.19843750000000004 0.19687500000000005 0.19843750000000007 0.721875 0.50625 0.721875
1 0.10625000000000002 0.026562500000000006 3.2529680602351567e-18 0.0265625 2.6693473200164962e-17 0.409375 0.10625000000000004 0.409375
4 0.6859375 7.233070157464055e-17 0.4953125 6.065828677026735e-17 0.4953125 0.3703125000000001 0.6859375 0.3703125000000001
4 0.465625 0.004687500000000048 0.328125 0.004687500000000041 0.328125 0.22343750000000004 0.465625 0.2234375000000001
4 0.7890625000000002 0.7359375000000001 0.6125000000000002 0.7359375 0.6125000000000002 0.9796875 0.7890625000000002 0.9796875
4 0.6578125 0.4984375 0.484375 0.4984375 0.484375 0.64375 0.6578125 0.64375
4 0.8796875 0.5531250000000001 0.6625 0.553125 0.6625000000000001 0.7593750000000001 0.8796875 0.7593750000000001
4 0.2828125000000001 0.696875 0.007812500000000087 0.696875 0.007812500000000104 1 0.2828125000000001 1
4 0.2765625 0.009375000000000026 0.1640625 0.009375000000000019 0.16406250000000003 0.19687500000000002 0.2765625 0.19687500000000005
4 0.446875 0.6453125 0.403125 0.6453125 0.403125 0.7109375 0.446875 0.7109375
4 0.11718750000000007 0.425 0.0015625000000000521 0.425 0.0015625000000000712 0.7375 0.11718750000000008 0.7375
4 0.9203125 0.1578125000000001 0.81875 0.15781250000000008 0.81875 0.3312500000000001 0.9203125 0.3312500000000001
1 0.5171875 0.032812500000000064 0.415625 0.03281250000000006 0.415625 0.3187500000000001 0.5171875 0.3187500000000001
4 0.4953125000000001 0.640625 0.36406250000000007 0.640625 0.36406250000000007 0.984375 0.49531250000000016 0.984375
1 1 0.6406250000000002 0.875 0.6406250000000002 0.875 0.98125 1 0.98125
4 0.3687500000000001 0.6953125 0.20468750000000008 0.6953125 0.20468750000000008 1 0.3687500000000001 1
4 0.8140625 0.0031250000000000917 0.675 0.0031250000000000834 0.675 0.2593750000000001 0.8140625 0.2593750000000001
4 0.7859375 0.35625000000000007 0.6921875 0.35625000000000007 0.6921875 0.5359375000000001 0.7859375 0.5359375000000002
4 0.69375 0.4453125 0.575 0.4453125 0.575 0.5734375 0.69375 0.5734375
4 0.9828125 0.06562500000000011 0.884375 0.06562500000000011 0.884375 0.25468750000000007 0.9828125 0.25468750000000007
1 1 0.5281250000000002 0.875 0.5281250000000002 0.875 0.7031250000000002 1 0.7031250000000002
1 0.9546875 0.7093750000000002 0.7546875 0.7093750000000002 0.7546875000000001 0.9890625 0.9546875 0.9890625
4 0.690625 0.37187500000000007 0.64375 0.37187500000000007 0.64375 0.475 0.690625 0.475
4 0.58125 0.06250000000000007 0.509375 0.06250000000000007 0.509375 0.2015625000000001 0.58125 0.2015625000000001
4 0.5 0.04687500000000006 0.4375 0.046875000000000056 0.4375 0.15625000000000006 0.5 0.15625000000000006
4 1 0.45312500000000017 0.9421875 0.45312500000000017 0.9421875 0.6562500000000002 1 0.6562500000000002
4 0.7265625 0.2000000000000001 0.6375 0.2000000000000001 0.6375 0.3453125000000001 0.7265625 0.3453125000000001
4 0.8625 0.24218750000000008 0.7265625 0.24218750000000008 0.7265625 0.41406250000000017 0.8625 0.41406250000000017
4 0.33125 0.009375000000000036 0.25625 0.009375000000000031 0.25625 0.09687500000000003 0.33125 0.09687500000000004
4 0.996875 0.20312500000000008 0.921875 0.20312500000000008 0.921875 0.4281250000000002 0.996875 0.4281250000000002
4 0.9375 0.3375000000000001 0.85625 0.3375000000000001 0.85625 0.47187500000000016 0.9375 0.47187500000000016
4 0.6875 0.44375 0.6296875 0.44375 0.6296875 0.4953125 0.6875 0.4953125
4 0.5734375 0.36406250000000007 0.50625 0.36406250000000007 0.50625 0.559375 0.5734375 0.559375
4 0.296875 0.15312500000000004 0.2 0.15312500000000004 0.2 0.2921875 0.296875 0.2921875
4 0.96875 0.6421875000000001 0.8890625 0.6421875000000001 0.8890625 0.8046875 0.96875 0.8046875