4 1 6.123233995736766e-17 0 0 6.123233995736766e-17 1 1 1
4 0.4890625 0.13906250000000003 0.446875 0.13906250000000003 0.446875 0.19296875000000005 0.4890625 0.19296875000000005
4 0.17500000000000004 0.2453125 0.12187500000000004 0.2453125 0.12187500000000004 0.32578125 0.17500000000000004 0.32578125
4 0.39609375 0.22656250000000006 0.3625 0.2265625 0.3625 0.27812500000000007 0.39609375 0.27812500000000007
4 0.1046875 0.01875000000000001 0.075 0.01875000000000001 0.075 0.06328125000000001 0.1046875 0.06328125000000002
4 0.678125 0.18750000000000008 0.63125 0.18750000000000008 0.63125 0.2882812500000001 0.678125 0.2882812500000001
4 0.26171875 0.08906250000000002 0.215625 0.08906250000000002 0.215625 0.22109375 0.26171875 0.22109375
4 0.11484375000000006 0.496875 0.08125000000000007 0.496875 0.08125000000000007 0.55078125 0.11484375000000009 0.55078125
4 0.36953125 0.20625000000000004 0.3296875 0.20625 0.3296875 0.26250000000000007 0.36953125 0.26250000000000007
4 0.8921875 0.2640625000000001 0.8546875 0.2640625000000001 0.8546875 0.3164062500000001 0.8921875 0.3164062500000001
4 0.66171875 0.3546875000000001 0.6328125 0.3546875000000001 0.6328125 0.4 0.66171875 0.4
4 0.30625 0.2 0.265625 0.2 0.265625 0.259375 0.30625 0.259375
4 0.49296875000000007 0.3609375 0.014062500000000044 0.3609375 0.014062500000000084 0.9765625 0.4929687500000002 0.9765625
4 0.06562500000000002 0.003125000000000004 0.003125 0.003125 0.0031250000000000062 0.10390625 0.06562500000000002 0.10390625
4 0.12265625000000005 0.4625 0.09843750000000007 0.4625 0.09843750000000007 0.50078125 0.12265625000000005 0.50078125
4 0.52421875 0.38750000000000007 0.4625 0.38750000000000007 0.4625 0.4890625 0.52421875 0.4890625
4 0.825 0.4000000000000002 0.7859375 0.4000000000000002 0.7859375 0.44921875000000017 0.825 0.44921875000000017
4 0.6890625 0.3531250000000001 0.6703125 0.3531250000000001 0.6703125 0.38359375000000007 0.6890625 0.38359375000000007
4 0.27734375000000006 0.3234375 0.240625 0.3234375 0.24062500000000003 0.375 0.2773437500000001 0.375
4 0.40859375 4.84596565443855e-17 0.3828125 4.6881010279859617e-17 0.3828125 0.02578125000000005 0.40859375 0.025781250000000054
4 0.66875 0.29375000000000007 0.6328125 0.29375000000000007 0.6328125 0.3453125000000001 0.66875 0.3453125000000001
4 0.16328125000000004 0.3546875 0.13593750000000004 0.3546875 0.13593750000000004 0.40546875 0.16328125000000004 0.40546875
4 0.48359375 0.3187500000000001 0.4515625 0.3187500000000001 0.4515625 0.3734375000000001 0.48359375 0.3734375000000001
4 0.41171875 0.12343750000000005 0.378125 0.12343750000000005 0.378125 0.17421875000000003 0.41171875 0.17421875000000003
4 0.17812500000000014 0.9421875 0.10625000000000014 0.9421875 0.10625000000000014 1 0.17812500000000014 1
4 0.63046875 0.02500000000000007 0.5859375 0.025000000000000067 0.5859375 0.09062500000000007 0.63046875 0.09062500000000007
4 0.93125 0.3921875000000001 0.9046875 0.3921875000000001 0.9046875 0.4312500000000002 0.93125 0.4312500000000002
4 0.98046875 0.36406250000000007 0.9546875 0.36406250000000007 0.9546875 0.41328125000000016 0.98046875 0.41328125000000016
4 1 0.00312500000000012 0.9625 0.003125000000000118 0.9625 0.06562500000000013 1 0.06562500000000013
4 0.6046875 0.3781250000000001 0.5640625 0.3781250000000001 0.5640625 0.45078125 0.6046875 0.45078125
4 0.7578125 0.2000000000000001 0.6890625 0.2000000000000001 0.6890625 0.31718750000000007 0.7578125 0.31718750000000007
4 0.07578125000000006 0.58125 0.057812500000000065 0.58125 0.057812500000000065 0.61640625 0.07578125000000006 0.61640625
4 0.96328125 0.2375000000000001 0.9203125 0.2375000000000001 0.9203125 0.2906250000000001 0.96328125 0.2906250000000001
4 0.8515625 0.14062500000000008 0.81875 0.14062500000000008 0.81875 0.1921875000000001 0.8515625 0.1921875000000001
4 0.43984375 0.2750000000000001 0.3921875 0.2750000000000001 0.3921875 0.35625000000000007 0.43984375 0.35625000000000007
4 0.61796875 0.23437500000000008 0.59375 0.23437500000000008 0.59375 0.27421875000000007 0.61796875 0.27421875000000007
4 0.21562500000000004 0.3265625 0.17812500000000003 0.3265625 0.17812500000000003 0.3828125 0.2156250000000001 0.3828125
4 0.92265625 0.44531250000000017 0.884375 0.44531250000000017 0.884375 0.49609375000000017 0.92265625 0.49609375000000017
4 0.58125 0.2218750000000001 0.546875 0.2218750000000001 0.546875 0.2765625000000001 0.58125 0.2765625000000001
4 0.10000000000000009 0.6390625 0.07187500000000009 0.6390625 0.07187500000000009 0.6859375 0.10000000000000009 0.6859375
4 0.34687500000000004 0.1921875 0.02812500000000002 0.1921875 0.02812500000000005 0.665625 0.3468750000000001 0.665625
4 0.23828125 0.04687500000000003 0.1734375 0.04687500000000002 0.1734375 0.15625000000000003 0.23828125 0.15625000000000006
4 0.2375 0.2234375 0.18906250000000005 0.2234375 0.18906250000000005 0.29140625 0.2375 0.29140625
4 0.80859375 0.34843750000000007 0.76875 0.34843750000000007 0.76875 0.42187500000000017 0.80859375 0.42187500000000017
4 0.8359375 0.13437500000000008 0.81875 0.13437500000000008 0.81875 0.16562500000000008 0.8359375 0.16562500000000008
4 0.99140625 0.10000000000000013 0.959375 0.10000000000000013 0.959375 0.13906250000000014 0.99140625 0.13906250000000014
4 0.1187500000000001 0.878125 0.06093750000000011 0.878125 0.06093750000000011 0.95703125 0.11875000000000013 0.95703125
4 0.12187500000000002 0.004687500000000008 0.0046875 0.0046875 0.004687500000000012 0.19453125 0.12187500000000004 0.19453125
4 0.05312500000000011 0.9046875 0.014062500000000111 0.9046875 0.014062500000000113 0.95234375 0.05312500000000011 0.95234375
4 0.94140625 0.10625000000000011 0.8671875 0.1062500000000001 0.8671875 0.2171875000000001 0.94140625 0.2171875000000001
4 0.853125 0.4156250000000002 0.821875 0.4156250000000002 0.821875 0.4671875000000002 0.853125 0.4671875000000002
4 0.61484375 0.3031250000000001 0.5890625 0.3031250000000001 0.5890625 0.33671875000000007 0.61484375 0.33671875000000007
4 0.88671875 0.09375000000000011 0.8265625 0.09375000000000011 0.8265625 0.1671875000000001 0.88671875 0.1671875000000001
4 0.83984375 0.0015625000000000985 0.76875 0.0015625000000000944 0.76875 0.0804687500000001 0.83984375 0.08046875000000012
4 0.67890625 0.08593750000000008 0.6046875 0.08593750000000007 0.6046875 0.1765625000000001 0.67890625 0.1765625000000001
4 0.55859375 0.050000000000000065 0.55 0.050000000000000065 0.55 0.06406250000000006 0.55859375 0.06406250000000006
1 0.55234375 0.007812500000000066 0.515625 0.007812500000000064 0.515625 0.2718750000000001 0.55234375 0.2718750000000001
4 0.99609375 0.04843750000000012 0.9734375 0.04843750000000012 0.9734375 0.11640625000000013 0.99609375 0.11640625000000013
4 0.12031250000000009 0.8171875 0.0718750000000001 0.8171875 0.0718750000000001 0.8609375 0.12031250000000009 0.8609375
4 0.36875 0.001562500000000035 0.2015625 0.001562500000000025 0.2015625 0.08750000000000004 0.36875 0.08750000000000005
4 0.08046875000000003 0.1828125 0.004687500000000022 0.1828125 0.004687500000000028 0.2765625 0.08046875000000005 0.2765625
4 0.12343750000000013 0.9375 0.015625000000000118 0.9375 0.015625000000000118 0.99609375 0.12343750000000013 0.99609375
4 0.53515625 0.048437500000000064 0.525 0.048437500000000064 0.525 0.06484375000000006 0.53515625 0.06484375000000006
1 0.578125 0.0031250000000000696 0.55625 0.003125000000000068 0.55625 0.1960937500000001 0.578125 0.1960937500000001
4 0.028906250000000043 0.3171875 0.001562500000000039 0.3171875 0.0015625000000000443 0.40859375 0.028906250000000057 0.40859375
1 0.559375 0.004687500000000063 0.4765625 0.004687500000000058 0.4765625 0.13359375000000007 0.559375 0.1335937500000001
4 0.024218750000000122 0.9828125 1.2035981822870083e-16 0.9828125 1.213165735405347e-16 0.9984375 0.024218750000000122 0.9984375