4 1.049525179279478 0.05500328420750382 0.13425424729914173 -0.04119556693628745 0.02972578428238113 0.9533263283493344 0.9449967162627173 1.0495251794931257
4 0.6908737157202001 0.9411182272192329 0.6489173225364817 0.9367084327177994 0.6422651109375 1 0.6842215041212184 1.0044097945014336
4 0.993177806151525 0.5911127439038755 0.7119145806478597 0.5615507874367125 0.6670000062500001 0.9888844140625004 0.9482632317536653 1.0184463705296631
4 0.9944844109375 0.5786812187500001 0.9447583158493206 0.5734547947407321 0.9365920283045032 0.6511518186046413 0.9863181233926825 0.6563782426139093
4 0.9393033265625002 0.7299921218750003 0.891131171835627 0.724929024995862 0.884271492170428 0.7901945251624312 0.9324436468973012 0.7952576220415695
4 0.4638163140625002 0.7994205312500001 0.387673231426967 0.7914175701912726 0.376240429864467 0.9001934030037726 0.45238351250000014 0.9081963640625001
4 1.030252744723332 0.23836825880957133 0.7971616743584901 0.21386939993257464 0.7522470999476578 0.6412030270605034 0.9853381703124999 0.6657018859375
4 0.6103954637468599 0.9295174095060503 0.5637772497014322 0.9246176374686194 0.5572442203125002 0.98677525625 0.603862434357928 0.9916750282874309
4 0.5333747533096617 0.541214387305562 0.4820947173670033 0.5358246389171413 0.4755616890573416 0.5979822578615792 0.526841725 0.60337200625
4 0.7550517907477321 0.793895159769783 0.7130953984375001 0.7894853656250002 0.7080323014000691 0.8376575202954282 0.7499886937103011 0.8420673144402109
4 0.9734153922023288 0.7791395389214155 0.9671996296875001 0.7784862359375001 0.9622998577976715 0.8251044501410849 0.9685156203125 0.8257577531250003
4 0.7244629593889416 0.7859668248673547 0.6716289828125 0.78041375 0.6646059765485585 0.8472331891951453 0.717439953125 0.8527862640625001
4 0.4373340859375001 0.9019012859375 0.3736225265975307 0.8952049309167054 0.363822982650069 0.9884413593579279 0.42753454199003843 0.9951377143787224
4 0.8761845223390914 0.852188817236278 0.8388899504811637 0.8482689998863471 0.8338268531250002 0.8964411546875002 0.8711214249829279 0.9003609720374313
4 0.519002090625 0.6779611484375 0.4164420202810777 0.6671816502989645 0.40631582496857765 0.7635259596739645 0.5088758953125 0.7743054578125
4 1.0277700122004543 0.05271672402476888 0.6408388374999999 0.012048618750000073 0.5996807549839253 0.40364161549193034 0.9866119296843795 0.4443097207666991
4 0.9747497014578144 0.4226385626532226 0.9110381420998866 0.41594220780329155 0.9012385984375 0.5091786359375001 0.9649501577954277 0.5158749907874312
4 0.9143004141008761 0.8781904527598778 0.8583585578124999 0.8723107265625 0.8513355515241241 0.9391301659901222 0.9072774078125002 0.9450098921875
4 0.37062166577199834 0.5351060954764058 0.29914040330450326 0.5275931123546412 0.28738095156250004 0.6394768265625002 0.35886221402999513 0.6469898096842647
4 0.5419193059940736 0.7887762063873265 0.5186101981986458 0.7863263202873956 0.5148537062500002 0.8220669515625001 0.538162814045428 0.8245168376624312
4 0.6483386453125 0.8973699453125 0.6219216577071234 0.8945934078014244 0.6184918171875001 0.9272261578125001 0.6449088047928767 0.9300026953235756
4 0.289023594319047 0.6836404625598093 0.20821868964861917 0.6751475248973783 0.18371983125000008 0.9082385937499999 0.2645247359204279 0.9167315314124311
4 0.632211178125 0.7966951578125 0.5607299172720834 0.7891821741952437 0.5530536078125001 0.8622173765625 0.6245348686654167 0.8697303601797562
4 0.33832495156250014 0.5882714156250002 0.29326067818703583 0.5835349697222697 0.2868909750000001 0.6441386484375001 0.3319552483754644 0.6488750943402305
4 0.8379240734375 0.9471472031250002 0.7975216217106688 0.9429007340828113 0.7916418953125002 0.998842590625 0.8320443470393313 1.003089059667189
4 1.021591787547264 0.29087558197265134 0.9081541343185444 0.2789528046815664 0.8839819281249998 0.5089359937500002 0.9974195813537193 0.5208587710410851
4 1.010289521209744 0.3478186145039427 0.9611608203124999 0.34265497968750014 0.9508712991027561 0.44055322924605755 1.0000000000000002 0.4457168640625001
4 0.575606634375 0.7373281531249999 0.5010174922332621 0.7294885183146025 0.489421365625 0.8398182921874998 0.5640105077667379 0.8476579269978973
4 0.8483022953124999 0.8932492640625002 0.7643895103467028 0.8844296747945686 0.7529567093749999 0.9932055078124999 0.836869494340797 1.0020250970804316
4 0.4117008812500001 0.6823944046875001 0.334003857853404 0.6742281183608259 0.3202844968750001 0.8047591171875 0.39798152027159617 0.8129254035141742
4 0.5416297406408646 0.5075176748490603 0.38312781406250007 0.4908584515625002 0.3625487734216356 0.6866549501509399 0.5210507000000001 0.7033141734375
4 0.4595557701710245 0.7502684235868557 0.4036139123755967 0.7443886968619247 0.39397769375 0.8360711843749999 0.44991955154542784 0.8419509110999309
4 0.6488840281250001 0.20456921718750007 0.6022658140568092 0.19966944536664374 0.5949161562443093 0.2695967672416438 0.6415343703125 0.27449653906250016
4 1.001670742246744 0.5103078393089182 0.892894909375 0.4988750390625002 0.8772156405407869 0.648053323428649 0.9859914734125308 0.659486123675067
4 1.0031406735984174 0.496322374624365 0.9503066984374999 0.4907693000000002 0.9436103435890828 0.5544808597506352 0.9964443187500003 0.560033934375
4 0.5306963016407984 0.6713347258175393 0.4747544453125 0.665455 0.4665881592967015 0.7431520241824607 0.5225300156249999 0.74903175
4 1.0029069656983869 0.050103511914654765 0.9640584546875 0.04602036875000011 0.959158682739113 0.09263858339784545 0.99800719375 0.0967217265625001
4 0.5979076328125001 0.5699925609375001 0.5435197171882217 0.5642761609306349 0.5356800828125001 0.638865303125 0.5900679984367786 0.6445817031318652
4 1.0006344813038726 0.16141323827380705 0.9478005062212949 0.1558601640594831 0.938164288979922 0.24754265234817616 0.9909982640624998 0.2530957265625001
4 0.1798000140625001 0.9455331640625 0.14250544203492943 0.941613346858964 0.1400555562500001 0.9649224546875 0.17735012827757077 0.968842271891036
4 0.9939944328125001 0.5833430406250001 0.9831168484688263 0.5821997606394507 0.9787070546875001 0.6241561531250002 0.9895846390311739 0.6252994331105496
4 1.0080029616172812 0.3114428327787778 0.9757948953124999 0.30805762812500015 0.9677919336952188 0.3842007109712225 1.0000000000000002 0.38758591562500017
4 0.9375668422211232 0.08879808249259556 0.9127037937499999 0.0861848703125001 0.9079673468413766 0.13124914406990468 0.9328303953124999 0.13386235625000015
4 0.3987981485144424 0.8051557008304429 0.25583562656250003 0.7901297343749999 0.23639986546256905 0.9750486499829277 0.3793623874145114 0.9900746164383707
4 0.2025628381957587 0.5944266297606271 0.031629386650330896 0.5764607999106961 0.004353990625000093 0.8359688562499998 0.17528744217042788 0.853934686099931
4 0.13495022976023208 0.7444309258705016 8.881784197001253e-17 0.7302470859375 -0.01535261726023186 0.8763174897544985 0.11959761250000014 0.8905013296875
4 0.21454661409241732 0.8690587387778569 0.12907988906250015 0.8600758234375 0.11830039059508293 0.9626358940346433 0.2037671156250001 0.9716188093750002
4 0.6479373687888674 0.9460320761927024 0.6215203812500001 0.9432555390625001 0.6179272154625692 0.9774422296704278 0.6443442030014365 0.9802187668006301