1 1.0163643873457326 0.9822729309838852 0.9817494125152801 -0.008970261209535379 0.7248747390625001 -5.551115123125783e-18 0.7594897138929524 0.9912431921934207
1 0.5372144546875 0.7597969953125 0.5238817562478504 0.37799846868844145 0.2912110796875 0.38612350781250004 0.3045437781271496 0.7679220344365586
1 0.22353132968750003 1 0.20187565156249998 0.37986245468749996 -0.004248707397851681 0.3870604751994139 0.017406970727148384 1.007198020511914
1 0.43778591562500013 0.3301927984375 0.42633451718750004 0.0022676828124999966 0.20147157974330213 0.010120070347966513 0.2129229781808022 0.3380451859729665
1 0.6642352765625 0.9945695500000001 0.6539017534199949 0.6986561718646985 0.3244150887984465 0.7101621000368843 0.3347486119409516 1.0060754781721857
4 0.3298460953125001 1.0000000000000002 0.32155721562500006 0.7626375546875 0.22161813267896607 0.7661275045552146 0.2299070123664661 1.0034899498677148
1 0.3624920484375 0.47978664531250004 0.3462692350591407 0.015226065601109276 0.16591042099664066 0.021524334351109297 0.182133234375 0.48608491406250004
4 0.2509132328283793 0.4633581817047208 0.2356719671875 0.026905468750000005 0.11621353123412075 0.03107704954527919 0.131454796875 0.4675297625
1 0.153172715625 0.5074211187500002 0.13648639705783872 0.02958737957198775 -0.01654532325998071 0.034931363947173465 0.00014099530718058307 0.5127651031251859
1 0.45131942031856054 0.986370211111053 0.4433852375 0.759164953125 0.3465692515564394 0.762545842013947 0.354503434375 0.9897511000000001
1 0.6795235749999999 0.98465495625 0.6633007624966594 0.5200943764668368 0.5024613015625 0.5257110140625 0.5186841140658406 0.9902715938456632
4 0.2100032109375 0.9260052531249998 0.20386853274545627 0.750331082455119 0.03522133125 0.7562203734375 0.04135600944204371 0.9318945441073808