4 0.7465067890625002 0.023154767187500126 0.15678638279482113 -0.03882734461755756 0.05225792031250008 0.9556945515624997 0.6419783265801792 1.0176766633675576
1 0.8457097484580336 0.5292655779296378 0.7283872437500002 0.5169344859375001 0.7078898656044668 0.7119540142578624 0.8252123703125 0.7242851062500002
4 0.9112272750000002 0.5785716281250001 0.8591702686615992 0.5731002164660781 0.8517389483490991 0.6438045086535782 0.9037959546875001 0.6492759203125001
4 0.7214804156250001 0.0220954968750001 0.5194681562615207 0.0008631530153899059 0.48696633750000007 0.3100973046875001 0.6889785968634796 0.3313296485471102
4 0.8504715515625 0.1252060921875001 0.67643021875 0.1069136109375001 0.6543812459296177 0.31669557350236177 0.8284225787421174 0.33498805475236176
4 0.856239565629483 0.39918489839484755 0.820498934375 0.3954284062500001 0.813639253120517 0.4606939062926525 0.849379884375 0.4644503984375
4 0.7938815343750001 0.6785722218750001 0.74493240933613 0.6734274613073238 0.73447956246113 0.7728796519323238 0.7834286875 0.7780244125000002
4 0.8357121375136268 0.9233481186203513 0.7859860437500001 0.9181216953125002 0.7783097342125691 0.991156898420428 0.8280358279761959 0.996383321728279
4 0.5313679234882354 0.2613464713922847 0.42492300156250007 0.25015865937500004 0.39911753733756905 0.4956812531079279 0.5055624592633043 0.5068690651252125
4 0.9323009859892337 0.40796482985716287 0.8965603546875002 0.40420833750000007 0.8907622905561942 0.45937322343026843 0.9265029218579277 0.4631297157874312
4 0.9804360515624999 0.6973943390625001 0.9454723906815042 0.6937195103998974 0.93477455625 0.7955026109375001 0.9697382171309957 0.7991774396001028
4 0.8847009203890869 0.9206415133338265 0.8388596765624999 0.9158234046875 0.8310200421109133 0.9904125476036736 0.8768612859375002 0.9952306562499998
4 0.407032021875 0.6371271468749999 0.295925278125 0.6254493578125 0.2741212944954677 0.8329004094533519 0.3852280382454677 0.8445781985158517
4 0.989092315625 0.6150354953125002 0.9587904765781889 0.6118506436007278 0.9528290874999998 0.6685694703125 0.9831309265468109 0.6717543220242723
4 0.8006689359785231 0.673786733984691 0.6911161328125 0.6622722703125 0.6742119202714767 0.8231051082028091 0.7837647234374999 0.834619571875
4 0.24534055156250006 0.6209182421875 0.14511139062500006 0.6103837328124999 0.12485900074114287 0.8030723500778972 0.22508816167864287 0.8136068594528971
4 0.10603643438884416 0.4664482936182829 0.04232487500000005 0.4597519390625 0.02991212029865601 0.5778514141942172 0.0936236796875001 0.58454776875
1 1.0152568266018798 0.0521870868169084 0.9212434282301742 0.04230588024933328 0.8865367109866339 0.37251822952843894 0.9805501093583395 0.38239943609601407
4 0.7445219735933153 0.9239758391425186 0.7134431640625002 0.9207093250000001 0.7076451014000693 0.975874212482928 0.7387239109308844 0.9791407266254465
4 0.0744864171875001 0.5872496812500001 0.022429410853812816 0.5817782695462312 0.013936473353812807 0.6625831742337313 0.06599347968750009 0.6680545859375001
4 0.4391513342857042 0.49596120796733995 0.34513793586527636 0.48608000155490894 0.32790707187500007 0.6500207203124999 0.4219204702954279 0.6599019267249309
4 0.03376669845530472 0.6458141342056002 6.661338147750939e-17 0.6422651109374999 -0.008656264151797011 0.7246239570996048 0.025110434303507644 0.728172980367705
4 0.8125424460832962 0.24690811726851405 0.7589314992253684 0.24127337960608303 0.7496219328125 0.32984798593750003 0.8032328796704278 0.3354827235999311
4 0.6842961115198963 0.7196864047487125 0.4993771956141108 0.7002506436174754 0.46859029687500015 0.9931684203125002 0.6535092127807857 1.0126041814437372
4 0.9037490328162656 0.35076071715167195 0.8812168953124999 0.34839249375000014 0.8771337515587343 0.3872410062858283 0.8996658890625 0.3896092296875001
4 0.2716106359376076 0.7297290406239771 0.07503716718750009 0.7090683359375001 0.04947669062489256 0.9522600187510231 0.24605015937500005 0.9729207234375
4 0.7133356953125001 0.757302934375 0.6775950641915022 0.7535464425226267 0.6713070234374999 0.8133731515625 0.7070476545584978 0.8171296434148733
4 1.0076763063811964 0.45280810107566544 0.9882895358712951 0.45077047014131655 0.9806132294900987 0.5238056737531512 1 0.5258433046875002
4 0.28938543596395844 0.9044189825607665 0.22955872812500014 0.8981309421875 0.22180075622354184 0.9719431143142335 0.28162746406250017 0.9782311546875
1 0.8434091110314151 0.46146618348145896 0.8177690937500002 0.45877130937500005 0.8119710310875691 0.513936196857928 0.837611048368984 0.5166310709643869