1 0.32478721250000014 6.661338147750939e-17 0.08781784684841433 -0.04178409275635066 -0.07922796577573446 0.9055797876352317 0.15774139987585137 0.9473638803915824
4 0.9972764609375002 0.47820757500000016 0.5587292595096587 0.40087987111131274 0.45318372642049204 0.9994583343499602 0.8917309278483335 1.0767860382386476
4 0.9775804766495974 0.08601664169354754 0.780618925 0.051287006250000065 0.7298810983504026 0.3390355223689526 0.92684265 0.3737651578125001
4 0.855807534490415 0.8261147453328508 0.7473248045828269 0.8069863137685322 0.7204636029049121 0.9593237637481815 0.8289463328125001 0.9784521953125
4 0.4918564847595276 0.5191899313178026 0.4626200046875001 0.5140347515625 0.4555655480529725 0.5540425671196975 0.484802028125 0.559197746875
4 0.5767460951672869 0.10974166899990603 0.5536646624019022 0.10567178904520276 0.54837381875 0.13567765000000004 0.5714552515153848 0.13974752995470333
4 0.9271947424902309 0.952144426408128 0.7386963828125002 0.9189070812500001 0.7243975139300051 0.9999999999766377 0.9128958736077358 1.0332373451347656
4 0.684052939086403 0.4594697108019393 0.53863991875 0.4338294718750001 0.511236065601097 0.5892444454480608 0.6566490859375 0.614884684375
4 0.66321954375 0.0242399109375001 0.643215635731808 0.020712682416537308 0.6369751544818081 0.05610421210403731 0.6569790625 0.0596314406250001
4 0.7033428453125 0.21060099375000013 0.56023796875 0.1853677421875001 0.5170972482535386 0.4300309187175627 0.6602021248160387 0.4552641702800628
4 0.5757279265625 0.2729823578125001 0.5534158764130357 0.26904814147265393 0.5473110576630357 0.3036702899101539 0.5696231078125 0.30760450625
4 0.40852393750000005 0.7353470484375 0.2246418638976379 0.7029236774974797 0.18217945764763796 0.9437399493724795 0.36606153125000007 0.9761633203124997
4 0.6410736937500001 0.5637468984375001 0.5256665342118984 0.5433975030962409 0.4753356968278849 0.8288378752672034 0.5907428563659867 0.8491872706084627
4 0.7469548984375 0.75059664375 0.6230845484990256 0.7287549590260708 0.5752567295708074 0.9999999999794238 0.6991270795092818 1.021841684703353
4 0.5454638890625 0.3636355390625 0.4446749703279928 0.34586373272463533 0.41510051407799287 0.5135888030371354 0.5158894328125 0.531360609375
4 0.6284359219277272 0.15852108095096934 0.59304439375 0.15228060000000007 0.5850402983847728 0.1976740831115308 0.6204318265625 0.2039145640625001
4 0.5597925046875001 0.5613143625000002 0.4605423485659551 0.5438138820839957 0.41333175000000005 0.8115584906250002 0.5125819061215451 0.8290589710410046