1 1.0056486780516947 0.43668052530046336 0.8341923562500002 0.4246911312500002 0.8082516674072018 0.7956602624061025 0.9797079892088962 0.8076496564565657
1 1.0212539292843237 0.13077392134786436 0.9256964999999999 0.12409189375000011 0.904442570548144 0.4280371904229566 0.9999999998324679 0.4347192180208209
4 0.5120335734375001 0.5071067312500002 0.1691209296875001 0.4831279437500001 0.1448151588436884 0.8307166672596079 0.4877278025936883 0.8546954547596078
4 0.5139299312500001 0.4351888265625 0.45781695313922216 0.43126502479661505 0.45116828906250006 0.5263453484375 0.507281267173278 0.530269150203385
4 0.8546398687500002 0.17707680156250014 0.8032029719510531 0.17347998328738956 0.7988431921875 0.2358277375000001 0.850280088986447 0.23942455577511068
4 0.411545525 0.08500632343750006 0.36478470937499996 0.08173648906250004 0.35998895228086997 0.15031901880023335 0.40674976790587003 0.15358885317523335
4 0.17780699226302424 0.1125185661074544 0.03908324218750001 0.10281805625 0.02120814520377098 0.358443845304897 0.1599318952792952 0.3681443551623514
4 0.01902970787069864 0.8375840460427222 9.992007221626409e-17 0.8362533593749998 -0.006321679784118628 0.9266576013817123 0.012708028086579915 0.9279882880494347
4 0.32037818749999997 3.608224830031759e-17 0.2736173719118161 -0.003269834901495913 0.27206949375 0.018865853125000033 0.3188303093381838 0.02213568802649598
4 0.12408266406250008 0.5896206437500001 7.216449660063518e-17 0.5809439390625001 -0.024523759066847072 0.9316500501308089 0.09955890499565294 0.940326754818309
4 0.8103004750233372 0.6767635547983926 0.6887223562500001 0.6682619843750002 0.6756430171565599 0.8553052437478363 0.7972211359298971 0.8638068141712288
4 0.6319325953125 0.36042565625 0.42306762194795483 0.34582039426919825 0.405628503125 0.5952114078124999 0.6144934764895452 0.6098166697933017
4 0.6554212703125001 0.13651871718750008 0.5120214390103168 0.12649122418375475 0.4954542765103168 0.3634126866837548 0.6388541078125001 0.3734401796875001
4 0.380328921875 0.35222970625000005 0.28680729224727913 0.3456900366451186 0.27558085937500004 0.5062355015625 0.3691024890027209 0.5127751711673814
4 0.3088569501282089 0.05276459035402925 0.1794853610538321 0.043718048336374125 0.1694578687381233 0.18711788141984492 0.2988294578125001 0.19616442343750004
4 0.2857615268573766 0.5398400281456198 0.12833344884870868 0.528831584294494 0.1161260656250001 0.70340529375 0.27355414363366803 0.7144137376011259
4 0.21789777968750007 0.34557036093750004 0.0760566421884116 0.33565186248696416 0.06177836406250007 0.5398407546875001 0.20361950156158856 0.549759253138036
4 0.13453472817618678 0.28335369145549655 0.014515303125000037 0.27496111562500003 -0.0024878375511866503 0.5181173538570034 0.11753158750000008 0.5265099296875
4 0.7337370797651529 0.024521431702011636 0.6106002671875 0.015910867187500077 0.6029706530162711 0.125019435929897 0.7261074655939239 0.13363000044440856
4 0.93036407917396 0.8637191828858505 0.7776120825651025 0.8530377218577005 0.7673354781249999 1 0.9200874747338574 1.01068146102815
1 0.8194980109375001 0.0524468375000001 0.7789719702300788 0.049612980866180226 0.7648026874175786 0.2522431793036802 0.805328728125 0.25507703593750003
4 0.24209673595350378 0.6714898185211376 0.13142947343750008 0.663751209375 0.11998505154649644 0.8274140611663624 0.23065231406250014 0.8351526703125
4 0.5609728250000001 0.03123636406250007 0.41289691093750003 0.020881887500000047 0.3985096382308076 0.2266294734886031 0.5465855522933076 0.23698395005110312
4 0.7627752453555978 0.2364382509461748 0.6427558203124999 0.22804567500000003 0.6163791530238739 0.6052495826961679 0.7363985780669717 0.6136421586423427
4 0.4642689922314448 0.20460045249656136 0.328662628125 0.19511793125000004 0.31427535458637407 0.40086551707116796 0.4498817186928189 0.41034803831772926
4 0.16531295625000003 2.2204460492503132e-17 0.0655565515055806 -0.006975647623514261 0.057460584318080585 0.10880207268898572 0.15721698906249998 0.1157777203125
4 0.16507745312500005 0.6081504328124999 0.06376235312500007 0.6010657906249999 0.05209994220322171 0.7678460312510992 0.15341504220322166 0.7749306734385992
4 1.011226432512911 0.29923479894519844 0.7393513855659686 0.28022344372402014 0.7281249530530578 0.4407689088413219 1.0000000000000002 0.45978026406250017
4 0.22503873494011845 0.803433821914517 0.10969539119772151 0.795368229618288 0.09879594218750011 0.9512376125000002 0.21413928592989703 0.9593032047962291
4 0.7718324703125001 0.03971584531250011 0.6673999828177887 0.032413213986869624 0.6550836046927887 0.20854561711186959 0.7595160921875002 0.21584824843750008
4 0.30844306203419436 0.14828089382668833 0.10737155735429753 0.13422060465545932 0.09200333437500004 0.353996434375 0.29307483905489684 0.368056723546229
4 0.5024954657133576 0.3075176971739284 0.402739059491332 0.3005420498988741 0.39118564375 0.465763596875 0.4909420499720255 0.4727392441500543
4 0.17097383750000006 0.4566301484375 0.02601531096391247 0.446493660559785 0.012717982812500056 0.6366543078125 0.15767650934858765 0.646790795690215
4 0.5048178469473619 0.5206989974026764 0.39103319687499993 0.5127424000000002 0.380133748365138 0.6686117838473237 0.4939183984375 0.67656838125
1 0.8722222046875002 0.3960241281250001 0.7958462078462086 0.3906833979554441 0.7866906703125 0.5216136796875002 0.8630666671537914 0.5269544098570563
1 0.9816021703125 0.06378226406250012 0.850671886507936 0.05462672805562824 0.839772439054897 0.21049611104622912 0.9707027228594608 0.21965164705310097
4 0.87904613125 0.5672296890625002 0.7979940514883586 0.5615619760602713 0.7928713108633586 0.6348205869977712 0.873923390625 0.6404883000000001
4 0.7814468000000001 0.21581547656250008 0.6972773328435024 0.20992977455664769 0.6905196750000001 0.3065687921875001 0.7746891421564979 0.3124544941933525
4 0.8051655984817498 0.3694066571796979 0.7303482953125 0.36417492187500006 0.7132361608932503 0.6088898537578025 0.7880534640625 0.6141215890625003
1 0.6883939203590985 0.22497173995861575 0.6276048609375 0.2207209546875001 0.5978493640159017 0.6462443709788845 0.6586384234375002 0.6504951562500002
1 0.9531980609698083 0.42518124328797074 0.8721459812500001 0.41951352968750005 0.8657153062176917 0.5114764660870296 0.9467673859374999 0.5171441796875001
1 0.9353321937500001 0.16548988906250012 0.8262236250345394 0.15786027450606507 0.812926296875 0.34802092187500006 0.9220348655904607 0.3556505364314351
4 0.4726409312500001 0.44326582656250013 0.37132583125000007 0.4361811843750001 0.3596634204369507 0.6029614234462025 0.46097852043695076 0.6100460656337026
1 0.8915249109820802 0.05278450248747445 0.80735544375 0.04689880000000009 0.8011427577679198 0.13574434907502572 0.8853122250000001 0.1416300515625001
1 0.7814696156250001 0.5290801656250002 0.6645675780411551 0.5209055793240402 0.650180306166155 0.7266531652615402 0.7670823437500001 0.7348277515625001
4 0.20760347343749994 2.4980018054066023e-17 0.1359035577721218 -0.0050137462975647475 0.1279287905846218 0.10903074276493523 0.19962870624999998 0.1140444890625
4 0.40823296407211573 0.4011704107999898 0.31315264062500003 0.3945217468750001 0.30050927967788443 0.5753302313875104 0.3955896031250001 0.5819788953125001
4 0.3194636390625 0.3714683234375001 0.22126592814390458 0.36460167004215216 0.21330932968750002 0.47838632031250006 0.31150704060609546 0.485252973707848
4 0.133986646875 1.8041124150158794e-17 0.091901912271922 -0.0029428508641678383 0.0898440809628974 0.026485512479923846 0.13192881556597538 0.029428363344091702
1 1.0089375436183237 0.13774425016049205 0.9890579685442125 0.13635413559532833 0.9801204249258889 0.2641670323098364 1 0.2655571468750001
4 0.7590259797288118 0.33485395097171516 0.7372042671875 0.33332802812500006 0.7349153827711883 0.366060599028285 0.7567370953125001 0.3675865218750001