1 0.6013585515625 0.53833546875 0.5814125593640681 0.25309449671866907 0.3055237515625 0.272386521875 0.3254697437609318 0.5576274939063309
1 0.46291289375 1.0000000000000004 0.4418154 0.6982917812500001 0.17683744993786768 0.7168208444239665 0.19793494368786768 1.018529063173967
4 0.28923866875 0.44268735625 0.2599191516478692 0.023398717072269766 -0.029319517102130772 0.04362425457226979 5.551115123125783e-18 0.4629128937500001
4 0.18288628125 0.9153199328125001 0.16958895312093658 0.72515928587939 0.044893446875 0.7338788453125 0.058190775004063444 0.9240394922456101
4 1.0154581828439881 0.703601919518362 0.9884275483823919 0.3170458492119174 0.9245211014759039 0.3215146234435554 0.9515517359375002 0.7080706937500001
1 0.6065781531281121 0.9937682781695042 0.5866321609375003 0.7085273078125001 0.3871193504729749 0.7224786029384134 0.4070653426635868 1.0077195732954176
1 0.6283243687499999 0.7447697921875 0.604781559362398 0.40809192481978185 0.472292584375 0.4173564562500001 0.495835393762602 0.7540343236177182
4 0.24989399062500003 0.9999999999999998 0.22852510625 0.69441070625 0.035247071814576744 0.7079260225734071 0.05661595618957679 1.013515316323407
4 0.6234752048111825 0.33943317175709065 0.618025479679897 0.26149848114127106 0.5759407451812144 0.2644413328216804 0.5813904703125 0.3423760234375
4 0.5952883578193219 0.20513474384755748 0.580574101506951 -0.005288923413969882 0.4558785952501291 0.003430635863472614 0.47059285156249997 0.21385430312499998
4 0.9887423984374999 0.7023374375 0.986780496875 0.6742809484374999 0.9649587828141897 0.6758068718991618 0.9669206843766895 0.7038633609616619
4 0.31388283125 0.6383198171875001 0.29905958095726926 0.42633745616120916 0.18683362470726925 0.4341850592862092 0.201656875 0.6461674203125001
4 0.203454920426528 0.7838774516306762 0.18557982499769593 0.5282516624670504 0.006330034375000004 0.5407860281250001 0.024205129803832055 0.796411817288626
4 0.0411890859375 0.23291693125 0.03366846905785923 0.1253670561192118 -0.007520616879640768 0.12824727643171183 0 0.2357971515625
4 0.907723090625 0.6860744437500002 0.9059791780153207 0.661135340619012 0.8841574640625002 0.6626612640625 0.8859013766721795 0.687600367193488
4 0.4895586187568893 0.2610838657235216 0.47157452812499995 0.0038993843750000034 0.32349861405561064 0.014253860838978371 0.34148270468749997 0.2714383421875
4 0.8108019938259569 0.2856098057737344 0.7903576694485989 -0.0067576582230443 0.693718652185142 6.572126731718698e-11 0.7141629765624999 0.29236746406249997
4 0.163746640625 1 0.154895334375 0.8734204171875 0.05046284652535382 0.8807230477687357 0.05931415277535381 1.0073026305812358
4 0.7109016463237292 0.9849069530542882 0.701419125 0.8493005906250002 0.5517845161762709 0.859764062570712 0.5612670375000001 0.9953704250000002
4 0.12768020781250003 0.237833090625 0.11994160000000002 0.12716582812500002 0.05603515302004074 0.13163460162401225 0.06377376083254074 0.24230186412401222