3 0.43007606875000004 0.008441448437500054 0.2323936825068079 -0.008853518826977842 0.18724973262067818 0.5071442047571856 0.38493211886387024 0.5244391720216635
1 1.0162774942711008 0.33577788377767087 0.8108123359375 0.31780201093750005 0.7803759151038991 0.6656918787223293 0.9858410734374999 0.6836677515625
4 0.745539372568808 0.7591048891232004 0.11046525219624406 0.7035431030437443 0.08847204521730583 0.9549266089005755 0.7235461655898698 1.0104883949800316
4 0.09932558757595458 0.6515932819443364 0.04795929843750009 0.6470993140625 0.034341213926837436 0.8027547359256311 0.08570750306529193 0.8072487038074675
4 0.13094882656250012 0.29910184218750013 0.03055107974886856 0.29031817742355454 0.0013402874999999593 0.6241990578124998 0.10173803431363153 0.6329827225764455
4 0.41633627031250003 0.58678848125 0.29881642665239244 0.5765068270975249 0.2775722140625 0.8193292859374999 0.3950920577226076 0.829610940089975
4 0.1406479281250001 2.4980018054066023e-17 0.0425850121894105 -0.008579393582529049 0.01688254332064762 0.2852011655874366 0.1149454592562372 0.2937805591699657
1 1.014843712365892 0.04470153780388568 0.6415046061432952 0.012038598428164616 0.6266608937500001 0.1817030078125001 0.9999999999725968 0.2143659471882212
4 0.22691369531250008 4.163336342344337e-17 0.04479685206956392 -0.015933159298511686 0.008089353632063877 0.4036354657014883 0.19020619687500004 0.419568625
4 0.6829092312500001 0.04075652968750009 0.5085751578494667 0.025504274577467616 0.47521084999999985 0.4068600578125 0.6495449234005333 0.4221123129225325
4 0.7922769254169714 0.9419993031614803 0.7191188763106405 0.9355988031029652 0.7134845015625002 1 0.786642550668831 1.0064005000585152
4 0.8244632328125002 0.4844697359375001 0.6345636173228141 0.4678556718908551 0.590713382824369 0.9690661311143376 0.7806129983140552 0.9856801951609826
4 0.9594900781250001 0.9848609921874998 0.8474181746996928 0.9750559702862265 0.8452358546875003 1.0000000000000002 0.9573077581128075 1.0098050219012733
4 0.6049019468750001 0.5021196234375 0.39632368125000006 0.48387138906250005 0.37160685638640567 0.766385979562733 0.5801851220114057 0.784634213937733