4 0.47656252188810005 0.23161816481299943 0.47443550936083473 0.10976172575097536 0.3963224077852347 0.11112519531297589 0.39844942031249997 0.23298163437499997
4 0.4072890593920609 0.38128744941492043 0.40589832186431973 0.30161208532563116 0.36059272187499997 0.302402896875 0.3619834594027412 0.3820782609642893
4 0.6879939203125 0.16854357187499996 0.6866849890625 0.09355499375 0.638254865650013 0.09440034518299145 0.639563796900013 0.16938892330799143
4 0.4836411062648301 0.4580916195996144 0.4831502578000649 0.42997090241259023 0.4612785890352348 0.43035267343797584 0.4617694375 0.45847339062500003
4 0.5366683000090883 0.5415538786456746 0.5356047937499999 0.48062565937499996 0.49498598124091153 0.4813346635418253 0.49604948749999994 0.5422628828125
4 0.6068258375 0.6215916515625 0.6062804499887131 0.5903464102908782 0.5812842562499999 0.5907827203125 0.5818296437612867 0.6220279615841218
4 0.30953247345380197 0.6002143806214426 0.30885073905106086 0.5611578290321533 0.28385454531250004 0.5615941390625 0.2845362797152412 0.6006506906517893
4 0.37250589728414807 0.7163205249655848 0.3713878515620241 0.6522677827852348 0.3417048714653761 0.65278590156965 0.3428229171875 0.7168386437500001
4 0.45969615468749997 0.966399434375 0.45846903125000005 0.8960976421874998 0.42253700467945404 0.896724838601554 0.423764128116954 0.9670266307890543
4 0.6705557062499999 0.24385938125 0.6697376249943565 0.1969915199891891 0.6416169078124999 0.19748236875 0.6424349890681433 0.24435023001081096
4 0.7031450531250001 0.23078862812500006 0.7025451265625 0.19641886250000004 0.6806734593670016 0.19680063391677097 0.6812733859295016 0.23117039954177093
4 0.5680621531249999 0.10187651562499997 0.5669441078124999 0.037823771875 0.5278875577948847 0.03850550680332798 0.5290056031073848 0.10255825055332797
4 0.6047656296875 0.05591645156249999 0.6037715174848504 -0.0010362359426902654 0.5444055609374999 0 0.5453996731401495 0.05695268750519026
4 0.42469645624999997 0.0356185 0.4241783381329891 0.005935521863951134 0.39293309687499994 0.006480909375000001 0.39345121499201074 0.03616388751104886
4 0.38599440781250005 0.056609642187499996 0.38520359531250004 0.011304042187500002 0.34614704529411144 0.011985777071519101 0.3469378577941114 0.0572913770715191
4 0.3874669546875 0.140971790625 0.38640344843691066 0.08004357184124009 0.35203368437499993 0.0806434984375 0.35309719062558925 0.1415717172212599
4 0.44012028437971845 0.1134861768328187 0.43894769997745325 0.04630890964579464 0.38739305309773475 0.04720880000047591 0.38856563749999995 0.11438606718749997
4 0.44020209218750006 0.1181729640625 0.43902950779031846 0.05099569560421913 0.3874748609375 0.0518955859375 0.3886474453346816 0.11907285439578086
4 0.2685907861369937 0.2243091593715178 0.2674727421870241 0.1602564155977348 0.22372940468750002 0.1610199578125 0.22484744863746964 0.225072701586283
4 0.5591126250092471 0.573979609904763 0.5582127359375001 0.5224249624999999 0.523842971865753 0.5230248885327369 0.5247428609375 0.5745795359375
4 0.6059386238208112 0.3393139304820001 0.5238350912842611 0.28203911023920325 0.4923510423106208 0.3271715371648855 0.5744545748471709 0.3844463574076823