3 0.8375 0.4484375000000001 0.6125 0.4484375 0.6125 0.9765625 0.8375 0.9765625
1 0.2171875000000001 0.375 4.592425496802575e-17 0.375 6.792962714020475e-17 0.734375 0.2171875000000001 0.734375
4 0.8578125 6.525071226706992e-17 0.2078125 2.5449691294780934e-17 0.2078125 0.27656250000000004 0.8578125 0.2765625000000001
4 0.928125 0.1359375000000001 0.86875 0.1359375000000001 0.86875 0.2953125000000001 0.928125 0.2953125000000001
4 0.99375 0.3078125000000001 0.875 0.3078125000000001 0.875 0.6484375000000002 0.99375 0.6484375000000002
4 0.6890625 0.1515625000000001 0.5578125 0.1515625000000001 0.5578125 0.4015625 0.6890625 0.4015625
4 1 0.6453125000000002 0.909375 0.6453125000000002 0.909375 0.978125 1 0.978125
1 0.4265625000000002 0.8328125 0.0171875000000001 0.8328125 0.017187500000000112 1 0.4265625000000002 1
4 1 0.5265625000000002 0.8171875 0.5265625000000002 0.8171875 0.9625 1 0.9625
4 0.5593750000000001 0.5890625 0.36406250000000007 0.5890625 0.36406250000000007 0.98125 0.5593750000000002 0.98125
4 0.2234375 0.014062500000000023 0.1453125 0.014062500000000016 0.1453125 0.10312500000000002 0.2234375 0.10312500000000005
4 0.37187500000000007 0.048437500000000036 0.1546875 0.04843750000000002 0.15468750000000003 0.5609375 0.37187500000000007 0.5609375
4 0.0890625 0.021875000000000006 2.678914873134835e-18 0.021875 6.410260589286928e-18 0.0828125 0.0890625 0.0828125
4 0.6046875 0.21875000000000008 0.38125 0.21875000000000008 0.38125000000000003 0.5125 0.6046875 0.5125