4 0.9825261609374998 0.9596943499999998 0.8953704176871973 -0.03650034805149946 0.21982588734668732 0.022602140403483198 0.3069816305969898 1.0187968384549824
1 0.2874506156448356 0.6879902596017221 0.26947474374999997 0.48252510312499985 0.13561108123016435 0.4942366560232777 0.15358695312499998 0.6997018125
4 0.14061025940223937 0.6051605471863475 0.1340735780165767 0.5304459440732163 0.07648107173933734 0.5354846359493688 0.083017753125 0.6101992390625
4 0.560337997531722 0.31121029525504423 0.5326932856150746 -0.004770211045992484 0.30387981562499994 0.0152483734375 0.3315245275416473 0.3312288797385367
4 0.38213229687500005 0.300137309375 0.3625222546875 0.0759935015625 0.17106608585232266 0.09274374590141847 0.19067612803982267 0.3168875537139184
4 0.1972318594173184 0.42767526454620153 0.191239903125 0.35918687968749996 0.14921293902018157 0.3628637620162984 0.15520489531249995 0.431352146875
4 0.24707687343750004 0.7464189015624999 0.23795275624999998 0.64212976875 0.18036024994788624 0.6471684603418371 0.18948436713538624 0.751457593154337
4 0.177885709375 0.9595101859374999 0.17107666710304975 0.8816824740347288 0.11504071562500003 0.886584984375 0.1218497578969503 0.9644126962777712
4 0.6226368562656577 0.5033868814289674 0.6004393780049949 0.24966854394083632 0.4728019326768373 0.2608353734493689 0.4949994109375 0.5145537109375
4 0.1194627140625 0.4172260296874999 0.114424021875 0.3596335234375 0.07395361245279346 0.36317422602292704 0.07899230464029346 0.420766732272927
4 0.04647612504163538 0.7482845082883947 0.03735200781250001 0.643995375 0.010890585895864618 0.6463104495241054 0.020014703124999995 0.7505995828125
4 0.12556615468750001 0.9531082734374999 0.11875711250000001 0.8752805625000001 0.06583426863841718 0.8799107112246025 0.07264331082591718 0.9577384221621024
4 0.7066089328789041 0.8536510945090017 0.6876797953125001 0.6372900578125 0.5584857952460959 0.6485930679909983 0.5774149328124999 0.8649541046874999
4 0.03686585000000001 0.6205108812500001 0.031690978125000005 0.5613618203125001 0.0036730014650367903 0.5638130754484904 0.008847873340036793 0.6229621363859903
4 0.30686732347830753 0.8023581864039325 0.29202361093749996 0.6326937765625 0.16905582808419242 0.6434520635960673 0.18389954062499997 0.8131164734375
4 0.8574585109375 0.8388849984374998 0.83989118125 0.638089503125 0.7231496155889955 0.6483030667759676 0.7407169452764956 0.8490985620884676
4 0.9689490015625 0.6252299390624999 0.9581907140454569 0.5022621560551948 0.8850326656249997 0.5086626562500001 0.8957909531420428 0.6316304392573052
1 0.15894175475383723 0.330643232008238 0.13265885156249999 0.0302282671875 0.009691068683662773 0.04098655392926204 0.035973971875 0.34140151875
4 0.24765828750000002 0.9502689390624999 0.24261959525942633 0.892676432205865 0.20681884843749992 0.8958085921875 0.2118575406780736 0.9534010990441348
4 0.9734620203125001 0.7126693375 0.9659720734375 0.6270588546875 0.9068230124093833 0.632233727089248 0.9143129592843835 0.7178442099017481
4 0.6697596656249999 0.66552183125 0.6547797731050914 0.49430086707988086 0.5473775309175914 0.5036973452048809 0.5623574234375001 0.674918309375
4 1.0040864827771432 0.7758657214145324 0.9964603562500001 0.688698684375 0.9404244030414546 0.6936011943575711 0.9480505295685978 0.7807682313971035
4 0.27729844062500003 0.303035209375 0.26912758903214506 0.20964195590304105 0.20842197499999998 0.214953009375 0.21659282659285495 0.308346262846959
4 0.50371075 0.9906059906249999 0.47674694215774666 0.6824082559099168 0.26661212343749996 0.7007926703125 0.2935759312797534 1.008990405027583
4 0.14006835945052792 0.3479791243007881 0.1365276578125 0.3075087140625 0.11006623586197206 0.30982378819921197 0.11360693749999998 0.3502941984375
4 0.9202639921875002 0.965141584375 0.9002454074769387 0.736328113955157 0.6823278168519387 0.755393432705157 0.7023464015625001 0.984206903125
4 0.30124439538270514 0.7918708492399481 0.2957971609375 0.7296086796875001 0.2553267514922949 0.733149382010052 0.26077398593749995 0.7954115515625
4 0.025485223437499992 0.47250205 0.01894854543847009 0.39778744672727806 -0.006536677999029905 0.400017113914778 0 0.4747317171875
4 0.73192093125 0.9816194671874999 0.7264736975617146 0.9193572983774201 0.6610984203125 0.92507689375 0.6665456540007854 0.9873390625600799
1 0.19394305630563993 0.4797224584484674 0.18890436562500001 0.42212995156250005 0.15777328119436007 0.4248535681140327 0.162811971875 0.48244607500000003