4 0.46273955000000005 5.828670879282072e-17 0.3097078281432546 -0.005343984897739444 0.30071178437500007 0.25226903125 0.45374350623174553 0.2576130161477395
4 0.2996459203125001 0.5961913406250001 4.912067974593981e-12 0.5857274748593387 -0.012432945307587961 0.9417604576718388 0.2872129750000001 0.9522243234374999
1 1.001440389072723 0.467480205747299 0.5969994125788732 0.45335681492887064 0.5785135844387231 0.9827216452601617 0.982954560932573 0.99684503607859
4 0.28237475624999997 0.19534440000000003 0.21835128127730302 0.19310865078064451 0.21453414843750002 0.30241702343750004 0.278557623410197 0.3046527726568556
4 0.11089687812500008 0.6286863890624999 0.06561198125998449 0.627105005964083 0.06315811093750005 0.6973746734374999 0.10844300780251563 0.6989560565359167
4 0.24984494531267853 0.45530498749489084 0.17801372968750004 0.45279658593749994 0.17452377968732158 0.552735668755109 0.24635499531250007 0.5552440703125
4 0.3821948273645975 0.4708709140905099 0.35096386330400053 0.46978030466101267 0.34949154062500004 0.5119421046875001 0.380722504685597 0.5130327141169972
4 0.47921400937499997 0.8713758109374998 0.41831362965624974 0.8692491234364086 0.41416931562309695 0.9879267844294974 0.4750696953418472 0.9900534719305887
4 0.20363800626912515 0.34581318851482745 0.16616085000000003 0.3445044578125 0.16436134529337484 0.39603554742267255 0.2018385015625 0.397344278125
4 0.388916934375 0.3679177953125 0.359247518722605 0.3668817164094906 0.35782972653510503 0.4074819695344907 0.38749914218750003 0.40851804843750017
4 0.3043851625416948 0.10230587661851978 0.25753871718750004 0.10066996250000002 0.25513937651890223 0.16937808124847756 0.30198582187309697 0.1710139953669973
4 0.30052338282917873 0.43674983545988677 0.25680003437500004 0.4352229828125001 0.2542371031083214 0.5086157473526134 0.2979604515625001 0.5101426000000001
4 0.3908207390625 4.9960036108132046e-17 0.3439742937104393 -0.001635912929631457 0.3424274577729393 0.04265969957036854 0.389273903125 0.044295612500000046
4 0.11878001875 1.5265566588595904e-17 0.0813028625413289 -0.0013087308710052164 0.07948752968749999 0.05067561093750002 0.11696468589617108 0.05198434180850524
4 0.5170828953124998 0.10035272968750006 0.4842903828124999 0.09920759062500006 0.4827635307823951 0.1429309391007346 0.515556043282395 0.1440760781632346
4 0.47903555782069185 0.7869431497654211 0.4368737562500001 0.7854708265625001 0.4345289452599059 0.8526173983810997 0.4766907468305977 0.8540897215840207
4 0.5629725359375001 0.4427878578125 0.5301800233917009 0.4416427184990163 0.528598640579201 0.4869276153740164 0.5613911531250001 0.48807275468750005
4 0.1909176140901293 0.12804909764630215 0.1612482 0.12701301875000004 0.15961228588300275 0.17385946406059694 0.18928169997313202 0.17489554295689905
4 0.22040857812499998 0.04465251406250002 0.18761606563369806 0.043507374750919425 0.1860346828125 0.08879227187500002 0.2188271953038019 0.08993741118658062
4 0.19768927659006583 0.15799116483561867 0.1711429578125 0.157064146875 0.16950704372243422 0.20391059297688136 0.19605336250000005 0.2048376109375
4 0.577874146875 0.5980900218750002 0.5076044781532003 0.595636150754953 0.5023695531532003 0.745544775754953 0.572639221875 0.7479986468750002
4 0.131489559375 0.083760609375 0.06434298744550279 0.08141579999809692 0.061998178123096936 0.14856237036699727 0.12914475005259415 0.15090717974390033
4 0.5283755437500003 0.627630540625 0.4830906468871956 0.6260491574632703 0.4802005328125002 0.7088112109375001 0.5254854296753049 0.7103925940992298
4 0.41696031875 0.639374359375 0.2389438274908528 0.6331578874778551 0.23321812968750008 0.7971204453124998 0.4112346209466472 0.8033369172096447
4 0.6371981828125 0.01855736562500008 0.5669285140197969 0.01610349497285774 0.5589670671447969 0.24408952778535772 0.6292367359375 0.24654339843750006
4 0.06541369531250008 0.5880117703125001 7.216449660063518e-17 0.585727475 -0.005289452089827662 0.7371976485282127 0.06012424322267233 0.7394819438407126