4 0.89765625 7.362232124561628e-17 0.3046875 3.731345716152092e-17 0.30468750000000006 1 0.89765625 1
1 0.27109375 0.3109375 0.15312500000000004 0.3109375 0.15312500000000004 0.50703125 0.2710937500000001 0.50703125
4 0.13515625000000003 0.39375 0.08281250000000004 0.39375 0.08281250000000005 0.46484375 0.13515625000000003 0.46484375
4 0.5328125000000001 0.6875 0.3296875000000001 0.6875 0.3296875000000001 0.9984375 0.5328125000000001 0.9984375
4 0.3656250000000001 0.6984375 0.1906250000000001 0.6984375 0.1906250000000001 0.909375 0.3656250000000001 0.909375
4 0.1921875000000001 0.571875 0.15625000000000008 0.571875 0.15625000000000008 0.6375 0.1921875000000001 0.6375
4 0.23828125 0.253125 0.18906250000000005 0.253125 0.18906250000000005 0.353125 0.23828125 0.353125
4 0.171875 0.040625000000000015 0.121875 0.04062500000000001 0.121875 0.1140625 0.171875 0.1140625
4 0.60078125 0.49375 0.49375 0.49375 0.4937500000000001 0.740625 0.6007812500000002 0.740625
4 0.11562500000000009 0.58125 0.07968750000000006 0.58125 0.07968750000000008 0.63671875 0.11562500000000009 0.63671875
4 0.036718750000000036 0.2515625 0.0015625000000000304 0.2515625 0.0015625000000000367 0.35390625 0.03671875000000004 0.35390625
4 0.11953125 0.046875000000000014 0.0734375 0.046875000000000014 0.07343750000000002 0.121875 0.11953125 0.121875
4 0.68984375 0.1453125000000001 0.578125 0.1453125000000001 0.578125 0.3539062500000001 0.68984375 0.3539062500000001
4 0.03203125000000005 0.3796875 0.0015625000000000465 0.3796875 0.00156250000000005 0.43671875 0.03203125000000005 0.43671875
4 0.29296875 0.19687500000000005 0.18281250000000004 0.19687500000000005 0.18281250000000004 0.35859375 0.29296875 0.35859375
4 0.84140625 0.1593750000000001 0.740625 0.1593750000000001 0.740625 0.3531250000000001 0.84140625 0.3531250000000001
4 0.959375 0.3734375000000001 0.8953125 0.3734375000000001 0.8953125 0.49218750000000017 0.959375 0.49218750000000017
1 0.1289062500000001 0.6671875 0.03437500000000008 0.6671875 0.0343750000000001 0.99921875 0.12890625000000014 0.99921875
4 0.24375 0.04843750000000003 0.2125 0.04843750000000002 0.2125 0.10390625000000005 0.24375 0.10390625000000005
4 0.96640625 0.2875000000000001 0.9140625 0.2875000000000001 0.9140625 0.3687500000000001 0.96640625 0.3687500000000001
4 0.65546875 0.33281250000000007 0.5609375 0.33281250000000007 0.5609375 0.49765625 0.65546875 0.49765625
4 0.9984375 0.2234375000000001 0.9484375 0.2234375000000001 0.9484375 0.3062500000000001 0.9984375 0.3062500000000001
4 0.2695312500000001 0.6953125 0.2156250000000001 0.6953125 0.2156250000000001 0.784375 0.2695312500000001 0.784375
4 0.4796875 0.006250000000000047 0.29375 0.006250000000000036 0.29375 0.30078125000000006 0.4796875 0.3007812500000001
4 0.13671875000000008 0.6515625 0.1140625000000001 0.6515625 0.1140625000000001 0.690625 0.13671875000000008 0.690625
4 0.90078125 0.0031250000000000978 0.703125 0.003125000000000086 0.703125 0.24765625000000008 0.90078125 0.24765625000000008
4 0.296875 0.20625 0.2609375 0.20625 0.2609375 0.26640625 0.296875 0.26640625
4 0.01953125000000007 0.5265625 6.448530801760282e-17 0.5265625 6.898205798322201e-17 0.6 0.019531250000000073 0.6
4 0.72734375 0.0015625000000000853 0.6671875 0.0015625000000000818 0.6671875 0.07578125000000009 0.72734375 0.07578125000000009
1 0.18828125000000007 0.51875 0.16250000000000003 0.51875 0.16250000000000006 0.57421875 0.1882812500000001 0.57421875