1 0.5984375 0.259375 0.321875 0.259375 0.321875 0.5453125 0.5984375 0.5453125
1 0.4281250000000001 0.69375 0.1625000000000001 0.69375 0.16250000000000012 1 0.4281250000000002 1
4 0.29375000000000007 0.007812500000000017 9.567553118338697e-19 0.0078125 2.6693473200164962e-17 0.428125 0.29375000000000007 0.428125
4 0.1546875000000001 0.7015625 0.02968750000000009 0.7015625 0.0296875000000001 0.8921875 0.1546875000000001 0.8921875
4 1 0.3515625000000001 0.9359375 0.3515625000000001 0.9359375 0.7390625000000002 1 0.7390625000000002
1 0.5718750000000001 0.7140625 0.37187500000000007 0.7140625 0.37187500000000007 1 0.5718750000000001 1
1 0.6109375000000001 0.415625 0.478125 0.415625 0.4781250000000001 0.753125 0.6109375000000001 0.753125
4 0.2156250000000001 0.675 0.021875000000000082 0.675 0.021875000000000103 1 0.2156250000000001 1
4 0.634375 0.27031250000000007 0.5921875 0.27031250000000007 0.5921875 0.34843750000000007 0.634375 0.34843750000000007
4 0.615625 0.001562500000000068 0.490625 0.0015625000000000604 0.490625 0.21250000000000008 0.615625 0.21250000000000008
4 0.9734375 0.7078125000000002 0.9515625 0.7078125000000002 0.9515625 0.7359375000000001 0.9734375 0.7359375000000001
4 0.3046875000000001 0.4125 0.19218750000000004 0.4125 0.19218750000000007 0.625 0.3046875000000001 0.625
4 0.18437500000000007 0.50625 0.004687500000000062 0.50625 0.004687500000000078 0.7625 0.1843750000000001 0.7625
4 0.06093750000000002 0.09375 1.1481063742006437e-17 0.09375 1.8082675393660138e-17 0.2015625 0.06093750000000002 0.2015625
4 0.89375 0.6890625000000001 0.871875 0.6890625000000001 0.871875 0.7140625000000002 0.89375 0.7140625000000002
4 0.50625 0.0031250000000000535 0.3578125 0.0031250000000000444 0.3578125 0.26093750000000004 0.50625 0.2609375000000001
4 0.825 0.006250000000000094 0.728125 0.006250000000000089 0.728125 0.3078125000000001 0.825 0.3078125000000001
4 0.12968750000000012 0.8484375 0.0250000000000001 0.8484375 0.025000000000000112 1 0.12968750000000012 1
4 0.6765625000000002 0.8625 0.5265625000000002 0.8625 0.5265625000000002 0.9984375 0.6765625000000002 0.9984375
4 0.14687500000000003 0.1015625 0.08281250000000002 0.1015625 0.08281250000000002 0.2125 0.14687500000000003 0.2125