4 0.36150195416880226 0.16477848134132086 0.036182121875000015 0.1363166828125 0.014529366143697786 0.3838088030336791 0.3398491984375 0.4122706015625
4 0.16855203125000012 0.5415831421875 0.09072432033188042 0.5347740997784813 0.07165900156250005 0.7526916906250001 0.14948671248061973 0.7595007330340188
4 0.9648868615185293 0.7618263875508337 0.8465887389114191 0.7514766436000813 0.8248457640625 1 0.9431438866696101 1.0103497439507525
4 0.9447617281249998 0.1671845750000001 0.7050523796451074 0.14621272392205303 0.6831272624576071 0.39681795360955296 0.9228366109374997 0.41778980468750004
4 0.4333024282018186 0.5631773319344605 0.38816235625 0.5592280875 0.38135331398568145 0.6370557993155395 0.42649338593749997 0.64100504375
4 0.7822605734665155 0.4290180215433533 0.6841976578125002 0.42043862812500005 0.6656770624709848 0.6321300018941469 0.763739978125 0.6407093953125002
4 0.6193085399734782 0.39123453914220035 0.5819512384228471 0.3879661983815377 0.5778658125 0.4346628250000001 0.6152231140506311 0.4379311657606627
4 0.2771989501781252 0.50089752296402 0.24762441889753162 0.4983100873762063 0.24421989840690647 0.5372239440996863 0.2737944296875 0.5398113796875
4 0.7325707921875002 0.7101319953125002 0.6703086233941935 0.7046847614324967 0.6649975702691935 0.7653903770574966 0.7272597390625002 0.7708376109375001
4 0.6111786140625001 0.6634367812500002 0.41349622757206045 0.6461418140141242 0.39865251562500015 0.8158062234375002 0.5963349021154397 0.8331011906733762
4 0.09002577656250008 0.7041075828124999 8.881784197001253e-17 0.6962313484374998 -0.02029094508360586 0.9281579267192266 0.06973483147889412 0.9360341610942265
4 0.8797801781250001 0.5693012359375003 0.8377532141016083 0.5656243526779899 0.8333954265625 0.6154340875000002 0.8754223905858918 0.6191109707595104
4 0.6159583485054219 0.07097386172364864 0.5770444921875 0.06756934062500006 0.5718696201768374 0.12671840155063113 0.6107834764947593 0.1301229226492797
4 0.2506232218991784 0.7150211012861409 0.21949213750000007 0.712297484375 0.21527053122582177 0.760550665901359 0.2464016156250001 0.7632742828125
4 0.7365009859633058 0.7010650325175397 0.62442908125 0.6912600109375 0.5974178310919248 0.9999999998494692 0.7094897358052306 1.009805021429509
4 0.47196579687500007 0.784577059375 0.43305194074703623 0.7811725376676202 0.4252896313720361 0.8698961282926204 0.4642034875 0.8733006500000002
4 0.5524218690233973 0.9406205609614192 0.5228473377852663 0.9380331248882564 0.5193066359375001 0.9785035343749999 0.5488811671756312 0.9810909704481627
4 0.23517622187500012 0.8736534515624997 0.21027135473791098 0.8714745572363011 0.20727537500000012 0.9057187499999999 0.23218024213708927 0.9078976443261986
4 0.3209800387133469 0.771367517293654 0.2353695559127158 0.7638775702829915 0.21807458750000014 0.96155995625 0.3036850703006312 0.9690499032606625
4 0.8010725812500002 0.17814043125000012 0.7263579781718826 0.17160375102663056 0.7124675328125 0.33037228125000007 0.7871821358906176 0.3369089614733697
4 0.08799646875000003 0.189472375 0.039743287514323614 0.18525076858628056 0.033342787500000005 0.2584088171875 0.0815959687356764 0.2626304236012194
4 0.8693161265624999 0.9040380078125001 0.8163932828793422 0.8994078586109898 0.8098566016293424 0.9741224617359899 0.8627794453125001 0.9787526109375001
4 0.7294520375608864 0.20794922117906484 0.6033711453125 0.19691857187500003 0.5721857295637063 0.5533694873524684 0.6982666218120928 0.5644001366565333
4 0.7419997265625 0.028673125000000094 0.6812941109375001 0.023362071875000095 0.6750297919966941 0.09496356574500779 0.735735407621694 0.1002746188700078
4 0.45908718125000014 0.9497079875000003 0.4232864343799238 0.9465758280687216 0.41906482812500007 0.994829009375 0.45486557499507646 0.9979611688062786
4 0.6880460001470652 0.05375368581903885 0.6538018078125001 0.05075770781250009 0.6498525639154351 0.09589778136846132 0.6840967562500001 0.09889375937500008
4 0.7517137265625001 0.4733995734375001 0.717469532842026 0.4704035949750181 0.712839384375 0.5233264390625001 0.7470835780954743 0.5263224175249821
4 0.540523328128701 0.018888567145197415 0.5125053515624999 0.01643731093750005 0.509509371751206 0.050681504539968406 0.5375273483174071 0.053132760747665764
4 0.16253396411398988 0.018756619723968256 0.0644710484375 0.010177226562500008 0.053985123386010136 0.13003190215103178 0.15204803906250003 0.13861129531250002
4 0.6837467781250001 0.12082169843750008 0.49851682663910796 0.10461617724936774 0.4798600500000001 0.3178641062500001 0.6650900014858921 0.3340696274381324
4 0.1842685703125 0.128882478125 0.05040490677619042 0.11717092490933464 0.040463704687500025 0.23079938281249998 0.17432736822380962 0.24251093602816534
4 0.9564993907095074 0.6246358193465775 0.9175855343750001 0.6212312984375001 0.9135001092904929 0.6679279259659228 0.9524139656250001 0.6713324468750002
4 0.9615324359375 0.06513290156250011 0.9195054719340126 0.0614560180754826 0.9133773328125001 0.13150095781250007 0.9554042968159875 0.13517784129951757
4 0.9548595734765017 0.14140405736671138 0.91127605625 0.1375909937500001 0.9065097265234984 0.1920703926332889 0.9500932437500001 0.19588345625000014
4 0.08708271564607083 0.2536996403841602 0.020150884375000032 0.24784386406249997 0.002855917166429256 0.4455262486783399 0.06978774843750006 0.451382025
4 0.19083892031250002 2.4980018054066023e-17 0.07254079977081218 -0.01034974673461574 0.06879073246157918 0.032513709344298404 0.18708885300326702 0.04286345607891417
4 0.37767784220561695 0.8045603654179236 0.26716249375000006 0.794891525 0.25163787654438324 0.9723387064570763 0.362153225 0.982007546875
4 0.035039757812500086 0.6334212531250001 8.881784197001253e-17 0.6303556718750001 -0.011439189970237674 0.7611062256658381 0.023600567842262322 0.7641718069158381
4 0.4386569421875001 6.106226635438361e-17 0.404412749911984 -0.002995978681472472 0.396873695224484 0.08317580881852753 0.43111788750000013 0.08617178750000007
4 0.24353334843750005 0.04309630156250003 0.1361311062650053 0.033699823265988686 0.1261899046875 0.14732828125 0.23359214685999477 0.15672475954651136
4 0.843098134375 0.05633971093750012 0.7248000141273285 0.0459899664465048 0.7099563015624998 0.21565437656250003 0.8282544218101713 0.22600412105349532
4 0.5808970703191718 0.07731720929874158 0.4703817203124999 0.06764836875000005 0.4581254436262062 0.20773824828996848 0.5686407936328781 0.21740708883871002
4 0.6447934108026452 0.06408579231240287 0.5996533373770142 0.06013654686424019 0.5933890171875001 0.13173804062500008 0.6385290906131311 0.13568728607316277
4 0.22742731724314988 0.42439351967641914 0.16983481093750002 0.419354828125 0.15648908737620634 0.5718971420399683 0.21408159368185622 0.5769358335913874
4 0.667693665625 0.017466781250000084 0.62255359375 0.013517537500000088 0.61860435 0.05865760937500007 0.6637444218749999 0.06260685312500007
4 0.6091126156566801 0.3464253933878969 0.4736923984375 0.3345776593750001 0.4455029623643374 0.656784382800631 0.5809231795835175 0.6686321168135277
4 0.7131456140625 0.07163430312500008 0.6337613484375 0.06468907968750007 0.624501050516877 0.17053476723272093 0.703885316141877 0.17747999067022094
4 0.5163664000000001 0.7790507984375001 0.45566078437754226 0.7737397452834426 0.4387743593750001 0.9667524671875004 0.4994799749974579 0.972063520341558
4 0.052120928167833966 0.4561102526354066 0.0023111937212702827 0.45175246562248655 -0.01239633767159976 0.6198603219429984 0.03741339677496393 0.6242181089559186
4 0.3100425265625001 4.4408920985006264e-17 0.1824050806246403 -0.01116683102132419 0.1758429961385825 0.06383812806057185 0.3034804420764423 0.07500495908189608
4 0.5471298671875002 0.9652530671875 0.43972762533716603 0.955856588955297 0.4361869234371614 0.9963269984413715 0.5435891652874956 1.0057234766735745
4 0.7836181475454158 0.037019670371153876 0.757156725 0.03470459531250008 0.7556587352670843 0.051826692128846295 0.7821201578125 0.05414176718750009
4 0.9633288963054382 0.636212604774371 0.9088494978798073 0.6314462749512083 0.8953675937500002 0.7855451421875002 0.9498469921756311 0.7903114720106629
4 0.3023324312500001 0.07019911406250004 0.2603054672226025 0.06652223084877598 0.25213461562499995 0.15991548437500006 0.2941615796523975 0.1635923675887241