1 0.694838815625 0.2629542906250001 0.40531973132429633 0.23762465227579055 0.3791730078125 0.5364830625000001 0.6686920921132039 0.5618127008492096
1 0.8718626375000001 0.6956544890625002 0.5916828781250001 0.6711419359375002 0.5630848994831231 0.9980183218297795 0.8432646588581232 1.0225308749547792
4 1.0307793405756454 0.04452725581376866 0.7007898468350094 0.01565691664423951 0.6666084546875002 0.40635202500000006 0.9965979484281362 0.4352223641695292
4 0.9852963499999999 0.6898939671875001 0.8592154578757277 0.6788633180273027 0.8420566703124999 0.8749891500000002 0.9681375624367721 0.8860197991601975
4 0.09243469375000013 0.3718030140625 0.009937320355978895 0.3645854291063855 -0.02397171095945628 0.7521674298543127 0.05852566243456495 0.7593850148104273
1 0.6597436703125001 0.7178766640625001 0.44649574230355443 0.6992198877359928 0.42062138099872676 0.9949651890810006 0.6338693090076724 1.013621965407508
1 0.5492445484375001 0.4211795093750001 0.3998153437510455 0.4081061484255505 0.36999173906249994 0.7489915218750001 0.5194209437489546 0.7620648828244497
4 0.9873390625095546 0.6665456545782945 0.8021091109375 0.6503401328125002 0.7721493227301988 0.9927820608756193 0.9573792743022533 1.0089875826414136
4 0.4082776078712865 0.27552667745306825 0.36313753593750003 0.27157743281250013 0.3561923124412137 0.35096169910943187 0.40133238437500013 0.35491094375000004
4 0.5102093281423756 0.00682562480139628 0.3763456648616191 -0.0048859279627858744 0.3574165273442435 0.21147510817331788 0.49128019062500006 0.22318666093750003
4 0.05840853281785359 0.7248684593138093 0.03506022031250008 0.7228257468749999 0.03247278436964658 0.7524002781861905 0.05582109687500009 0.754442990625
4 0.8233533234375001 0.4075176765625 0.7019420937499999 0.3968955703125 0.6830129558188962 0.6132566063489844 0.8044241855063963 0.6238787125989844
4 1.0023189555886558 0.49532469013804636 0.8248717743014 0.4798000733763804 0.8018572109002443 0.7428577363633342 0.9793043921875002 0.7583823531250001
4 1.0088323487345894 0.08025038655900124 0.9294480843750001 0.07330516406250011 0.9197792450769653 0.1838205140418935 0.9991635094365545 0.19076573653839463
4 0.1371309453125001 0.7035233453124999 0.11378263286935963 0.7014806321625928 0.11146755781250009 0.7279420546875001 0.1348158702556406 0.7299847678374072
4 0.6463104500197613 0.010890587274128316 0.4859853648851612 -0.0031360406054162238 0.46351552424039993 0.25369540493295556 0.623840609375 0.2677220328125001
4 0.2816491687500001 0.01976703906250004 0.16957726395472594 0.009962018419364402 0.14302199989222586 0.3134900918568644 0.25509390468750004 0.3232951125
4 0.9726315308290594 0.8346535094748736 0.8885776025420489 0.8272997436989986 0.8735977093750004 0.9985207078125002 0.9576516376620109 1.0058744735883753
4 0.49757203125000016 0.8683776765625002 0.3419166093224997 0.8547595919997599 0.3303412373815745 0.9870667013536112 0.4859966593090751 1.0006847859163515
4 0.9138049266643394 0.09075818633597241 0.8437599874999998 0.08463004843750009 0.8338187858356607 0.1982585074140278 0.9038637250000002 0.20438664531250014