1 0.24062500000000003 1.4734031802241598e-17 0 0 6.089747559822581e-17 0.99453125 0.2406250000000001 0.99453125
4 0.9859375 9.347499396616907e-17 0.540625 6.620746757890377e-17 0.540625 0.6078125000000001 0.9859375 0.6078125000000002
4 0.8984375 0.6984375 0.6984375 0.6984375 0.6984375 0.990625 0.8984375 0.990625
4 0.90703125 0.0859375000000001 0.796875 0.08593750000000008 0.796875 0.2406250000000001 0.90703125 0.2406250000000001
4 0.4953125 0.4390625 0.465625 0.4390625 0.465625 0.4796875 0.4953125 0.4796875
4 0.5078125000000002 0.8671875 0.48437500000000017 0.8671875 0.48437500000000017 0.89765625 0.5078125000000002 0.89765625
4 0.99921875 0.0015625000000001107 0.8078125 0.0015625000000000992 0.8078125 0.1289062500000001 0.99921875 0.12890625000000014
4 0.67421875 0.4140625 0.5265625 0.4140625 0.5265625 0.571875 0.67421875 0.571875
4 0.5781250000000002 0.9609375 0.5578125000000002 0.9609375 0.5578125000000002 0.996875 0.5781250000000002 0.996875
4 0.6500000000000001 0.571875 0.5046875 0.571875 0.5046875000000001 0.8203125 0.6500000000000001 0.8203125
4 0.5351562500000001 0.7015625 0.5125 0.7015625 0.5125000000000001 0.73671875 0.5351562500000002 0.73671875
4 0.45078125 0.007812500000000045 0.2640625 0.007812500000000033 0.2640625 0.25234375000000003 0.45078125 0.2523437500000001
4 0.65 0.17187500000000006 0.5328125 0.17187500000000006 0.5328125 0.46171875 0.65 0.46171875
4 0.78671875 0.003125000000000088 0.6609375 0.0031250000000000804 0.6609375 0.2960937500000001 0.78671875 0.2960937500000001
4 0.52109375 0.471875 0.41875 0.471875 0.41875 0.6421875 0.52109375 0.6421875
4 0.5671875000000002 0.8125 0.5312500000000002 0.8125 0.5312500000000002 0.85859375 0.5671875000000002 0.85859375
4 0.56953125 0.17812500000000006 0.46875 0.17812500000000003 0.46875 0.45 0.56953125 0.45