4 1.0370936561582895 0.05369667850540579 0.1676639672927768 -0.03768406445105479 0.06313550355542381 0.956837831131014 0.9325651924209367 1.0482185740874745
4 0.7508419594553863 0.026752625797674477 0.7135473874999999 0.0228328078125001 0.707014357667141 0.08499042638299685 0.7443089296225275 0.08891024436817123
4 1.041676160827791 0.06988938647304839 0.76118990625 0.04040909218750009 0.7181535764850201 0.44987240451513133 0.998639831062811 0.47935269880067966
4 1.0078396335597757 0.4166898145075143 0.9586363086149445 0.4115183374201151 0.950796675 0.4861074796875002 0.9999999999448311 0.49127895677489947
4 0.9672831890624998 0.2694564515625001 0.9237728562680537 0.2648833310782283 0.9171581640625 0.3278179203125001 0.9606684968569461 0.3323910407967719
4 0.5082779984374999 0.09238231406250005 0.43990461655549157 0.08519598274607332 0.42888013123292773 0.190086964224931 0.49725351311493604 0.19727329554135775
4 1.0066451391596873 0.41813537447759835 0.7991940875963329 0.3963313897084536 0.7557494437081813 0.8096795531206047 0.9632004952715357 0.8314835378897495
4 0.6718383315744995 0.031017864260831734 0.6291049671875 0.026526406250000086 0.6228169262209283 0.08635311402659944 0.6655502906079278 0.0908445720374311
4 0.5398143891538435 0.4052049381934258 0.4931961750000001 0.4003051671875001 0.48698979827506916 0.4593549062329279 0.5336080124289124 0.46425467723885355
4 0.7941331109375002 0.1978400187500001 0.7552845984375002 0.1937568750000001 0.7505481517965875 0.23882114846210367 0.7893966642965875 0.24290429221210363
4 0.7624803156249998 0.1850865343750001 0.7143081610267878 0.1800234366504819 0.7076934687499999 0.24295802656250007 0.755865623348212 0.24802112428701828
4 0.49722301253192425 0.003238413758762759 0.43895024527937976 -0.002886301247380235 0.4295590155599555 0.08646527561885707 0.48783178281250006 0.09258999062500006
4 0.9224474820483431 0.15790877508390935 0.8882607912779845 0.15431560927940616 0.8834426826671414 0.20015685294549698 0.9176293734375001 0.20375001875000018
4 0.546575984375 0.23623608906250007 0.45023167500000005 0.22610989531250003 0.44075878412168923 0.31623844232510134 0.5371030934966892 0.3263646360751014
4 0.9729859625668394 0.6486925478015639 0.6132487450709272 0.6108826437246098 0.5723508640625001 1 0.9320880815584124 1.0378099040769542
4 0.9611936656250002 0.5516156203125 0.9036978687834635 0.5455725684316164 0.8942249765625002 0.6357011156250001 0.9517207734040369 0.6417441675058837
4 0.9641518469894738 0.11987219891085435 0.9128718125 0.1144824500000001 0.9061754576500691 0.17819400935792792 0.9574554921395428 0.18358375826878218
4 0.3801597985460562 0.33972025834215785 0.31567126875 0.33294224062500005 0.304401793587569 0.44016413279542793 0.36889032338362515 0.4469421505125858
4 0.5816539283127793 0.18650530314473646 0.5614527015625 0.18438206875000004 0.5578595357497207 0.21856875935526365 0.5780607624999999 0.22069199375000004
4 0.7025998720058755 0.09709529875480392 0.6785137953125001 0.09456375000000009 0.675328943587569 0.12486558904542791 0.6994150202809444 0.12739713780023174
4 0.32466568914556226 0.060515028897216175 0.25940018906250006 0.05365534843750004 0.23539130765006902 0.28208459685792786 0.30065680773313125 0.288944277317644
4 0.674475003125 0.15541241718750007 0.6068785921875 0.14830774843750008 0.5996105978573811 0.21745809854075251 0.6672070087948812 0.2245627672907525
4 0.35284217191352174 0.3305646340084911 0.31243972031250006 0.32631816562500005 0.3063150062114784 0.38459093317900905 0.3467174578125001 0.38883740156250013
4 0.8974863484375 0.0515922125000001 0.8609687484375002 0.04775405781250011 0.8554156733512992 0.10058803436594002 0.891933273351299 0.10442618905343999
4 0.9953803563350883 0.555208786690441 0.89748210625 0.5449192656250001 0.8740448639774119 0.7679097226845591 0.9719431140625001 0.77819924375
4 0.9878673718750001 0.6266900484375001 0.9435800687679319 0.6220352654543894 0.9336171999999998 0.7168256328125 0.977904503107068 0.7214804157956107
4 0.6101941499999999 0.16908061406250002 0.5433747093749999 0.16205760781250006 0.5321868971926326 0.2685025297208846 0.5990063378176325 0.2755255359708846
4 0.9033754593750004 0.05535339687500014 0.8264554062658072 0.047268773287106505 0.8155942453125 0.1506058140625001 0.8925142984216933 0.15869043765039373
4 0.44098265785547897 0.17957569021608186 0.3726092765625 0.17238935781250003 0.3593798920421411 0.2982585357579968 0.4277532733351201 0.3054448681615786
4 0.5480599921875 0.31180518593750006 0.4019895873579338 0.2964525685391698 0.3823905014204338 0.4829254247891698 0.5284609062500001 0.4982780421875
4 0.49659317035026207 0.1587117762032181 0.446867075 0.15348535312500006 0.43763917183723783 0.241282989421782 0.4873652671874999 0.24650941250000002
4 0.6075860813023177 0.7469737557522323 0.5656296875000001 0.7425639609375 0.5586066811046412 0.8093834013829968 0.6005630749069588 0.8137931961977293
4 1.0099163452695266 0.4169080857820398 0.9050253640187522 0.40588359985190764 0.8900810609367259 0.548069151569868 0.9949720421875001 0.5590936375000002
4 0.9997901500000002 0.5132523937500002 0.9516179953655429 0.5081892963703296 0.9452482921875 0.568792975 0.9934204468219571 0.5738560723796706
4 0.5551670078228401 0.25913453583912166 0.5046639421875 0.25382645000000004 0.4968243078021599 0.3284155922858784 0.5473273734375 0.33372367812500003
4 0.9374602718750001 0.9717488390625002 0.9024966106982806 0.9680740109123572 0.8991410546875003 1.0000000000000004 0.9341047158642197 1.0036748281501433
4 0.6077724172428951 0.3714988416604519 0.558046321875 0.36627241875000005 0.550533339007105 0.43775368021454836 0.6002594343750001 0.44298010312500014
4 0.9508482890625002 0.8144742015625003 0.9042300750000003 0.8095744296875003 0.8948388456106793 0.89892600628134 0.9414570596731793 0.90382577815634
4 0.24461520781250004 3.3306690738754695e-17 0.20965154675548153 -0.0036748308968096556 0.20823678256857253 0.0097857437243622 0.243200443625591 0.01346057462117189
4 1.0043281347321311 0.4446006618585476 0.9945449578125001 0.4435724078125001 0.9902168230226669 0.4847518308779484 0.999999999942298 0.4857800849239958
4 0.9835415875000001 0.6827952296875002 0.9524627782211741 0.6795287147099647 0.9446231421875 0.7541178578125001 0.9757019514663259 0.7573843727900356
4 0.8764412406957798 0.9244867071390782 0.8539091046875 0.9221184843750001 0.8492543218042206 0.9664057881734219 0.8717864578125003 0.9687740109375002
4 0.4488590765625001 5.551115123125783e-17 0.3183280770755658 -0.013719361257678236 0.29908409736624775 0.16937487019990688 0.429615096853182 0.18309423145758516
4 0.2261235219006604 0.11614431069335769 0.07228341562500001 0.0999750640625 0.046151299974339616 0.3486055377441424 0.19999140625000003 0.3647747843750001
4 0.17614540005740953 0.06847151820378528 0.05027622187500001 0.055242134374999995 0.03582189515006899 0.1927658656079278 0.1616910733324785 0.20599524943671307
4 0.2697529140625 3.8857805861880476e-17 0.1920558906838845 -0.008166286497748745 0.18220018125 0.08560452187500002 0.25989720462861554 0.0937708083727488
4 0.7095435625000002 0.04597858906250011 0.6846805138974583 0.04336537810765349 0.6813323374829279 0.07522115797493108 0.7061953860854698 0.07783436892977769