1 0.32478721250000003 1.0000000000000002 0.15869103893702677 0.05802178678840604 -0.07827832652943646 0.09980587935402045 0.08781784703353682 1.0417840925656146
4 1.0653791056767041 0.9080217154411422 0.9598335737520733 0.3094432527845868 0.5212863703124999 0.38677095625 0.6268319022371307 0.9853494189065554
4 0.8579260282657671 0.23538926642332872 0.8102967783474213 -0.034729635153569104 0.613335228125 0 0.6609644780433457 0.27011890157689783
4 0.9727487296982474 0.8370917250609523 0.9458875263531594 0.6847542753752707 0.8374047966549119 0.7038827081268184 0.864266 0.8562201578125
4 0.5059654 0.5608256984375001 0.4989109421875 0.5208178828125 0.469674461130331 0.5259730635935991 0.47672891894283104 0.5659808792185992
4 0.4439323717297869 0.13703427631259407 0.43864152807788476 0.10702841535779672 0.4155600953125 0.1110982953125 0.4208509389644021 0.1411041562672973
4 1.0221130101446385 0.9140640905770377 0.999999999747802 0.7886549782572148 0.8675758896031635 0.8120049220551773 0.8896889 0.9374140343750001
4 0.6864948656250001 0.5543791484375 0.6590910123038148 0.39896417388737915 0.5136779937499999 0.4246044125000001 0.5410818470711851 0.580019387050121
4 0.49689714843749994 0.03249891249999999 0.4906566679115814 -0.002892615837636925 0.4706527593749999 0.0006346125000000092 0.4768932399009184 0.03602614083763692
4 0.6352402001477035 0.4031697164626687 0.5920994811305004 0.15850653994728373 0.4489946044202969 0.18373979067211516 0.4921353234375001 0.42840296718750015
4 0.4996211875 0.29539486875 0.4935163687500001 0.2607727203125 0.47120431708515104 0.26470693691954933 0.47730913583515094 0.2993290853570493
4 0.5369964562499999 0.9932568124999998 0.49453405000000006 0.7524405406250001 0.3106519763976378 0.7848639115650203 0.3531143826476377 1.02568018344002
4 0.704699471875 0.7970928171875002 0.6543686326928387 0.5116524446338666 0.5389614734375 0.532001840625 0.5892923126196613 0.8174422131786336
4 0.8686442859374999 0.9395381640625002 0.8177707968419199 0.6510202669998943 0.6939004468750001 0.6728619515625 0.7447739359705801 0.961379848625106
4 0.5256571437499999 0.5240348265625 0.49608268764621766 0.35630975622421796 0.3952937688962176 0.37408156247421787 0.424868225 0.5418066328125001
4 0.5119017160085394 0.18058059055737163 0.5038976202653849 0.13518710754529675 0.46850609062500004 0.1414275890625 0.47651018636815456 0.18682107207457488
4 0.6243679220137482 0.8049110210993804 0.5771573234375001 0.5371664124999999 0.4779071670487518 0.5546668929631194 0.5251177656249999 0.8224115015625001