3 0.4634358609375001 0.9882941015625001 0.380818909375 0.46667119687499997 0.15858903278558442 0.5018689513925617 0.2412059843480845 1.0234918560800617
1 1.0305084986373454 0.6532722222433822 0.9742898625 0.29832172500000004 0.7597762998272706 0.3322973357403189 0.8159949359646157 0.6872478329837011
4 0.7536368620909025 0.23360519044231895 0.7103729549728393 -0.039552365917669065 0.0683755328125 0.0621300375 0.11163943993056327 0.335287593859988
4 0.10376974534240183 0.3555177517512925 0.07883800156250001 0.198104921875 0.02019400622009819 0.20739321856120757 0.04512575 0.36480604843750003
4 0.1528376125 0.7052729125 0.09955212329119123 0.3688415709512429 -0.01773586678334842 0.3874181634312096 0.03554962242546035 0.7238495049799667
4 0.42750025003143327 0.41181829707346196 0.388391634375 0.1648962109375 0.25875753903106674 0.18542823417653803 0.29786615468750005 0.4323503203125
4 0.164714309375 1.0000000000000002 0.11839696849537318 0.7075638202673493 0.02888771157640695 0.7217406938962828 0.07520505245603377 1.0141768736289336
1 1.026153887183852 0.9228979733751258 0.9999999999826258 0.757768829577805 0.6245967078125 0.8172268703125003 0.6507505950137263 0.9823560141098211
4 0.2580509390625 0.9999999999999998 0.1908728953125 0.575854528125 0.01031112019148549 0.6044527040645795 0.07748916394148549 1.0285981759395793
4 0.7095479704638841 0.9540597040808004 0.6481963280732015 0.5667006824854569 0.45528844823431747 0.5972542893421566 0.5166400906249999 0.9846133109374999
4 0.7882357798252632 0.05252584149480186 0.7779808187503049 -0.012221441295926883 0.7008176670500419 2.17712292638339e-11 0.7110726281250002 0.06474728281249997
4 0.8505938546875 0.5061684828125 0.7704211921250219 -0.00002179270268418687 0.55590763125 0.03395381718749999 0.6360802938124781 0.5401440927026842
4 0.9285816679211528 0.009731537383800792 0.9248336610939422 -0.013932445337277976 0.8368676666102892 9.142122614491654e-11 0.8406156734374999 0.023663982812499994
4 0.6192434218782064 0.49376951095774463 0.5732907968750001 0.20363606093750003 0.35260418280929356 0.2385893874797554 0.39855680781249997 0.5287228374999999