1 0.985662821875 0.6398093812500002 0.8886245678253071 0.027133957711481325 0.5074385975128071 0.08750788427398135 0.6044768515625002 0.7001833078125002
4 0.5581548125300823 0.997021745502432 0.5332230703125 0.839608915625 0.41439181636497907 0.8584299367140591 0.43932355858256134 1.0158427665914913
4 1.0417973325911223 0.8935266905226685 0.9999999999787714 0.629628712365968 0.9103640515625002 0.6438256515624999 0.9521613841748511 0.9077236297192005
4 0.22754701093750002 0.48778312812499997 0.2148367109375 0.40753344999999996 0.15927924207699845 0.41633288836482063 0.1719895420769985 0.49658256648982063
4 0.22109134843749997 0.23727130000000005 0.2056923296875 0.140045728125 0.1439618080666296 0.14982288285451095 0.1593608268166296 0.247048454729511
4 0.9896741968749998 0.8748885796875001 0.9378552809982356 0.5477168169798998 0.7650098200607357 0.5750928482298999 0.8168287359375 0.9022646109375001
4 0.278436509375 0.2297706953125 0.2649929230655982 0.1448912279364278 0.20789219025309819 0.15393509512392778 0.22133577656249998 0.2388145625
4 0.19587634531249998 0.8471620624999998 0.18732133610734897 0.7931478559756229 0.1502830218367629 0.7990141481960803 0.1588380310419139 0.8530283547204573
4 0.11426550171002141 0.9012193462439138 0.10302177486786483 0.8302292460407313 0.0644401984375 0.8363399671874999 0.07568392527965659 0.9073300673906823
4 0.5749009609781386 0.5134484815065817 0.5568132265625 0.39924701718750005 0.4904529155843614 0.4097574575559183 0.50854065 0.523958921875
4 0.46370791718750015 1 0.4271837015625001 0.7693951796875002 0.3191552889767846 0.7865051994588139 0.35567950460178455 1.0171100197713137
4 0.2797399125 0.57759914375 0.23452057541721255 0.29209548252513884 -0.03246392774396388 0.33438167315586864 0.012755409338823553 0.6198853343807298
4 0.33359095000000005 0.9076130031250003 0.313547784375 0.781065434375 0.202432846699522 0.7986643113920755 0.22247601232452202 0.9252118801420757
4 0.9660080000000001 0.30596135 0.9396096827687644 0.13928894191136504 0.7852833796874998 0.16373182812499998 0.8116816969187355 0.33040423621363496
4 0.7936654328182964 0.8758757594115961 0.7555345312500001 0.6351267265624999 0.6536791703067037 0.651259031213404 0.691810071875 0.8920080640625002
4 0.4167597390625001 0.3739700078125 0.3967165733222397 0.2474224383347745 0.29177468749999996 0.2640436 0.31181785324026035 0.39059116947772543
4 0.15103556250000003 0.6739187937499999 0.12561496239171607 0.5134194388321748 0.01912981239171605 0.5302850294571748 0.04455041249999999 0.6907843843749999
4 0.2804924531399057 0.4525037891566105 0.2496944187266686 0.25805264672769096 0.11543053437499999 0.27931795625 0.14622856878823712 0.4737690986789195
4 0.9337721094299442 0.16236119878440353 0.903333547226951 -0.029820319765162084 0.7150554565470069 2.0043444681761002e-10 0.7454940187500001 0.19218151875000006
4 0.7565024578124999 0.9608606343749997 0.7276598530176842 0.7787555961974345 0.6072853359374999 0.797821046875 0.6361279407323156 0.9799260850525652
4 0.5351882906250001 0.5323941640625001 0.5080566874949872 0.36109196743576966 0.4062013265574872 0.37722427212326964 0.4333329296874999 0.5485264687500001