4 1.029574455407065 0.9143350411844379 1 0.7466099703125 0.8080678577422482 0.7804527855390818 0.8376423131493131 0.9481778564110197
4 0.42726228600419836 0.24944934412826553 0.41613795 0.18636009687499996 0.37305261087080155 0.19395720430923444 0.384176946875 0.2570464515625
4 0.481843746875 0.23506534843749996 0.4704480842705804 0.17043733847030715 0.42659336406249987 0.178170109375 0.43798902666691947 0.2427981193421928
4 0.5053823955300155 0.1975961637335923 0.4961573358878123 0.14527825128070745 0.4599964262952968 0.15165439535961514 0.46922148593749996 0.20397230781249998
4 0.6933939687971564 0.08511444557993815 0.6848472218749999 0.036643439062500026 0.6540719796403434 0.042069945045061896 0.6626187265625 0.09054095156250001
4 0.2919667063871517 0.09401934452782601 0.2840982734375 0.049395242187499994 0.2540924108003483 0.05468608515967401 0.26196084374999995 0.09931018750000002
4 0.9493147812499998 0.4477459500000001 0.9436169499578007 0.41543194559545193 0.9205355171453007 0.4195018252829518 0.9262333484374998 0.45181582968750006
4 0.065129321875 0.1752686015625 0.05997414058939978 0.14603212011060113 0.036123328125 0.15023766249999998 0.04127850941060022 0.17947414395189884
4 0.09355182656250001 0.16549713437500002 0.08839664571613275 0.13626065332933956 0.06531521290363276 0.14033053301683956 0.07047039375000001 0.16956701406250002
4 0.3058709453125 0.3438377000000001 0.29800251143539697 0.2992135983497074 0.26645788799789705 0.3047757670997074 0.274326321875 0.34939986875000006
4 0.9848734187500001 0.5414320609375001 0.9786329375000001 0.50604053125 0.9570902670385207 0.5098390850925958 0.9633307482885207 0.5452306147800957
4 0.9231483111496814 0.5063043449533394 0.9177218062500001 0.4755291015624998 0.8946403747878188 0.47959898004666046 0.9000668796875001 0.5103742234374999
4 0.14458254862359007 0.9498010823053693 0.1395630311688869 0.9213339823524848 0.11878974192029683 0.9249968734846155 0.12380925937500002 0.9534639734375
4 0.34805590625 0.9520017375000001 0.3397804843193352 0.9050694918718094 0.314390909375 0.9095463593750001 0.32266633130566474 0.9564786050031907
4 0.11854283441013738 0.748134054886774 0.11393030468750003 0.7219751000000001 0.09777330308986262 0.724824015425726 0.10238583281249998 0.7509829703124999
4 0.6946088125369969 0.4609254033348198 0.6904032703125 0.437074590625 0.6750156499630031 0.4397878435401802 0.6792211921875 0.46363865625
4 0.17942391406250002 0.9944289390625001 0.17386174498169982 0.962884315311439 0.15770474192029668 0.9657332312971152 0.1632669110010969 0.9972778550481761
4 0.033844268749999996 0.5917154578125 0.029910053125000013 0.56940340625 0.013753049860700872 0.5722523210849951 0.017687265485700855 0.5945643726474952
4 0.6306464531249999 0.2421461015625 0.5853900172947406 -0.014515902309374207 0.50306624375 0 0.5483226795802593 0.2566620038718742
4 0.5243188156249999 0.7099034875 0.5076323110687901 0.61526961716435 0.3853007234375 0.6368399765625 0.4019872279937098 0.73147384689815
4 0.2828561625 0.5192490687500001 0.2796002593140886 0.5007839230920543 0.26805954374999996 0.5028188625000001 0.27131544693591136 0.521284008157946
4 0.6319279470912915 0.7892985481016499 0.5999115640625001 0.6077246171875001 0.5106633622837085 0.6234614831483504 0.5426797453124999 0.8050354140625002
4 0.39520736730932277 0.9944589928783915 0.39195146406250003 0.975993846875 0.3781026045656771 0.9784357743091086 0.38135850781249997 0.9969009203124999
4 0.07421635493394918 0.5687307295226829 0.05766551406249999 0.47486623906250003 -0.00927063845171725 0.48666888778917483 0.0072802024197319406 0.5805333782493577
1 0.3262569375304637 0.8463698017352683 0.30862079375 0.7463502640625 0.20937063746953627 0.7638507451397317 0.22700678124999998 0.8638702828125002
4 0.9544145812499998 0.22472214687499995 0.9230765108256499 0.046995122803166846 0.8353670703124999 0.06246066406250006 0.8667051407368499 0.24018768813433317
4 0.3296884328125 0.2539614140625 0.29210988119114567 0.04084286060372032 0.18747405781249998 0.059292979687500004 0.22505260943385436 0.2724115331462797
4 0.9047132187500001 0.29377679375 0.8683556312230731 0.08758267015978913 0.7383302328125 0.11050965624999995 0.7746878203394271 0.3167037798402108
4 0.967984601754849 0.27468732140336527 0.9434296639876457 0.13542934957548036 0.8888036091077967 0.14506139692211514 0.9133585468749998 0.28431936875
4 0.05739043128796251 0.5003004095902962 0.035141759374999984 0.37412191562499997 -0.022248671912962526 0.3842413966597037 0 0.5104198906249999
4 0.6244134859374999 0.15280870937500005 0.6141031249937919 0.09433574840229304 0.5887135499999998 0.09881261562500006 0.5990239109437078 0.15728557659770706
4 0.9226732800053057 0.01771404838146229 0.9183298457125464 -0.006918793820538949 0.8790914125 0 0.8834348467927594 0.024632842202001237
4 0.0895776796875 0.7548279984374999 0.06895695937500002 0.6378820765625 0.01894719049296111 0.64670014768867 0.039567910805461085 0.7636460695636701
4 0.6680114228652718 0.36407257951288824 0.6412858827653849 0.21250451067029674 0.5374194390624999 0.2308189671875 0.5641449791623869 0.3823870360300915
4 0.3362593765625 0.5161790578125001 0.30247937936479646 0.32460317321889043 0.1909191246772965 0.3442742560313904 0.22469912187500002 0.535850140625