4 1.0171451627455534 0.982245665443406 0.9981685609314654 0.43882690295219184 0.7436362091234122 0.4477153687587857 0.7626128109375001 0.9911341312499999
4 0.7182845859375 0.34853971250000004 0.7115500734213032 0.15568851359868344 0.547587515625 0.16141421250000004 0.5543220281411969 0.3542654114013166
4 0.38817825156249997 0.2975291828125 0.3781719109233997 0.010985093346219898 0.129885753125 0.019655437499999998 0.13989209376410033 0.3061995269662801
4 0.4643030031250001 1.0000000000000002 0.46015826562058726 0.8813102404986332 0.32742667031250006 0.8859453296874997 0.3315714078169129 1.004635089188867
4 0.6579890836765079 0.9947876718448283 0.655562478125 0.925298778125 0.5688965538234921 0.928325218780172 0.571323159375 0.9978141125000002
4 0.7360119610013955 0.9904996018297287 0.7342397218750001 0.9397492843750003 0.6889548249361045 0.9413306669202719 0.6907270640625 0.9920809843750004
4 0.7786397250473194 0.8232850513550447 0.7773037296875001 0.7850271203125 0.7452919921401808 0.786144993957455 0.7466279875 0.8244029249999999
4 0.7914097390625 0.9651132812500001 0.773005707972393 0.43809077493985277 0.4786538781230969 0.44836976713300275 0.49705790921320386 0.9753922734431498
4 0.9996012781354342 0.882797356548792 0.9976654468750003 0.8273623968750001 0.9570651953020659 0.8287801887637084 0.9590010265624999 0.8842151484375002
4 0.9809866218750001 0.7974575125000001 0.9791598515625 0.7451456484375 0.9377788249753143 0.7465907055430915 0.9396055952878145 0.7989025696055915
4 0.09833019375 0.8173363874999999 0.09538554843750001 0.7330127859375001 0.051662199999365645 0.7345396390443344 0.05460684531186564 0.8188632406068341
4 0.33115948750794444 0.6794392580399984 0.3165725875 0.2617251234375 0.010509145304555587 0.2724130950850017 0.0250960453125 0.6901272296875001
4 0.4909876796875001 0.8239493671875 0.4889427874790962 0.7653913103388913 0.459273371875 0.7664273890625 0.46131826408340393 0.8249854459111088
4 0.28457580937500004 0.912456953125 0.28280356875 0.8617066375 0.2554764765279385 0.862660920885288 0.2572487171529385 0.913411236510288
4 0.15161251875 1 0.14967540156250003 0.9445281968750001 0.09111734528759599 0.9465730883493423 0.09305446247509597 1.0020448914743423
4 0.328110690625 0.23396178750000002 0.3254114324790322 0.15666515308208123 0.26294950435403225 0.15884637183208122 0.2656487625 0.23614300625
4 0.034807378124999996 0.6100520296874999 0.03259889373052068 0.5468093275671853 0.0021487046875 0.547872671875 0.004357189081979312 0.6111153739953147
4 0.9577170402656462 0.5340466452704853 0.956053860935597 0.48641942650800274 0.9248228968750001 0.4875100359375001 0.9264860762050493 0.5351372546999825
4 0.2674879390625 0.37835294999999997 0.2653885156019249 0.3182333446517155 0.21932284531249996 0.31984199375 0.22142226877307508 0.3799615990982845
4 0.24210168593750003 0.8154426812500002 0.23923883750000002 0.7334614015625001 0.1970770358899379 0.7349337236379989 0.19993988432743787 0.816915003325499
4 0.5836643265625001 0.8363475515625 0.5815103734186576 0.7746663978979227 0.5424716687500001 0.7760296593749999 0.5446256218938426 0.8377108130395771
4 0.218281890625 0.89444710625 0.2166187109107179 0.8468198867330617 0.17367613593749995 0.848319475 0.17533931565178204 0.8959466945169383
4 0.32958798749999996 0.41058032187499993 0.3279793390625 0.36451465 0.30221379372878754 0.36541440251755536 0.3038224421662875 0.4114800743925553
4 0.179867765625 0.6002960515625001 0.1778774030889837 0.5432995427186283 0.14196179531250003 0.5445537437500001 0.1439521578485163 0.6015502525938718
4 0.3834044484523652 0.8323966124449171 0.38133229062309687 0.7730577827580027 0.3407320374832317 0.7744755750005855 0.34280419531250006 0.8338144046875
4 0.17245168907522873 0.8804130081770033 0.170597653125 0.8273203703124998 0.13546281873727123 0.8285473058854965 0.13731685468749996 0.88163994375
4 0.298064603125 0.8510112703124999 0.2967286081505365 0.812753340558632 0.2764284812480969 0.8134622358830029 0.27776447622256045 0.8517201656368709
4 0.21508933749999998 0.4896244187499999 0.2134806890625 0.44355874687499985 0.17756508121119358 0.44481294732623045 0.17917372964869355 0.4908786192012305
4 0.12250198282296906 0.9274974112372943 0.11914835937500001 0.8314621984375 0.047317143739530956 0.8339705997002058 0.05067076718750001 0.9300058125000001
4 0.9314433734422867 0.5427814048245683 0.9292348890146925 0.4795387033184685 0.894100054634906 0.48076563911890036 0.8963085390625002 0.544008340625
4 0.3668173024005834 0.5812600109082335 0.36537224531059687 0.5398789843205029 0.3224296703124999 0.5413785718749999 0.32387472740248646 0.5827595984627307
4 0.7080478500355724 0.9508263666436582 0.706221079666672 0.8985145025285641 0.6765516640625 0.89955058125 0.6783784344314003 0.951862445365094
4 0.2539842859402728 0.5289159391419019 0.25196665776267857 0.47113865638580243 0.20355866400990577 0.47282910161890035 0.2055762921875 0.5306063843749999
4 0.25218975625 0.611841584375 0.2505265765625 0.5642143640625 0.21695329059310708 0.5653867693992076 0.2186164702806071 0.6130139897117076
4 0.32885428125 0.21048403437499993 0.32713657186768696 0.16129526697808352 0.3029325749999999 0.1621404890625 0.30465028438231295 0.21132925645941647
4 0.17819121250000003 1.0000000000000002 0.17717600464225872 0.9709282705794594 0.15375278086920524 0.9717462281382978 0.15476798872694655 1.0008179575588385
4 0.9169630797313971 0.30720575438204867 0.9142365577999968 0.22912834495445447 0.8728555312499997 0.2305734015625 0.8755820531814 0.30865081099009417
4 0.6840048906577226 0.3966403587495525 0.6711629671875 0.028895764062500006 0.4252191312172774 0.037484311562947535 0.43806105468749995 0.40522890624999997
4 0.18088400939076993 0.5846260395140919 0.17747585465067575 0.4870292786329923 0.1040830905724058 0.4895922109939003 0.10749124531249998 0.587188971875
4 0.05077982815857098 0.933128908773847 0.04829869216657373 0.8620784665882502 0.012383084320502755 0.863332667189403 0.0148642203125 0.9343831093749999
4 0.7081172406346299 0.8632706080882627 0.7028005203125 0.7110196609375 0.60598453436537 0.7144005497242374 0.6113012546874999 0.8666514968750001
4 0.22796350159101025 0.9926065195664272 0.22507338747401304 0.9098444664433302 0.18056926557050273 0.9113985843769029 0.18345937968749998 0.9941606374999999
4 0.7669851328125 0.89248394375 0.7635497140402216 0.7941064093212142 0.7081147531027217 0.7960422405712144 0.711550171875 0.894419775
4 0.68150153125 0.9517533843750001 0.6788840687230685 0.8767990711037845 0.633599171875 0.8783804546875 0.6362166344019314 0.9533347679587157
4 0.24683588702529818 0.6823839030870132 0.24500911556859967 0.6300720390099059 0.21612047343750002 0.6310808531250001 0.2179472448941985 0.6833927172021074
4 0.21965503649422263 0.7099117702930587 0.21755561406249999 0.649792165625 0.18398232807240586 0.6509645703689004 0.1860817505041285 0.7110841750369591
4 0.8913735 0.1564444765625 0.8892468111745979 0.09554409842922036 0.8509888799245976 0.09688009530422036 0.8531155687499998 0.15778047343749999
4 0.1059198125 0.8108175421875001 0.10480193913948418 0.778805804630248 0.08450181249809689 0.7795146999455029 0.08561968585861271 0.811526437502755
4 0.2955958062736364 0.37737140223935656 0.29322373125 0.30944405624999993 0.24559651247636358 0.3111072352606433 0.2479685875 0.37903458124999995
4 0.32640041093750005 0.14021436718750002 0.32427372187500003 0.07931398750000002 0.2664964391150143 0.08133161556631324 0.2686231281775143 0.14223199525381325
4 0.96507865157164 0.7448556486992342 0.9610706624999998 0.6300818578125 0.8923625437408601 0.6324811981757659 0.8963705328125002 0.7472549890625
4 0.5590117140625 0.9810460609374999 0.5539676452755196 0.836602855191017 0.4555901109375 0.8400382750000002 0.46063417972448056 0.9844814807464832
4 0.9882985468750001 0.156186684375 0.984890392125104 0.05858992321321055 0.9317977546330025 0.0604439593769031 0.9352059093828986 0.1580407205386925
4 0.41875491699379574 0.7701875030772005 0.41466513124809695 0.6530713905705027 0.33268385156249997 0.6559342406249999 0.3367736373081988 0.7730503531316979