4 0.4251816062503969 0.15879352030682395 0.345688221875 0.15323480156250005 0.3371321546871031 0.27559226719317614 0.4166255390625001 0.28115098593750004
4 0.9921714734662007 0.6182138589645602 0.9274856796875002 0.6136905875 0.9128259202837994 0.8233349082229399 0.9775117140624999 0.8278581796875001
4 0.4262284625 0.3006182734375 0.3888198109663485 0.2980024058374481 0.38511399843749994 0.35099799687500005 0.4225226499711516 0.353613864475052
4 0.952221725 0.1815509171875001 0.9171511140696408 0.1790985405228831 0.913390803125 0.23287347812500014 0.9484614140553592 0.23532585478961715
4 0.07190380633931574 0.3502414643477263 0.03137776718750005 0.3474076078125 0.02718147957877105 0.40741732030489697 0.06770751873058675 0.41025117684012324
4 0.5403190953125001 0.5505920078125001 0.5075865250025344 0.5483031234012571 0.5041531984375001 0.5974019781250001 0.5368857687474657 0.599690862536243
4 0.2765213546875 3.608224830031759e-17 0.21105621347222897 -0.004577768757433256 0.20841380722222894 0.03321039999256674 0.2738789484375 0.03778816875000003
4 0.5527569640797133 0.86550799819134 0.5169070062500001 0.8630011250000003 0.5129832046702869 0.9191141033711606 0.5488331625000001 0.9216209765625003
4 0.7649954256481959 0.8654691609828264 0.7065444069057989 0.8613818671240974 0.7016941515625 0.9307437421875001 0.760145170304897 0.9348310360462291
4 0.47775869374999996 0.51567420625 0.44736416399614054 0.5135488134489841 0.44420332337114055 0.5587509353239841 0.47459785312499997 0.5608763281250001
4 0.0692448500000001 0.5450618078124999 0.039629667205860836 0.5429909122374288 0.03668681562500005 0.5850756453125 0.06630199841913931 0.5871465408875711
4 0.5480473859547133 0.6192671450663397 0.5121974281250001 0.6167602718750002 0.508273626545287 0.6728732502461605 0.5441235843750001 0.6753801234375001
4 0.7230567093889038 0.5132481716761675 0.6778545874999999 0.51008733125 0.672132376461374 0.591918757696168 0.7173344983502778 0.5950795981223355
4 0.5035163437500001 0.8417026578125002 0.4700044266089137 0.8393592758987554 0.4661896187500002 0.8939135609375001 0.49970153589108657 0.8962569428512449
4 0.48145989218750007 0.7203371875000002 0.45340340321577555 0.7183752862018501 0.45073303750000016 0.7565632859375002 0.4787895264717246 0.7585251872356503
4 0.28586056562500006 0.8296153140625 0.251569301558952 0.8272174344257403 0.24829946562145203 0.87397825005074 0.2825907296875001 0.8763761296874998
4 0.5793680047133352 0.49615205900554055 0.54429739375 0.49369968281250004 0.5417905202866649 0.5295496409944596 0.57686113125 0.5320020171875
4 0.9022722765625002 0.05588550468750012 0.8679810124384575 0.05348762588009842 0.8624767905634576 0.13220166494259844 0.8967680546875002 0.13459954375000013
4 0.6370952640625002 0.8353802515625002 0.6067007344193956 0.8332548587401156 0.6037578828125001 0.8753395921875 0.6341524124556047 0.8774649850098848
4 0.7285171156250001 0.3679626625000001 0.6957845453217311 0.36567377799298983 0.691915240625 0.4210074078125 0.724647810928269 0.4232962923195103
4 0.9735960531250001 0.03267927031250012 0.9385254407371892 0.030226893708118784 0.9358550751121891 0.06841489370811879 0.9709256875 0.07086727031250013
4 0.9274101828920831 0.8611631532398258 0.8853254484375002 0.8582203015625002 0.8810201655378143 0.9197887078064033 0.9231048999923971 0.922731559483729
4 0.5099683812500001 0.6150380859375 0.4858086266168645 0.6133486710975514 0.4824297969293644 0.6616681804725515 0.5065895515625 0.6633575953125
4 0.20011456719862908 0.3646889389033471 0.15569179218750004 0.3615825953124999 0.15209497333637415 0.4130194920711679 0.19651774834750316 0.41612583566201505
4 0.3242775969595179 0.8738090534788381 0.28920698593750005 0.871356678125 0.28610064366548216 0.9157794543336617 0.3211712546875001 0.9182318296875
4 0.8047741625000002 0.6661960656250001 0.7564546530427172 0.6628172371142018 0.7517133936677172 0.7306204199267017 0.8000329031250002 0.7339992484375
4 0.13456252043945283 0.45095138880949015 0.10416799062500004 0.44882599687499997 0.10078916237304725 0.49714550650300976 0.13118369218750003 0.49927089843749994
4 0.6394539406949517 0.4768589443121451 0.6082800640625 0.47467905468750005 0.605010229578771 0.521439870304897 0.6361841062112228 0.5236197599295421
4 0.09030360156764719 0.5574985874263932 0.06692319375000007 0.5558636703125 0.06408933749485297 0.5963897094486068 0.0874697453125001 0.5980246265625
4 0.8134997890625002 0.7318083125000001 0.7862226469039035 0.7299009089616599 0.7822988453125002 0.7860138875000001 0.8095759874710966 0.7879212910383403
4 0.1621189421936134 0.8632529749125762 0.13640049375000007 0.861454565625 0.1336756312438868 0.9004219110249239 0.15939407968750008 0.9022203203125001
4 0.3057342219048921 0.0862220120725246 0.2768983859375 0.08420561406250003 0.274119026532608 0.12395230667747548 0.30295486250000003 0.12596870468750004
4 0.5375735953125002 0.9482441515625 0.5063997187964108 0.946064261836297 0.503620359375 0.9858109546875001 0.5347942358910894 0.9879908444137031
4 0.31141479531250005 0.6097686015625001 0.29193112187500003 0.6084061703125001 0.2899147236762775 0.637242006266697 0.3093983971137776 0.638604437516697
4 0.9697000438064018 0.25638994606841503 0.9478783296875 0.2548640234375001 0.945752937443598 0.2852585539315852 0.9675746515624999 0.28678447656250017
4 0.35952238153149535 0.806572571894684 0.33146589247659847 0.8046106717859551 0.32874103125000004 0.8435780171875003 0.3567975203048969 0.8455399172962291
4 0.3260980953143652 0.9373721327858286 0.2894687906250001 0.9348107625000001 0.28598096718563504 0.9846889656516715 0.3226102718750001 0.9872503359375001
4 0.44776275626082035 0.7430419014077648 0.4142508390625002 0.7406985203125 0.41070851873918 0.7913560704672353 0.4442204359375002 0.7936994515625001
4 0.9754572046874997 0.8684387156250001 0.9458420218804043 0.8663678202352145 0.9387573796875002 0.9676829203125001 0.9683725624945956 0.9697538157022858
4 0.33297506721639325 0.6598320214618092 0.31349139375000007 0.658469590625 0.311583990596107 0.6857467332256908 0.33106766406250016 0.6871091640625
4 0.2712474203339076 0.28821462781885787 0.16603558750000003 0.2808574999999999 0.15655306716609246 0.416463862806142 0.2617649000000001 0.423820990625
4 0.8060176437500001 0.9396050671875003 0.7779611547418646 0.9376431664100519 0.7740373531250001 0.9937561453125001 0.8020938421331358 0.9957180460899485
4 0.14025190937500007 2.2204460492503132e-17 0.037378117168239244 -0.007193636689740461 0.022428448365987088 0.2065965765574993 0.1253022405727479 0.2137902132472398
4 0.8642175390625002 0.8128874593750002 0.7808274200481993 0.8070562544846451 0.7673354796875002 1 0.8507255987018011 1.005831204890355
4 0.5962286547141437 0.008640644931479091 0.24630188855399493 -0.015828618179145056 0.22581092442496412 0.2772058218347896 0.5757376905851129 0.30167508494541373
4 0.5966176547619086 0.6414592942484092 0.51400688125 0.6356825859375002 0.49983759676627093 0.8383127843673968 0.5824483702781795 0.8440894926783059
4 0.2080024609375001 0.9126677687500001 0.01784181250000012 0.8993704421875 0.013100552667886145 0.9671736235147961 0.20326120110538612 0.9804709500772961
4 0.8425033687499999 0.36183651718750004 0.752878473490939 0.3555693336107867 0.7341859171951032 0.622885326453771 0.823810812454164 0.6291525100304846
4 0.9807434374999999 0.7928420656250001 0.9713912734375002 0.7921880984375 0.9669769954402387 0.8553151984464323 0.9763291595027385 0.8559691656339323
4 0.6685081296910461 0.587749535886789 0.5866767031250001 0.582027325 0.574523817183954 0.7558216875507109 0.65635524375 0.7615438984375