4 0.8638189469309226 0.4166056289247308 0.833132229789071 -0.022234875765961393 0.5151586890625002 0 0.5458454062043518 0.43884050469069213
4 0.6829541513347557 0.9884275483441648 0.6551605562387784 0.5909606217145243 0.4805868468750001 0.6031680046875001 0.5083804419709772 1.0006349313171405
4 0.4890884182488695 0.7247461233632818 0.46510962967989694 0.38183348114127097 0.3045641640625 0.39305991406249996 0.32854295263147254 0.7359725562845109
4 0.32242930625 0.3573517218750001 0.3072790718326723 0.1406932790821867 0.11555973124999996 0.1540996015625 0.13070996566732762 0.3707580443553134
4 0.8713830203125001 0.5695756125 0.8680041905610336 0.5212561037727362 0.8212433750000001 0.5245259390625 0.8246222047514665 0.5728454477897638
4 0.9163115656371137 0.8984927814232366 0.9115158078124999 0.829910253125 0.8663136859253863 0.8330710935767633 0.87110944375 0.901653621875
4 0.8173751609375 0.13321756406250002 0.8145413030253318 0.0926915234444695 0.7771326514628317 0.09530739219446951 0.779966509375 0.1358334328125
4 0.9672712094009672 0.1712915909963457 0.9636743921875002 0.11985469531249997 0.937176596849033 0.12170760119115424 0.9407734140624999 0.17314449687499997
4 0.5299436187996447 0.05463886164745187 0.5259247342560963 -0.002833857090762076 0.4853986951439516 1.1786055464924062e-11 0.48941757968750005 0.05747271875
4 0.24638101818649286 0.1433853702426436 0.23820643125000002 0.026483332812499993 0.11351092400100715 0.035202892257356386 0.12168551093749999 0.1521049296875
4 0.41127557968749995 0.12715587343750004 0.4032099874607087 0.011812529125608257 0.30968835781250004 0.0183521984375 0.3177539500392913 0.13369554274939177
4 0.2156317110717548 0.3084323816074329 0.19612169843750002 0.029426184374999997 -0.019510012634254774 0.04450462151756707 0 0.32351081875
4 0.6471612312499998 0.20777270000000003 0.6446543577963344 0.17192274195632323 0.6181565625000001 0.17377564843749999 0.6206634359536654 0.20962560648117673
4 0.5567327219118942 0.9753253942776106 0.5115000078125 0.32846745468750005 0.3353676046506059 0.34078383228488957 0.38060031875000006 0.987641771875
4 0.33613056722451357 0.3516946895918188 0.33340570468749997 0.31272734375000005 0.3053492155879865 0.3146892447831812 0.3080740781250001 0.353656590625
4 0.6219813261308271 0.5196639124209249 0.591462868742397 0.08322964051627106 0.3841565890625 0.09772590781250001 0.41467504645093023 0.5341601797171539
4 0.945719440625 0.9606553171875 0.9244655155931358 0.6567100198568218 0.7187179296874999 0.6710972921875 0.7399718547193641 0.9750425895181781
4 0.7972738171875002 0.6969304390625001 0.7831045327991533 0.49430024199663103 0.6552916390625 0.5032377906250001 0.6694609234508468 0.7058679876908691
4 0.30572037816121256 0.14080227395536307 0.297545790625 0.023900235937499993 0.23363934371378745 0.02836901041963692 0.24181393125 0.1452710484375
4 0.9597940421875002 0.1091618265625 0.9516652968244665 -0.0070846421839663495 0.8503501983869665 3.533651149467687e-12 0.8584789437500001 0.11624646875