4 0.35784206250000017 0.586594690625 0.014144417167069174 0.5805954261704878 0.009372274979569167 0.8539912808579879 0.3530699203125002 0.8599905453125001
4 0.1732999000000001 0.23644565625000008 0.0764396546962252 0.23475495418763653 0.07256740156250001 0.4565961625 0.16942764686627493 0.4582868645623635
4 0.9727180250000002 0.008175159375000126 0.8336767046978973 0.005748183779334041 0.8293408718749999 0.25414784687500014 0.9683821921771028 0.2565748224706662
4 0.9422098694876626 0.5921066547276496 0.682874371875 0.5875799359375 0.6781840367618617 0.8562890046746159 0.9375195343745242 0.8608157234647653
4 0.4352769781250001 0.35822383437500005 0.3837223312589869 0.3573239447976436 0.38230432343750004 0.43856157031250004 0.4338589703035132 0.4394614598898564
4 0.7836341396441114 0.3658671687601522 0.6680267490195875 0.3638492343578869 0.6642363046875003 0.5810036562500002 0.7798436953120242 0.5830215906522654
4 0.6192034010198502 0.5645902234553015 0.5770223260203261 0.5638539499905363 0.576176975 0.6122840734375 0.618358049999524 0.6130203469022653
4 0.2788405283658473 0.4570711969064775 0.2460330250000001 0.45649853906249993 0.2453240200711769 0.4971173515582876 0.27813152343702413 0.49769000940226527
4 0.7374946453125002 0.23379180781250009 0.6703173774992127 0.23261922498907692 0.6691720640625001 0.29823422968750013 0.7363493318757875 0.29940681251092327
4 0.6151394515625 0.17070930781250007 0.4057963399284349 0.16705521092534142 0.402578553125 0.35140212968750006 0.6119216647590652 0.3550562265746587
4 0.09673324687500008 0.056957046875000014 0.007684310942208628 0.05540269191774324 0.0034575562499999575 0.29755330625 0.09250649218279142 0.29910766120725674
4 0.8801126140625 0.3894295390625001 0.8348070156331611 0.388638726094943 0.8339071249999999 0.4401933734375 0.8792127234293388 0.4409841864050571
4 0.6091445471210408 0.8722740344065685 0.565401209375 0.871510490625 0.5643104325659835 0.9340009718706973 0.6080537703120242 0.9347645156522656
4 0.2546193328142637 0.23317687802396536 0.22024956875000004 0.23257695156249997 0.21937694843573646 0.2825693360385347 0.2537467125000001 0.2831692625000001
4 0.7446277687621223 0.004193828993024698 0.6040241859375001 0.001739584375000075 0.5986521171753778 0.3095052038194755 0.7392557000000001 0.3119594484375001
4 0.47995892812767293 0.126155796721873 0.43309106718749996 0.12533771562500004 0.431509443747327 0.2159489126531271 0.4783773046875 0.21676699375000003
4 0.5599263484495121 0.02128544774932612 0.5271188453125 0.020712790625000064 0.5263825718629878 0.06289386631317401 0.559190075 0.06346652343750006
4 0.24309502812500003 0.08764108593750002 0.2149743109239864 0.08715023671169574 0.21431984529898637 0.12464452577419571 0.24244056250000004 0.125135375
4 0.32849341406250004 0.029747675000000046 0.22694638126387057 0.027975164830355365 0.2234013609513706 0.2310692288928554 0.32494839375000006 0.23284173906250008
4 0.797091023447877 0.6692732337805137 0.7096043500000001 0.6677461484375001 0.7067683343477349 0.830221399999524 0.7942550077956116 0.8317484853425375
4 0.08341787968750011 0.7302647093750001 0.028738707820630094 0.7293102807842323 0.027402507812500077 0.8058611203124999 0.0820816796793701 0.8068155489032677
4 0.8754760078125002 0.028356126562500104 0.8176723125 0.027347159375000103 0.8163088433310399 0.10546026095746068 0.8741125386435401 0.10646922814496067
4 0.7291810312672393 0.4414908490123769 0.5745170906250001 0.43879117968750014 0.568163323420261 0.8027982322376234 0.7228272640625002 0.8054979015625003
4 0.735169651574664 0.9041658321156344 0.6679923843750002 0.9029932484375 0.666656184347735 0.9795440890620242 0.7338334515473988 0.9807166727401586
4 0.46808012187500003 0.0009294109375000512 0.4290235703125001 0.00024767656250005153 0.4281236809578409 0.05180232345967393 0.46718023252034085 0.05248405783467393
4 0.6820254734375 0.9048009359375 0.6429689218586409 0.9041192015622146 0.6421508406245242 0.9509870625272654 0.6812073922033834 0.9516687969025508
4 0.7519877656406009 0.4778319162937389 0.7129312140625002 0.47715018125000014 0.7119495156093996 0.5333916149562613 0.7510060671875002 0.5340733500000001
4 0.5328197687500003 0.9475159421875 0.5015745281250001 0.9469705546875 0.5009473325023458 0.9829025812718598 0.5321925731273459 0.9834479687718598
4 0.1546626437500001 0.8565273328125 0.04686656406567059 0.8546457451308631 0.044657743750000096 0.9811889687500001 0.15245382343432962 0.983070556431637
4 0.6783045703259224 0.6703252851685346 0.47677276874999996 0.666807534375 0.47281870778571056 0.8933355280972588 0.674350509361633 0.8968532788907935
4 0.17836136113470552 0.7522375484409423 0.03619551582268139 0.749756034351177 0.034041234375000104 0.8731747343750001 0.17620707968702423 0.8756562484647652
4 0.9591528734386197 0.33767609993585024 0.9169718 0.3369398265625001 0.9160991796863801 0.38693221100164993 0.9582802531249998 0.38766848437500007
4 0.9544862609426279 0.8736137825187413 0.9060561375000002 0.8727684312500003 0.9048017453073726 0.9446324846687594 0.9532318687500002 0.9454778359375003
4 0.9493007187616875 0.8125764852679254 0.9008705953125 0.811731134375 0.8998616281133124 0.8695348303570747 0.9482917515624999 0.87038018125
4 0.08671747500000007 0.5412310046874999 0.002355325000000065 0.5397584578124999 -0.0011624258539171192 0.7412902597802911 0.08319972414608287 0.7427628066552912
4 0.1873689750000001 0.9524252421874999 0.0608257515620242 0.9502164219022653 0.0600894781245242 0.9923974969022652 0.1866327015625001 0.9946063171874998
4 0.3834180093750001 0.01664174531250005 0.25999930938938653 0.014487463238295518 0.2567542515625 0.20039664531250007 0.3801729515481135 0.2025509273867046
4 0.03905444375000003 0.22785144062499998 0.004684678125000029 0.2272515140625 0.0023122413259763887 0.36316831094973556 0.036682006950976384 0.3637682375122356
4 0.4334076562552888 0.9129631996970142 0.3912265812500001 0.9122269265625 0.3897267656197115 0.9981513378029859 0.4319078406250002 0.9988876109375001
4 0.2362275015625001 0.8391981968750002 0.12062011093750011 0.8371802625000002 0.11849309905064323 0.9590367000107024 0.23410048967564326 0.9610546343857024
4 0.8373359718750002 0.7809301109375001 0.7061059609375 0.7786394828125001 0.7029972513408254 0.9567373547109044 0.8342272622783256 0.9590279828359044
4 0.5762745984032642 0.785749696901676 0.4544181593412401 0.7836226843744107 0.4518275671875001 0.9320375765625 0.5736840062495242 0.9341645890897652
4 0.6389366015691678 0.8665431043055147 0.5873819546875001 0.8656432140625003 0.5860730234107108 0.9406317921597591 0.6376276702923784 0.9415316824027734
4 0.22794034531552945 0.4186770187500528 0.15763855312850533 0.41744989684778766 0.15491161562500005 0.5736760984374999 0.22521340781202417 0.574903220339765
4 0.6595266093750002 0.9403511906250002 0.6110964859375001 0.9395058390625002 0.6102511343750001 0.9879359625000002 0.6586812578125002 0.9887813140625001
4 0.610713903147175 0.3347195502921109 0.4482386531250001 0.33188353437500007 0.4424575437227348 0.6630830843745241 0.6049327937449097 0.6659191002916349
4 0.7084124046875001 0.8255618828125 0.61936346875 0.824007528125 0.6174000733691625 0.9364903937760808 0.7064490093066624 0.9380447484635808
4 0.5238307046919649 0.03003182474420693 0.4472798656250001 0.028695625000000058 0.44384392343303525 0.22554063931829318 0.5203947625 0.22687683906250009
4 0.05532007344471609 0.3703445183365943 0.0022031640519731416 0.36941735937481623 -0.0007691984552428852 0.539703919163222 0.052347710937500055 0.5406310781250001
4 0.3066462765625001 0.9232524750000002 0.16916721873802323 0.9208527694361553 0.16788555780052322 0.9942790850611554 0.30536461562500017 0.9966787906250001
4 0.5540318015625001 0.0008669640625000683 0.44467346030712945 -0.0010418921783991522 0.4438826484371493 0.04426370627009788 0.5532409896925199 0.046172562510997106
4 0.7749976515625001 0.9501804359375001 0.7484391967702856 0.9497168562481724 0.7481119640625 0.9684640000000002 0.7746704188547145 0.9689275796893279
4 0.9675016640624999 0.21749100156250015 0.9003243968875122 0.21631841803318413 0.8975701890625001 0.3741068828125001 0.9647474562374878 0.3752794663418161
4 0.2972647984375001 0.8340126546875002 0.24727241250000015 0.8331400343750002 0.24560898007946305 0.9284380171943418 0.295601366016963 0.9293106375068418