4 0.5730832562500001 0.7761705375 0.49525554519814385 0.7693614950570979 0.48463343894814387 0.890772724744598 0.5624611500000001 0.8975817671874999
4 0.6249342921875002 0.6317024078125002 0.5797942187030827 0.6277531630362694 0.5728489952655826 0.7071374286612693 0.6179890687500003 0.7110866734375001
4 0.3266424797810871 0.8142115661177947 0.27838929843750004 0.809989959375 0.27185261706370634 0.8847045623524684 0.3201057984072934 0.8889261690952631
4 0.5336804187571611 0.5452953046056496 0.511888659375 0.5433887718750001 0.5094374030012063 0.5714067482899684 0.5312291623833674 0.5733132810206178
4 0.5083465453125001 0.45838157812500013 0.46787613583914567 0.45484087612419594 0.4625650827141457 0.5155464917491959 0.5030354921875001 0.51908719375
4 0.4313740218773738 0.37008699372286746 0.4064691546875 0.3679081 0.4037455374976262 0.39903918440213254 0.4286504046875 0.40121807812500004
4 0.7248042495750366 0.4224227766620216 0.6998993809725682 0.4202438827882279 0.6964948593750001 0.45915773906250007 0.7213997279774684 0.4613366329362938
4 0.6789818609375 0.30077870000000007 0.6494073296875 0.29819126406250007 0.6438239155865684 0.3620099860708388 0.6733984468365682 0.3645974220083388
4 0.6246358203287421 0.04350060918935235 0.5888350734375 0.04036845000000007 0.582706935921258 0.11041338924814778 0.6185076828125 0.11354554843750006
4 0.3316226062500002 0.7393607828125001 0.30360462971938024 0.7369095277606088 0.2995192046875001 0.7836061546875002 0.32753718121812003 0.7860574097393915
4 0.2916193046875001 0.7484086953125 0.2698275454213388 0.7465021628184678 0.2668315657338388 0.7807463565684678 0.2886233250000001 0.7826528890625
4 0.4296093171875001 0.8922326109375 0.390695460845307 0.8888280901162728 0.38511204678280697 0.9526468135537728 0.4240259031250001 0.9560513343749999
4 0.4085379770633827 0.9358746937938214 0.34938891613775164 0.9306998217831588 0.34435022500000007 0.9882923281249999 0.4034992859256311 0.9934672001356626
4 0.5574810234856308 0.9724325494498636 0.5263499388868297 0.9697089327971309 0.5237625031161468 0.9992834626011959 0.5548935877149479 1.0020070792539286
4 0.605948000145873 0.9562827686451651 0.5670341436140649 0.9528782482889063 0.5630848999979199 0.998018321898777 0.601998756529728 1.0014228422550358
4 0.608632103125 0.8718202999999999 0.5743879109834604 0.8688243213496699 0.5690768578125001 0.9295299359375001 0.6033210499540397 0.9325259145878301
4 0.5705162828727202 0.8951495618116827 0.51914999375 0.8906555937500003 0.5132942171272801 0.9575874256883177 0.5646605062500001 0.9620813937500001
4 0.5709248250602201 0.8904798993116824 0.5195585359375002 0.8859859312499999 0.51370275931478 0.9529177631883176 0.5650690484375002 0.95741173125
4 0.7449075078125003 0.8021824906250001 0.7013239892236406 0.7983694262831564 0.6957405735850317 0.8621881498762065 0.7393240921738913 0.8660012142180502
4 0.4831883672553314 0.42324268438093443 0.44894417351720034 0.4202467061202719 0.44445020625000015 0.47161299531250006 0.4786943999881311 0.4746089735731626
4 0.4893914172862499 0.6626333351387921 0.4090695561051991 0.6103190598232164 0.3762833685780225 0.6606580464062861 0.45660522975907336 0.7129723217218616