1 0.5878529360436525 0.16679655236968705 0.23197534843749995 0.11678121875000003 0.15521268415965822 0.6629759515322358 0.5110902717658108 0.7129912851519228
1 0.24996573437500005 4.4408920985006264e-17 0.08904717264769102 -0.022615629510527445 0.047378955284537325 0.273869135801813 0.20829751701184634 0.29648476531234047
4 0.8231503734375002 0.053124881250000144 0.5987927641971824 0.021593475604184786 0.5448631875 0.405322353125 0.7692207967403177 0.43685375877081534
4 0.612910778125 0.010954789062500091 0.4566340983795638 -0.011008466004035012 0.4264074405159479 0.20406537967217378 0.5826841202613842 0.22602863473870888
4 0.6977608078125 0.7881396406250001 0.4997071935530245 0.760305020284817 0.4660202609375001 1.0000000000000002 0.6640738751969757 1.0278346203401834
4 0.6483227521710793 0.5224232594605303 0.4641947828125 0.4965457609375 0.44179661189142083 0.6559170280394698 0.6259245812500001 0.6817945265625001
4 0.8406053531250002 0.6362288734375001 0.6069639804223134 0.6033927201961763 0.5754325750000001 0.8277503296875002 0.8090739477026869 0.860586482928824
4 0.22838716562500005 0.5801664734374999 6.661338147750939e-17 0.5480687515625 -0.046753462207128026 0.8807369315107556 0.18163370341787194 0.9128346533857554
4 0.42826341406249996 4.4408920985006264e-17 0.29983802338022114 -0.01804901052994013 0.2797239999427211 0.12506971134505987 0.4081493906249999 0.14311872187500002
4 0.4034739176008655 0.6142404453705947 0.35241322031250005 0.6070643328124999 0.34262761208663467 0.6766925577544054 0.39368830937500016 0.6838686703125002
4 0.15061272968750003 0.2915334078125001 0.02682922031250003 0.27413677031250006 -0.017749663076768774 0.5913320116309785 0.10603384629823123 0.6087286491309785
4 1.0013483828488519 0.2896016262892911 0.8837540484375002 0.27307482031250013 0.8585289237424829 0.4525609081336808 0.9761232581538348 0.4690877141104717
1 0.6523207626344307 0.04489490060597585 0.5223480796875 0.026628431250000067 0.48146598111556915 0.3175196775190243 0.6114386640625 0.33578614687500014
4 0.44324355470404353 0.6119404264447884 0.27923040468750004 0.58888988125 0.23008490310845664 0.9385782923052117 0.3940980531250001 0.9616288375000002
1 0.9381433766330589 0.7730096838729474 0.764846465625 0.7486543906249999 0.7295221428529854 0.9999999998739331 0.9028190538610443 1.0243552931218805
4 0.3093566265625002 0.6215252453125002 0.1159448936677752 0.5943429990225609 0.07071363585527517 0.9161801224600611 0.26412536875000014 0.9433623687500002
4 0.9454618516945438 0.10344960531046132 0.782995996875 0.08061651875000009 0.7458106842429563 0.3452037696895389 0.9082765390625 0.36803685625000016
4 0.8118675626662206 0.4365359472547799 0.7004624046875 0.42087897343750014 0.6743674482221583 0.6065542374697357 0.7857726062008789 0.6222112112870155
4 0.6984132656250002 0.4915944875000002 0.5684405813855014 0.47332801778585865 0.5493042796875001 0.6094898781250001 0.6792769639269989 0.6277563478391417
4 1.0273996979019926 0.21121440827075127 0.9739738429783943 0.20370589588817806 0.9465741450764019 0.3986649251174269 1.0000000000000004 0.4061734375000001
1 0.9659612438915397 0.6648914833678934 0.8220629156250002 0.6446678921875001 0.7961854170459606 0.8287958619446067 0.9400837453125002 0.8490194531250002
1 0.8619914140625001 0.8096428906250003 0.6376338038121807 0.778111485814482 0.6064494078125 1.0000000000000002 0.8308070180628195 1.0315314048105184
4 0.7181601000327121 0.42967764507974165 0.6609102265625 0.4216317000000001 0.6461230843422879 0.5268476830452585 0.7033729578125001 0.5348936281250001
4 0.7081236939313602 0.09691744714705554 0.624569825245606 0.0851747170024227 0.604346234375 0.22907304687500005 0.6879001030607541 0.24081577701963292
4 0.6377678328125 0.0586281765625001 0.5650450218871433 0.048407651476095076 0.54895313125 0.16290739687500005 0.6216759421753567 0.17312792196140508
4 0.9874728297781517 0.6016448056049806 0.9070135484375002 0.5903369906250001 0.8783090952218485 0.7945797803325195 0.9587683765625 0.8058875953125
4 0.803754771875 0.2697209328125001 0.7016333782615928 0.2553687068405914 0.6803224968749999 0.40700350625000004 0.782443890488407 0.42135573222190875
4 0.9192748781413753 0.34591473738348577 0.7691873734375 0.3248213140625001 0.7435273327961249 0.5074019891790144 0.8936148375000001 0.5284954125000001
4 0.4850662171875001 6.661338147750939e-17 0.403059642196612 -0.01152527416084167 0.39424049834674546 0.05122618592474533 0.4762470733376336 0.06275146008558706
4 1.0253606917669906 0.3545127048099446 0.9619216433545109 0.3455969280694178 0.9297378640625003 0.5745964187500003 0.9931769124749799 0.5835121954905271
4 0.9635274484375002 0.46889534375000014 0.8691425234570165 0.45563040767363266 0.8495713062499999 0.5948868546875001 0.9439562312304834 0.6081517907638676
4 0.6931190104798663 0.4955839954677789 0.6312272558226307 0.4868856765024372 0.6231813109375002 0.5441355484375001 0.6850730655947357 0.5528338674028419
4 0.6064622188456672 0.3824224196317937 0.5198137640625 0.3702447734375001 0.49197914365433293 0.5682983881807064 0.5786275984375002 0.5804760343750001
4 0.41046616406250014 0.09295294375000007 0.30215559375000006 0.07773088593750005 0.28171454460781525 0.22317650949555815 0.39002511492031533 0.2383985673080582
4 0.8979137370896983 0.767355776724431 0.8035288103421209 0.754090840541325 0.7800433498149226 0.9211985778793942 0.8744282765625002 0.9344635140625002