4 0.5515625 0.10468750000000007 0.4734375 0.10468750000000004 0.4734375 0.22656250000000008 0.5515625 0.22656250000000008
4 0.4453125 0.2796875000000001 0.4 0.2796875000000001 0.4 0.3593750000000001 0.4453125 0.3593750000000001
4 0.765625 0.1390625000000001 0.7171875 0.1390625000000001 0.7171875 0.2140625000000001 0.765625 0.2140625000000001
4 0.496875 0.425 0.475 0.425 0.475 0.453125 0.496875 0.453125
4 0.5328125 0.484375 0.4921875 0.484375 0.4921875 0.5453125 0.5328125 0.5453125
4 0.58125 0.609375 0.55625 0.609375 0.55625 0.640625 0.58125 0.640625
4 0.2968750000000001 0.5140625 0.2718750000000001 0.5140625 0.2718750000000001 0.553125 0.2968750000000001 0.553125
4 0.3343750000000001 0.615625 0.3046875000000001 0.615625 0.3046875000000001 0.6796875 0.3343750000000001 0.6796875
4 0.36406250000000007 0.871875 0.3281250000000001 0.871875 0.3281250000000001 0.9421875 0.36406250000000007 0.9421875
4 0.728125 0.2390625000000001 0.7 0.2390625000000001 0.7 0.28593750000000007 0.728125 0.28593750000000007
4 0.7625 0.2468750000000001 0.740625 0.2468750000000001 0.740625 0.2812500000000001 0.7625 0.2812500000000001
4 0.6640625 0.05937500000000008 0.625 0.05937500000000007 0.625 0.12343750000000009 0.6640625 0.12343750000000009
4 0.7109375 0.014062500000000084 0.6515625 0.014062500000000078 0.6515625 0.08593750000000008 0.7109375 0.08593750000000008
4 0.5328125 6.333720164340217e-17 0.5015625 6.142369101973443e-17 0.5015625 0.026562500000000065 0.5328125 0.026562500000000065
4 0.49375 5.807504742831589e-17 0.4546875 5.568315914873122e-17 0.4546875 0.037500000000000054 0.49375 0.037500000000000054
4 0.4765625 0.060937500000000054 0.4421875 0.06093750000000005 0.4421875 0.12187500000000004 0.4765625 0.12187500000000004
4 0.5359375 0.03750000000000006 0.484375 0.037500000000000054 0.484375 0.10468750000000004 0.5359375 0.10468750000000004
4 0.5359375 0.04218750000000006 0.484375 0.04218750000000006 0.484375 0.10937500000000004 0.5359375 0.10937500000000004
4 0.3453125 0.11093750000000005 0.3015625 0.11093750000000005 0.3015625 0.17500000000000004 0.3453125 0.17500000000000004
4 0.546875 0.5296875 0.5125 0.5296875 0.5125 0.58125 0.546875 0.58125
4 0.6393707368988302 0.36726419975847385 0.5722561498722893 0.2929870842448969 0.5314264176893223 0.329879612918324 0.598541004715863 0.404156728431901