4 0.721875 0.006250000000000065 0.3328125 0.006250000000000042 0.33281250000000007 0.99921875 0.7218750000000002 0.99921875
4 0.9421875 0.6765625000000002 0.8890625 0.6765625000000002 0.8890625 0.7250000000000002 0.9421875 0.7250000000000002
4 0.9140625 0.1343750000000001 0.871875 0.13437500000000008 0.871875 0.1851562500000001 0.9140625 0.18515625000000013
4 0.57265625 0.24687500000000004 0.3609375 0.246875 0.3609375 0.5109375 0.57265625 0.5109375
4 0.975 0.19218750000000012 0.9453125 0.19218750000000012 0.9453125 0.24375000000000008 0.975 0.24375000000000008
4 0.3937500000000001 0.6828125 0.3453125000000001 0.6828125 0.3453125000000001 0.77890625 0.3937500000000001 0.77890625
4 1 0.2375000000000001 0.975 0.2375000000000001 0.975 0.30156250000000007 1 0.30156250000000007
1 0.865625 0.0015625000000000964 0.7109375 0.0015625000000000868 0.7109375 0.12343750000000009 0.865625 0.12343750000000009
4 0.41953125 0.603125 0.3781250000000001 0.603125 0.3781250000000001 0.66171875 0.41953125 0.66171875
4 0.453125 0.2593750000000001 0.3640625 0.2593750000000001 0.36406250000000007 0.421875 0.453125 0.421875
1 0.2 1.2437819053840305e-17 0.003125 3.827021247335479e-19 0.0031250000000000167 0.2734375 0.2 0.2734375
4 0.2656250000000001 0.7 0.05468750000000009 0.7 0.0546875000000001 0.99453125 0.2656250000000001 0.99453125
4 0.9484375 0.7359375000000001 0.865625 0.7359375000000001 0.865625 0.84609375 0.9484375 0.84609375
4 0.91796875 0.2562500000000001 0.8359375 0.2562500000000001 0.8359375 0.3539062500000001 0.91796875 0.3539062500000001
4 0.965625 0.017187500000000112 0.86875 0.017187500000000105 0.86875 0.15312500000000012 0.965625 0.15312500000000012
4 0.76875 0.19687500000000008 0.6734375 0.19687500000000008 0.6734375 0.40703125000000007 0.76875 0.4070312500000002
4 0.95234375 0.8578125 0.86875 0.8578125 0.86875 0.99140625 0.95234375 0.99140625
4 0.28437500000000004 0.3125 0.08750000000000005 0.3125 0.08750000000000005 0.5765625 0.2843750000000001 0.5765625
1 0.79296875 0.02031250000000009 0.7109375 0.020312500000000087 0.7109375 0.0828125000000001 0.79296875 0.0828125000000001
4 0.40234375 4.137966723681487e-17 0.2734375 3.348643591418544e-17 0.2734375 0.09140625000000005 0.40234375 0.09140625000000005
4 0.4984375 0.004687500000000056 0.4234375 0.004687500000000051 0.4234375 0.13203125000000004 0.4984375 0.13203125000000004
4 0.596875 0.001562500000000066 0.484375 0.001562500000000059 0.484375 0.07031250000000007 0.596875 0.07031250000000007
4 0.67265625 0.03437500000000007 0.5671875 0.034375000000000065 0.5671875 0.1390625000000001 0.67265625 0.1390625000000001
4 0.69375 0.1281250000000001 0.603125 0.1281250000000001 0.603125 0.24765625000000008 0.69375 0.24765625000000008
4 0.55078125 0.21093750000000008 0.459375 0.21093750000000008 0.459375 0.3296875000000001 0.55078125 0.3296875000000001
1 0.10468750000000009 0.240625 2.9468063604483184e-17 0.240625 7.376583454239135e-17 0.9640625 0.10468750000000013 0.9640625
4 0.37265625 0.040625000000000036 0.240625 0.040625000000000036 0.240625 0.32578125 0.37265625 0.3257812500000001
4 0.5625 0.05156250000000007 0.484375 0.05156250000000007 0.484375 0.16484375000000007 0.5625 0.1648437500000001
1 0.028125000000000067 0.45 0.0015625000000000547 0.45 0.0015625000000000634 0.59140625 0.028125000000000077 0.59140625
1 0.73671875 0.017187500000000088 0.709375 0.017187500000000088 0.709375 0.07734375000000009 0.73671875 0.07734375000000009
4 0.44062500000000016 0.815625 0.4187500000000002 0.815625 0.4187500000000002 0.8453125 0.44062500000000016 0.8453125
4 0.99765625 0.3421875000000001 0.9171875 0.3421875000000001 0.9171875 0.4976562500000002 0.99765625 0.4976562500000002
4 0.4125000000000002 0.871875 0.3281250000000001 0.871875 0.3281250000000001 0.9890625 0.4125000000000002 0.9890625
4 0.99921875 0.8828125 0.925 0.8828125 0.925 0.99609375 0.99921875 0.99609375
4 0.65546875 0.0015625000000000753 0.571875 0.0015625000000000701 0.571875 0.05546875000000008 0.65546875 0.05546875000000009
4 0.28125 0.14843750000000003 0.171875 0.1484375 0.17187500000000003 0.33984375 0.28125 0.33984375
4 0.47890625 0.15000000000000005 0.390625 0.15000000000000005 0.390625 0.2929687500000001 0.47890625 0.2929687500000001
4 1 0.8171875 0.9546875 0.8171875 0.9546875 0.9390625 1 0.9390625
4 0.80859375 0.10468750000000009 0.7421875 0.10468750000000009 0.7421875 0.1789062500000001 0.80859375 0.1789062500000001
4 0.35625000000000007 0.703125 0.2984375000000001 0.703125 0.2984375000000001 0.81484375 0.35625000000000007 0.81484375
4 0.38750000000000007 0.584375 0.3187500000000001 0.584375 0.3187500000000001 0.715625 0.38750000000000007 0.715625
4 1 0.5296875000000002 0.9546875 0.5296875000000002 0.9546875 0.6539062500000001 1 0.6539062500000001
4 0.048437500000000105 0.7046875 0.001562500000000086 0.7046875 0.0015625000000001027 0.971875 0.04843750000000012 0.971875
4 0.99921875 0.001562500000000118 0.93125 0.0015625000000001137 0.93125 0.06171875000000012 0.99921875 0.061718750000000135
4 0.35078125 0.001562500000000039 0.2828125 0.0015625000000000348 0.2828125 0.04140625000000004 0.35078125 0.04140625000000005
4 0.46640625 0.575 0.4125 0.575 0.4125 0.678125 0.46640625 0.678125
4 0.93203125 0.5453125000000002 0.8796875 0.5453125000000002 0.8796875 0.6570312500000002 0.93203125 0.6570312500000002
4 0.8046875 0.1312500000000001 0.74375 0.1312500000000001 0.74375 0.3117187500000001 0.8046875 0.3117187500000001