4 0.8703125 8.754311103279908e-17 0.559375 6.850368032730508e-17 0.559375 0.4437500000000001 0.8703125 0.4437500000000002
4 0.6390625000000001 0.603125 0.471875 0.603125 0.4718750000000001 1 0.6390625000000002 1
4 0.4703125 0.37812500000000004 0.3156250000000001 0.378125 0.3156250000000001 0.7203125 0.4703125 0.7203125
4 0.3359375 0.12500000000000003 0.1484375 0.125 0.14843750000000003 0.3390625 0.3359375 0.3390625
4 0.865625 0.5515625000000002 0.81875 0.5515625000000002 0.81875 0.6000000000000002 0.865625 0.6000000000000002
4 0.88125 0.8640625 0.8359375 0.8640625 0.8359375 0.93125 0.88125 0.93125
4 0.85 0.12343750000000009 0.8125 0.12343750000000009 0.8125 0.1625000000000001 0.85 0.1625000000000001
4 0.9953125 0.16093750000000012 0.9703125 0.16093750000000012 0.9703125 0.21250000000000008 0.9953125 0.21250000000000008
4 0.56875 6.716422289073765e-17 0.528125 6.467665907996959e-17 0.528125 0.05937500000000007 0.56875 0.05937500000000007
4 0.2796875 0.004687500000000027 0.15625 0.00468750000000002 0.15625 0.12031250000000002 0.2796875 0.12031250000000004
4 0.4453125 0.004687500000000048 0.353125 0.004687500000000043 0.353125 0.11875000000000005 0.4453125 0.11875000000000005
4 0.2328125 0.006250000000000014 7.654042494670958e-19 0.00625 1.769997326892659e-17 0.2828125 0.2328125 0.2828125
4 0.6734375 0.1859375000000001 0.646875 0.1859375000000001 0.646875 0.22031250000000008 0.6734375 0.22031250000000008
4 0.5156250000000001 0.3296875 0.35 0.3296875 0.35000000000000003 0.9765625 0.5156250000000002 0.9765625
4 0.35 0.2984375 0.321875 0.2984375 0.321875 0.3375 0.35 0.3375
4 0.621875 0.09218750000000006 0.421875 0.09218750000000005 0.421875 0.5265625 0.621875 0.5265625
4 0.9046875 0.6937500000000001 0.703125 0.69375 0.7031250000000001 0.9953125 0.9046875 0.9953125
4 0.78125 0.51875 0.65625 0.51875 0.65625 0.7203125000000001 0.78125 0.7203125000000001
4 0.3375 0.006250000000000038 0.275 0.006250000000000033 0.275 0.12343750000000005 0.3375 0.12343750000000005
4 0.9921875 1.1538469060716468e-16 0.8921875 1.0926145661142792e-16 0.8921875 0.1484375000000001 0.9921875 0.14843750000000014