4 0.7561582625001388 0.982525460939487 0.6868922636538181 -0.008024467162586136 0.2987775015625 0.019115160937499997 0.36804350040882083 1.0096650890395733
4 0.9568055602992391 0.693606470247871 0.9534267312423971 0.645286962391271 0.9004311406250001 0.648992775 0.903809969681842 0.6973122828565999
4 0.8910914749999999 0.15703965312499998 0.8875491529832018 0.10638210265969453 0.8454644202037709 0.10932495469510309 0.8490067422205689 0.15998250516040854
4 0.5732422250888343 0.50584261377039 0.5548221562301052 0.24242335596549297 0.343619142078771 0.25719210938260306 0.36203921093749997 0.5206113671875
4 0.9559678281249999 0.21123988750000003 0.9523710093530882 0.1598029903116475 0.9227558265625 0.16187388593750002 0.9263526453344116 0.21331078312585255
4 0.41346433722669484 0.7856384733473508 0.40676117499239695 0.689778803016271 0.35844166562500007 0.6931576328125 0.3651448278592979 0.7890173031435798
4 0.9849397250195466 0.2671676471545271 0.98047095 0.20326119999999995 0.9555318484179534 0.20500511222047285 0.9600006234375 0.268911559375
1 0.8384666844292724 0.09885007733862763 0.8307998720642644 -0.01079045392081191 0.6764891828125 0 0.6841559951775079 0.10964053125943955
4 0.4310081969092585 0.6669380281226044 0.426920904679897 0.6084870092662711 0.3856155171875001 0.6113753625000001 0.38970280941686164 0.6698263813563334
4 0.44778946095537525 0.42533514400562816 0.43645403437499997 0.26323098437500003 0.3476084859196246 0.269443670056872 0.3589439124999999 0.43154782968750005
1 0.184926584375 0.2949163375 0.16585255074817862 0.022144917025921623 -0.019074033626821363 0.03507624202592165 5.551115123125783e-18 0.30784766250000006
4 0.3000160859375 1 0.2801472203125 0.7158619828125001 0.06972355311824172 0.7305762389658522 0.08959241874324178 1.014714256153352
4 0.9714874082454855 0.8139692640322227 0.9638032968673971 0.704081349891271 0.8811925234375 0.7098580578125 0.8888766348155885 0.8197459719534516
4 0.9067596140624999 0.3251061015624999 0.899947459375 0.22768773593749997 0.8181160327401761 0.2334099458407235 0.8249281874276762 0.33082831146572345
4 0.940293984375 0.12148961250000001 0.9313260616189091 -0.006757658399988287 0.83468704375 0 0.8436549665060908 0.1282472708999883
4 0.7616101656250001 0.38851066562500003 0.7469504078125001 0.1788663453125 0.651870084327189 0.18551500869126986 0.6665298421396889 0.39515932900376993
4 0.9855206312500002 0.9586553046875002 0.9762016015625002 0.8253869812500001 0.8928114812115073 0.8312181869495265 0.9021305108990072 0.9644865103870266
4 0.29024098129400067 0.5914172381292385 0.2718209125 0.32799797968750005 0.07542549058099937 0.34173128530826163 0.09384555937500001 0.6051505437500001
1 0.7631535641054772 0.06339228124699474 0.7587937843749999 0.0010445281249999994 0.6769623577695227 0.0067667390655052565 0.6813221375 0.0691144921875
4 0.3740795766092907 0.09921371941913855 0.36770339837556165 0.008030130364241628 0.23911115770377095 0.01702217657010307 0.2454873359375 0.10820576562499999
4 0.4727731031250001 0.1330365984375 0.46389005307874537 0.006003050901026647 0.38907274843750006 0.011234785937499997 0.39795579848375484 0.13826833347397333
4 0.5666655328125001 0.0646015390625 0.5618697753938566 -0.003980989090041148 0.44964381875 0.003866614062500007 0.4544395761686434 0.07244914221504115
4 0.6470579406250001 0.12789783437500002 0.639755309741152 0.023465348411896163 0.5345434765625001 0.03082247656249998 0.5418461074463481 0.13525496252560382
4 0.6756754250000001 0.23475562968750005 0.6673373454150477 0.11551555155532918 0.5769331032275478 0.12183723280532914 0.5852711828125001 0.24107731093750004
4 0.5387771500320745 0.32656005202118565 0.5304935687500001 0.20809932031249997 0.43930997965542556 0.21447549797881432 0.4475935609375 0.33293622968750003
1 0.13802182503607757 0.9905076739534332 0.08755737653945898 0.2688324309204982 -0.01687511039402916 0.2761350617216885 0.033589338102589426 0.9978103047546234
4 0.36081356783398316 0.3350886890172935 0.3409220734298969 0.05062706551627103 0.20921244374999998 0.0598371 0.22910393815408625 0.3442987235010225
4 0.5389684344355128 0.16130039461537277 0.5310663343267839 0.0482950914979758 0.4531316436412712 0.05374481563260307 0.4610337437500001 0.16675011875000006
1 0.035650642187500005 0.624099925 0.025786640625000017 0.4830381328125 -0.0007111548045476701 0.48489103919818133 0.009152846757952315 0.6259528313856813
1 0.7066591046874999 0.06186065468749998 0.7024628171670398 0.0018509418949070433 0.675185675 0.0037583453124999944 0.67938196252046 0.06376805810509294
4 0.46485741722555735 0.8486131271067437 0.462786521875 0.8189979437499998 0.4409648077744427 0.820523866643256 0.44303570312499996 0.8501390499999999
4 0.9962804921874999 0.46294721406249995 0.9854355405939558 0.3078571776810452 0.905162809375 0.31347039374999996 0.9160077609685443 0.4685604301314547
4 0.44682842217305413 0.9939748592448974 0.4386538343673969 0.8770728217662709 0.35448436688184276 0.8829585250213736 0.3626589546875 0.9998605625
4 1.0079020993759564 0.9617891861557576 1.0000000000000002 0.8487838828125 0.9506683718628489 0.8522334857637295 0.958570471238805 0.9652387891069871
4 0.6240811032045369 0.04570665468193823 0.6204772252823576 -0.005831204816504998 0.5370871046874999 5.551115123125783e-18 0.5406909826096793 0.05153785949844323
4 0.27061092812500004 0.3554931109375 0.25725910311272576 0.16455311701197003 0.1481505359375 0.17218273125000003 0.16150236094977424 0.36312272517553007
4 0.46451586406249995 0.29494449375 0.45454286716974623 0.1523240075586086 0.366476665625 0.158482196875 0.3764496625177537 0.3011026830663914
4 1.008501561811217 0.9045767541056323 1 0.7829986343750001 0.9757057859106283 0.7846974496157139 0.9842073477218453 0.9062755693463462
4 0.7854436640624999 0.15816200625 0.7802664261532136 0.08412404991935943 0.7140219370907136 0.08875631554435941 0.7191991749999999 0.16279427187499998
4 0.3785625578124999 0.8241042999999998 0.3707694515624999 0.712657690625 0.31309777964286845 0.716690486861739 0.3208908858928684 0.8281370962367388
4 0.4028152843809017 0.7229473516468978 0.393659746875 0.5920170703125 0.32507721874409834 0.5968128280406021 0.33423275624999993 0.727743109375
4 1.0086650621333324 0.6187127470066824 1 0.49479658750000005 0.9556507988041677 0.4978977858058175 0.9643158609375 0.6218139453125
4 0.0822982375 0.9999999999999998 0.06381576250000001 0.7356882984374999 0.017054946008293187 0.7389581333206263 0.03553742100829317 1.0032698348831262
4 0.9674297239732595 0.027962642150036056 0.9651428448444502 -0.00474125945153141 0.8973396625000001 -1.1102230246251566e-17 0.8996265416288095 0.032703901601567456
4 0.3191548567138079 0.0529323343425674 0.316375496875 0.013185642187499994 0.2485723151611922 0.01792690315743261 0.25135167500000005 0.05767359531250001
4 0.4789134546875 0.680034478125 0.4717198187244769 0.5771606855725018 0.41794488125000007 0.5809209953125 0.4251385172130232 0.6837947878649981
4 0.9419327906316466 0.6265117532200479 0.9341396843750001 0.51506514375 0.8819234406183536 0.5187164592799521 0.8897165468750001 0.6301630687500002
4 0.7908114609375001 0.2909234687500001 0.7782225968130667 0.11089433036431165 0.7174335375 0.11514511562500003 0.7300224016244334 0.2951742540106884