4 0.5366007859542481 0.11098050913549269 0.4711356453125 0.10640274062500006 0.46307005310825194 0.2217460846145074 0.52853519375 0.22632385312500003
4 0.4366705703922274 0.28568530198484565 0.39926191875 0.28306943437500004 0.39392118895377115 0.359445432804897 0.43132984059599855 0.36206130041474266
4 0.7527142548234111 0.13392421250950393 0.7121882140972853 0.1310903561431719 0.7072289655238742 0.20201092644616808 0.74775500625 0.2048447828125001
4 0.4941028890808822 0.4275371216121232 0.4746192171875 0.426174690625 0.47276631091911786 0.4526724862003769 0.4922499828125 0.4540349171875001
4 0.5322638218825213 0.4865929514549426 0.4971932109375 0.48414057499999996 0.4931604140549789 0.5418122469825575 0.5282310250000001 0.5442646234375
4 0.5832106062880573 0.6091954728932562 0.5613888921875001 0.60766955 0.5593179968369427 0.6372847333567438 0.5811397109375 0.63881065625
4 0.2963126281852574 0.5233483616382806 0.27449091406250004 0.5218224390625001 0.27187504676627106 0.5592310921798969 0.29369676088902835 0.5607570147556774
4 0.3378744781250001 0.6233662093750001 0.3144940718828889 0.6217312920746847 0.3101342921875001 0.6840790453125001 0.3335146984296113 0.6857139626128154
4 0.37633034847942504 0.8797984103379448 0.34749451250000013 0.8777820125 0.34280774995807517 0.9448058474745551 0.3716435859375001 0.9468222453124999
4 0.7191318188026998 0.23338640549635828 0.6949720640625 0.23169699062500007 0.691811223328771 0.276899112492397 0.7159709780689708 0.2785885273637552
4 0.7530960984375 0.2404603656250001 0.7351711187586417 0.23920692956391681 0.7329367328124999 0.27116015312500014 0.7508617124913582 0.2724135891860834
4 0.6468427515624999 0.05760307656250008 0.6141101812786004 0.05531419177849507 0.609859395203771 0.11610325155489698 0.6425919654876704 0.118392136338902
4 0.6938650078124999 0.012335412500000082 0.6408694171874999 0.008629600000000076 0.6361826543716012 0.07565343446217092 0.6891782449966011 0.07935924696217093
4 0.5161676203125001 5.551115123125783e-17 0.4881111312967981 -0.0019619006692428442 0.486264515625 0.024445935937500052 0.514321004640702 0.02640783660674295
4 0.47544341875 6.106226635438361e-17 0.441152154234376 -0.002397879442249162 0.43846825258241795 0.035983692149559016 0.472759517098042 0.03838157159180824
4 0.46149995156250007 0.06500474531250007 0.4334434625824869 0.06304284413288268 0.429410665625 0.12071451718750006 0.4574671546050132 0.12267641836711743
4 0.5195748296875 0.04087205781250007 0.474372707882592 0.0377112177476361 0.4699584312499999 0.10083831875000004 0.5151605530549079 0.10399915881486403
4 0.5192478453840565 0.045548139601693884 0.4748250718749999 0.042441796875000055 0.47041079524094337 0.10556889789830626 0.5148335687500001 0.10867524062500009
4 0.3307769766238803 0.12008263818472106 0.29258897812500007 0.11741227343750005 0.28839269056361977 0.17742198681527901 0.32658068906250004 0.18009235156250006
4 0.5479163015625 0.5315443125000001 0.5183011187693276 0.5294734169111041 0.5149222890625001 0.5777929265625 0.5445374718556726 0.5798638221513961
4 0.6346539352038308 0.362480030807247 0.5649857068489579 0.29059151277340545 0.5254682006216767 0.3288885137849066 0.5951364289765496 0.40077703181874813