1 1.048748209192969 0.05492161981169889 0.7931250032131629 0.028054538223686608 0.6909694187057824 0.9999999999953527 0.9465926246855882 1.0268670815833647
1 0.5552463234624089 0.24343180601300948 0.3237091953125001 0.21909627343750007 0.2837760562250914 0.5990347158619906 0.5153131843750001 0.6233702484375001
1 0.2571840609375001 3.8857805861880476e-17 0.05206391989792525 -0.021558995710605107 -0.01089864575988424 0.5774897967890562 0.19422149527969063 0.5990487924996615
1 0.42609231413993187 0.6650537242632863 0.20232488750000005 0.6415348203125 0.16802648586006833 0.9678623179242136 0.3917939125000002 0.991381221875
1 0.6983346344612038 0.018091669492324946 0.37045319662476606 -0.016370056947722235 0.3395029731010621 0.2781016610599529 0.6673844109374999 0.31256338750000007
4 0.3640193156250001 4.9960036108132046e-17 0.26456712433996454 -0.010452846337480759 0.24086037277746453 0.21510183178751924 0.3403125640625001 0.22555467812500005
1 0.3614169985056921 0.5105720462261989 0.18193687500000005 0.49170792500000005 0.13334747180680823 0.9540052131488015 0.31282759531250026 0.9728693343750002
4 0.2489639907338485 0.5191771458393762 0.13008754531250005 0.506682728125 0.08443800608756906 0.9410090874829278 0.2033144515089175 0.953503505197304
1 0.15453524070569125 0.46840351016977555 0.002249074966165393 0.4523975890589439 -0.047728596989525765 0.9279033710766683 0.10455756875000008 0.9439092921875
1 0.48536547506643374 0.01141877593042478 0.389021165625 0.0012925812500000466 0.36525727337106617 0.22739091938207534 0.46160158281249997 0.2375171140625001
1 0.7128940859610253 0.02904857008867398 0.5528382171875001 0.012226020312500068 0.5042488140389749 0.47452330803632614 0.6643046828125001 0.4913458578125002
4 0.2404262531455063 0.05480332011739621 0.0726006828125 0.037164142187500006 0.054226539041993704 0.21198244550760387 0.22205210937500003 0.22962162343750006