1 0.99921875 1.0663037950388477e-16 0.7421875 9.089175462421762e-17 0.7421875000000001 1 0.99921875 1
1 0.528125 0.23906250000000004 0.2953125 0.2390625 0.29531250000000003 0.62109375 0.528125 0.62109375
1 0.20625000000000004 1.2629170116207081e-17 0 0 3.860507683249664e-17 0.63046875 0.2062500000000001 0.63046875
1 0.4437500000000001 0.671875 0.21875000000000008 0.671875 0.21875000000000008 1 0.4437500000000002 1
1 0.646875 5.903180274014976e-17 0.3171875 3.884426566045511e-17 0.3171875 0.29609375000000004 0.646875 0.2960937500000001
4 0.3125 3.214697847761802e-17 0.2125 2.6023744481881253e-17 0.2125 0.24375 0.3125 0.24375
1 0.3632812500000001 0.525 0.18281250000000004 0.525 0.1828125000000001 0.98984375 0.3632812500000001 0.98984375
4 0.2523437500000001 0.5453125 0.13281250000000008 0.5453125 0.1328125000000001 0.98203125 0.2523437500000001 0.98203125
1 0.1531250000000001 0.5046875 6.180639314446799e-17 0.5046875 9.10831056865844e-17 0.9828125 0.15312500000000012 0.9828125
1 0.434375 0.01562500000000005 0.3375 0.015625000000000038 0.3375 0.24296875000000004 0.434375 0.2429687500000001
1 0.6625 0.00937500000000007 0.5015625 0.00937500000000006 0.5015625 0.47421875 0.6625 0.47421875
4 0.19531250000000003 0.084375 0.02656250000000001 0.084375 0.026562500000000024 0.26015625 0.19531250000000006 0.26015625