4 0.39420632187500015 0.70893513125 0.31456736562525794 0.7061540781176159 0.3102867250000001 0.8287356093750002 0.3899256812497423 0.8315166625073843
4 1.0073343455125197 0.22378745217400003 0.9443621157935098 0.22158841401382084 0.9370277702809903 0.43161664308982106 1 0.4338156812500002
4 0.4076455609375002 0.6374856296875001 0.3701684046879478 0.6361768984246772 0.36831436875 0.6892695359375001 0.40579152499955234 0.690578267200323
4 0.9183387159074728 0.8101012156894278 0.88320388125 0.8088742796874999 0.8813225794031242 0.8627476921775694 0.916457414060597 0.8639746281794973
4 0.0606943562500001 0.5440703000000001 0.020094103134942365 0.54265250752779 0.01799467968750006 0.6027721125000001 0.058594932802557786 0.6041899049722101
4 0.5471042390878456 0.40471086724294886 0.5143117265625 0.4035657265625 0.5125940155977514 0.4527544937490485 0.545386528123097 0.4538996344294973
4 0.22680337031250014 0.9360437015624999 0.16121834687500014 0.9337534218749999 0.1593370457435223 0.9876268328275518 0.22492206918102225 0.9899171125150519
4 0.5926370421874999 0.08579316250000006 0.5567214343474343 0.08453896172688137 0.5547583374724342 0.14075469610188135 0.5906739453124998 0.14200889687500007
4 0.8041722890625003 0.0947435890625001 0.745614232838867 0.09269869611994612 0.7431876265625 0.1621875890625001 0.8017456827861332 0.16423248200505408
4 0.4811003187500001 0.4368019125 0.4506501297191843 0.43573856784268417 0.4490687453125001 0.481023465625 0.4795189343433159 0.4820868102823158
4 0.07778713437500007 0.3679970703125 0.04811771870322408 0.36696099196448945 0.046645396828224064 0.40912279352698955 0.07631481250000005 0.41015887187500005
4 0.5622140844373834 0.33019279665107065 0.5262984765624998 0.32893859687500004 0.5243353811876165 0.3851543330364294 0.5602509890625 0.3864085328125
4 0.7260824422067517 0.4281588994487072 0.6807975453125 0.4265775156250001 0.6779346952580029 0.508558795310597 0.7232195921522544 0.5101401791343041
4 0.5411233000027608 0.10588259679594403 0.5075500140625 0.10471019218750004 0.5056414484347391 0.15936437820405605 0.539214734375 0.16053678281250003
4 0.5059289609375001 0.24067394375000006 0.4778210937605924 0.239692395009177 0.4764850968750001 0.27795032500000005 0.5045929640519078 0.2789318737408231
4 0.3231237390625 0.10296024218750002 0.2887696796875 0.10176057187500001 0.2871337656002285 0.14860701718663497 0.32148782497522854 0.14980668749913495
4 0.5797852012118161 0.47620747035481764 0.5446503668387191 0.47498053436282034 0.5433961656250001 0.5108961421875 0.5785309999980971 0.5121230781794972
4 0.8563997687683716 0.9048723088489149 0.8220457093750003 0.9036726390625003 0.819291921856629 0.9825308224010856 0.8536459812500004 0.9837304921875003
4 0.6728733453183438 0.13862555295765563 0.6424231562499998 0.13756220937500008 0.6409508343691561 0.17972400954234452 0.6714010234375001 0.18078735312500008
4 0.7153994453125001 0.5997656062500002 0.6826069343382715 0.5986204666767722 0.6806711030882715 0.6540554276142722 0.7134636140625001 0.6552005671875001
4 0.9234893224353943 0.9760070343945693 0.8883544882063964 0.9747800999701042 0.8874737906249999 1 0.9226086248539979 1.001226934424465
4 0.9649745671875001 0.12381071406250013 0.9228127655892816 0.12233839164783852 0.9206588124642817 0.18401954477283855 0.9628206140625002 0.1854918671875001
4 0.5236289718750001 0.33822609062500003 0.49942497500000005 0.33738086875000006 0.49773453125000006 0.38578886250000005 0.5219385281250001 0.3866340843750001
4 0.18941301875000008 0.5516921593750002 0.1449088953765599 0.5501380403530669 0.1431093891189004 0.6016691311974058 0.18761351249234054 0.6032232502193391
4 0.36586802812626573 0.06536659527625584 0.33073319375 0.06413965937500006 0.3291790749455027 0.10864378281059697 0.3643139093217685 0.10987071871185275
4 0.8228488734738016 0.29864460208545646 0.7744408796875 0.29695415781250006 0.7720688046511983 0.36488150416454374 0.8204767984375 0.36657194843750013
4 0.13312789375419132 0.46217330456747857 0.10267770468750004 0.46110996093749995 0.10098726093330881 0.5095179548075215 0.1314374500000001 0.5105812984375
4 0.6379070125012689 0.49074474683866864 0.6066760500000001 0.4896541375000001 0.6050401359362314 0.5365005828488316 0.6362710984375002 0.5375911921875002
4 0.09997599218750006 0.3593912078125 0.07655277028393391 0.3585732508180273 0.07513497809643391 0.39917350394302736 0.09855820000000005 0.39999146093750004
4 0.83797606875 0.2460154734375001 0.810648975014417 0.24506119021214373 0.8086858781249999 0.301276925 0.8360129718605828 0.3022312082253564
4 0.2033034265625 0.06438007031250002 0.1775378812186581 0.06348031808501661 0.1761746202811581 0.10251902277251664 0.201940165625 0.10341877500000003
4 0.26493738063309735 0.8513854875330209 0.23604873844750043 0.8503766734160237 0.23465821093750017 0.8901961515625001 0.26354685312309706 0.8912049656794971
4 0.5856125625 0.018319407812500074 0.554381599986926 0.017228798811888178 0.5529910734244261 0.057048278499388184 0.5842220359375001 0.05813888750000008
4 0.32493064219027284 0.3422315592955979 0.3054112890625001 0.341549928125 0.30440247494740585 0.3704385702560996 0.32392182807517866 0.37112020142669755
4 0.942726137510172 0.760922365333714 0.9208644625 0.7601589390625001 0.919801118739828 0.7906091299787861 0.94166279375 0.79137255625
4 0.3937007546875 0.14138425156250006 0.36559288749999996 0.14040270312500008 0.36422962582571283 0.1794414062788346 0.39233749301321286 0.1804229547163346
4 0.3744044890625 4.4408920985006264e-17 0.3377081060210666 -0.0012814658559926223 0.3360722028882888 0.045564673429233905 0.37276858592972223 0.046846139285226567
4 0.4752259546875 0.20207891250000004 0.4416526687729009 0.2009065071567063 0.4398804281250001 0.2516568234375001 0.47345371403959924 0.25282922878079384
4 1.003544473823815 0.08138093646879833 0.9852399909843935 0.08074173098973239 0.9816955171605786 0.18224236327093418 1.0000000000000002 0.1828815687500001
4 0.3515513265853123 0.29625760090924347 0.3320319734375 0.29557597031250005 0.33107769060218784 0.3229030647157566 0.35059704375000006 0.3235846953125
4 0.255107103125 0.55085934375 0.149702601597528 0.5471785364969299 0.14495845000000002 0.6830332281249999 0.25036295152747207 0.68671403537807
4 0.8522555859375001 0.03857495468750009 0.8241477187500001 0.037593406250000065 0.8221846218750001 0.09380914062500005 0.8502924890625 0.09479068906250007
4 0.09743780469915723 0.745475318416184 8.881784197001253e-17 0.7420727156249999 -0.00828862969915702 0.9794280378338162 0.08914917500000014 0.9828306406250003
4 0.9023168416181704 0.015307893784682386 0.8187740134950735 0.012390514042685125 0.8113851359375 0.22398029062500005 0.8949279640605969 0.22689767036699732
4 0.554592192726556 0.7051552156438241 0.20402462812500008 0.6929131265624999 0.1937729010234442 0.9864841812311758 0.5443404656250002 0.9987262703124999
4 0.61796385625 0.16641366718750006 0.5352018030976928 0.1635235523444753 0.5281128421601928 0.36652481484447536 0.6108748953124999 0.3694149296875001
4 0.25480037968749997 3.3306690738754695e-17 0.06429150239266168 -0.0066527170930448885 0.06222870395516169 0.05241809696945511 0.25273758125 0.05907081406250003
4 0.8355370578125003 0.4054024484375002 0.7457480375097998 0.4022669465943685 0.7363960625000001 0.6700724578125002 0.8261850828027004 0.6732079596556318
4 0.6828374953312422 0.25623244008829443 0.6008562156250001 0.2533695906250001 0.5947760687312579 0.4274822114742058 0.6767573484375 0.4303450609375002