4 0.45 3.559129760021995e-17 0.13125 1.607348923880901e-17 0.13125000000000003 0.4421875 0.45 0.4421875
4 0.5265625 0.6015625 0.3515625000000001 0.6015625 0.3515625000000001 1 0.5265625000000002 1
4 0.6875 0.37968750000000007 0.5265625 0.37968750000000007 0.5265625 0.7234375 0.6875 0.7234375
4 0.859375 0.1281250000000001 0.6671875 0.1281250000000001 0.6671875 0.3453125000000001 0.859375 0.3453125000000001
4 0.18125000000000008 0.546875 0.13437500000000008 0.546875 0.13437500000000008 0.5953125 0.18125000000000008 0.5953125
4 0.1578125000000001 0.8578125 0.11250000000000009 0.8578125 0.11250000000000011 0.9265625 0.15781250000000013 0.9265625
4 0.1953125 0.11562500000000002 0.1578125 0.115625 0.1578125 0.15625000000000003 0.1953125 0.15625000000000006
4 0.03750000000000002 0.153125 0.01093750000000002 0.153125 0.010937500000000022 0.2046875 0.03750000000000002 0.2046875
4 0.4796875 5.625721233583154e-17 0.4390625 5.376964852506348e-17 0.4390625 0.05781250000000006 0.4796875 0.057812500000000065
4 0.853125 0.009375000000000097 0.728125 0.009375000000000088 0.728125 0.12656250000000008 0.853125 0.12656250000000008
4 0.65625 0.006250000000000075 0.5625 0.00625000000000007 0.5625 0.1218750000000001 0.65625 0.1218750000000001
4 1 0.009375000000000109 0.7703125 0.009375000000000095 0.7703125 0.2890625000000001 1 0.2890625000000001
4 0.359375 0.18281250000000004 0.3328125 0.18281250000000004 0.3328125 0.21875 0.359375 0.21875
4 0.6531250000000001 0.3296875000000001 0.4765625 0.3296875000000001 0.4765625000000001 0.978125 0.6531250000000002 0.978125
4 0.68125 0.30156250000000007 0.653125 0.30156250000000007 0.653125 0.34062500000000007 0.68125 0.34062500000000007
4 0.5875 0.09062500000000005 0.3796875 0.09062500000000004 0.37968750000000007 0.528125 0.5875 0.528125
4 0.29375000000000007 0.6859375 0.08750000000000009 0.6859375 0.0875000000000001 0.990625 0.29375000000000007 0.990625
4 0.3453125000000001 0.5140625 0.2171875000000001 0.5140625 0.2171875000000001 0.7171875 0.3453125000000001 0.7171875
4 0.7328125 0.010937500000000086 0.66875 0.010937500000000083 0.66875 0.1281250000000001 0.7328125 0.1281250000000001
4 0.115625 7.941069088221119e-18 0.0140625 1.7221595613009655e-18 0.014062500000000009 0.1421875 0.115625 0.1421875