3 0.3981628625000001 0.42968542968750006 0.17658111708750593 0.3906145896295952 0.08487317333750592 0.910716184942095 0.30645491875000014 0.949787025
1 1.014109898597694 0.46372311989440895 0.800221965625 0.42600890625 0.7378171514023062 0.7799241926055911 0.9517050843750001 0.8176384062500002
4 0.8745726046875001 0.058333950000000113 0.2344475637074956 -0.05453736567989409 0.18642298938359872 0.21782352975182112 0.8265480303636032 0.33069484543171535
4 0.20007093129625528 0.07743566223767337 0.14159797031250002 0.0671253015625 0.11392279192029675 0.22407903745288485 0.172395752904052 0.2343893981280582
4 0.1640701016785747 0.24561419309170832 0.04712418125000003 0.22499347187499996 -0.012024729803574585 0.5604436131582917 0.10492119062500008 0.5810643343749999
4 0.5035713390625001 0.1468170140625001 0.3743153219351207 0.12402569028403845 0.3309032765624999 0.37022762812500004 0.46015929368987935 0.3930189519034617
4 0.07161107500000005 0.572017653125 5.551115123125783e-17 0.5593906890625 -0.05779228182444104 0.8871470212787335 0.013818793175558963 0.8997739853412335
1 0.917685209375 0.911595840625 0.5145295349891479 0.84050861858278 0.48640690156250005 1 0.8895625759483522 1.07108722204222
4 0.18301876106121234 0.47107992429839385 0.0029835937500000574 0.4393348671875 -0.07271615793621214 0.8686494975766064 0.10731900937500016 0.9003945546875001
4 0.6184067625292393 0.6113147388966764 0.4260614984375001 0.5773990796875001 0.3579588546582609 0.9636283704783238 0.5503041187500002 0.9975440296875
4 0.9336811615506067 0.08303582042060735 0.8567430553477218 0.06946955609090408 0.8412775140625 0.1571789968750001 0.9182156202653848 0.17074526120470335
4 0.9184794328124999 0.11526063593750009 0.7045914984375001 0.07754642187500008 0.6155968064665909 0.5822603953506909 0.8294847408415909 0.6199746094131908
4 1.010581683568671 0.10452847645881454 0.9877199677301656 0.10049734016966498 0.9771382841614946 0.16050906527335054 1 0.1645402015625001
4 0.6657844704661805 0.24364354065209817 0.44574148743359243 0.2048440262752797 0.39473233571741206 0.49413130437318153 0.6147753187500001 0.53293081875