4 0.35047511249999996 0.288039003125 0.33107409369950963 0.01059150084045404 0.2204068328125 0.018330109375000004 0.23980785161299037 0.29577761165954597
4 0.3634518625 1.0000000000000002 0.34196638582818084 0.6927433796866634 0.03100696662649005 0.7144877812892296 0.0524924432983092 1.021744401602566
1 1.0263957422885586 0.8712160033415012 0.9927709421875001 0.39035895625 0.6553137280687763 0.4139562632584652 0.6889385281698348 0.8948133103499665
4 0.2192666422179082 0.3716139769973576 0.2120185078125 0.26796083749999994 0.16447834528209176 0.2712851698776423 0.17172647968749996 0.37493830937499995
4 0.16280350159410856 0.7961179676395226 0.15822573281250002 0.7306528265625001 0.12315512184339147 0.7331052026729774 0.12773289062499998 0.79857034375
4 0.2547397352360866 0.6213102467055263 0.24836355624239687 0.530126657703771 0.19069188350631033 0.5341594547482447 0.19706806250000003 0.6253430437499999
4 0.05493162189748154 0.9446294956340008 0.050898825 0.8869578234375 0.025959723415018444 0.8887017356159992 0.029992520312499982 0.9463734078125
4 0.09482875937500002 1 0.0913265515625 0.9499160921875 0.0648287562499267 0.9517689984364519 0.06833096406242672 1.001852906248952
4 0.38176259849936706 0.5450763790097418 0.37909223432813816 0.5068883790173448 0.35337378582877105 0.5086867875076031 0.35604414999999995 0.5468747875
4 0.5847183281450052 0.983549500286087 0.5768162264813792 0.8705441972774193 0.532393451461374 0.873650540741332 0.540295553125 0.9866558437499998
4 0.1766910703125 0.47953428749999993 0.1733667375 0.43199412499999995 0.14297220776582004 0.4341195180824456 0.14629654057832003 0.48165968058244557
4 0.3612655677159372 0.4423496921505481 0.3586496999923969 0.40494103895377104 0.3352692921875 0.40657595625000004 0.33788515991104034 0.4439846094467771
4 0.21290150781250006 0.23578962500000006 0.2084872312485356 0.17266252497905782 0.17185792656249996 0.1752238953125 0.1762722031264644 0.23835099533344223
4 0.2961815438027054 0.5643744710662226 0.2913857875 0.49579194062500004 0.25865321713479456 0.4980808242462775 0.26344897343749996 0.5666633546875002
4 0.2639355609608093 0.09203574252083815 0.25870382491458027 0.017218437840941212 0.22363321395377098 0.019670814070103074 0.22886495 0.09448811875000002
4 0.41707971883076045 0.15416052927992777 0.4143003593470314 0.11441383553753084 0.38702321707877096 0.11632123907010308 0.38980257656249995 0.1560679328125
4 0.5597033656250001 0.8498124296875 0.5553435859149654 0.7874646762402391 0.52183166875 0.7898080578125001 0.5261914484600346 0.8521558112597608
4 0.5499109734375 0.47458146875 0.5469681218568361 0.43249673411524514 0.5204703265624999 0.434349640625 0.5234131781431637 0.4764343752597549
4 0.10948808437535318 0.2688652015675507 0.1064362390625 0.22522177499999993 0.08305583124964681 0.22685669218244922 0.0861076765625 0.27050011875
4 0.11569045156249999 0.17836835 0.11280209775894104 0.13706296400068882 0.08630430244644102 0.13891587025068883 0.08919265624999999 0.18022125625000002
4 0.12230634386982711 0.29537938296360816 0.11920000156249996 0.25095660781250007 0.0989369812465049 0.25237353588751776 0.10204332355383203 0.2967963110386259
4 0.6105956531250001 0.7264305609374999 0.6005136624999999 0.5822513812500001 0.5529735000579173 0.585575713328258 0.5630554906829175 0.7297548930157578
4 0.043096490625000004 0.26019407187500004 0.03900919759964231 0.2017430546368281 -0.004087293025357691 0.2047566546368281 0 0.26320767187500005
4 0.5671648734732514 0.6989243848862684 0.56171515 0.6209896937500001 0.5289825796517487 0.6232785776137317 0.5344323031250001 0.7012132687500001
4 0.4723021765624999 0.8206820171874998 0.46243817503681645 0.6796202265599256 0.30501009843750004 0.6906286703125 0.3148740999631835 0.8316904609400743
4 0.5242260219164863 0.2304660068432797 0.5085308156250001 0.0060140953125 0.47346020464601385 0.008466471281720317 0.4891554109375001 0.23291838281250002
4 0.1173014640625 0.850988190625 0.10760095468750001 0.7122644390625 0.017196712429621425 0.7185861193060394 0.026897221804621414 0.8573098708685393