1 0.6730008406249998 0.5232918656249999 0.6488287401814834 0.24700349208960165 0.3826579683064835 0.27029041708960166 0.40683006875 0.5465787906249999
1 0.8860197988384722 0.9681375624649196 0.8591921718749997 0.6614963812499999 0.6054738339740277 0.6836938594100805 0.6323014609375 0.9903350406250002
4 0.9902669506167845 0.36692026088353835 0.9559018742448725 -0.02587436100813594 0.6601565734375 0 0.694521649809412 0.3927946218916743
4 1.0075005297585309 0.8328161305211144 0.99122691875 0.6468079015625 0.8737070749270828 0.6570895554165507 0.8899806859356136 0.843097784375165
4 0.08338537031659914 0.7936778906718533 0.04974869995509627 0.4092089994867477 -0.005508975049002868 0.4140434197523943 0.028127695312499996 0.7985123109375
1 0.6789980875000001 0.986249615625 0.6542131733719793 0.702956747688594 0.464313559375 0.7195708109375 0.4890984735030209 1.002863678873906
1 0.5422284125 0.7496131546875 0.5131537999470176 0.417288829081908 0.392520846886869 0.42784284544816265 0.42159545943985144 0.7601671710537545
4 1.0241445813393621 0.951347804426773 0.9954104218750001 0.6229148640624999 0.8140718561362957 0.6387799330753566 0.8428060156006578 0.9672128734396297
4 0.38744335000886065 0.3608429235387772 0.3807704875000001 0.2845717671875 0.3418566312411394 0.28797628896122285 0.34852949375 0.3642474453125001
4 0.4655353078125001 0.21363283281250003 0.44749134531250007 0.0073893984375 0.33074977964661023 0.017602962032627678 0.34879374214661024 0.22384639640762768
4 0.078307165625 0.7894167703125001 0.07585590922030735 0.7613987935443558 0.055620704551837305 0.7631691453243691 0.05807196095652996 0.7911871220925134
4 0.8134011828972246 0.5862949165934066 0.7952210405621931 0.3784949274071129 0.6909319078125 0.38761904375000006 0.7091120501475316 0.5954190329362936
4 1.0148080796588466 0.7012096827653025 0.9930191437456845 0.45216100776317314 0.8233547343750001 0.46700472031249995 0.8451436702881621 0.7160533953146293
4 0.969100354746024 0.14291263504393054 0.959908146875 0.037845224999999996 0.8890849296289762 0.044041454018569404 0.8982771375 0.14910886406249996
4 0.15564871718749998 0.7591232343749998 0.15346982335604897 0.7342183662565106 0.13245634218749996 0.7360568078124999 0.13463523601895097 0.7609616759309892
4 0.6032801250126757 0.2462830751448831 0.5812188281622863 -0.005878707787472415 0.4426855031147806 0.006241387383191704 0.4647467999651699 0.2584031703155472
4 0.24110820164191224 0.3375708149701862 0.2150976609375 0.040268959375 0.12870890149495667 0.047826996102976395 0.15471944219936892 0.3451288516981626
4 1.0142308983816062 0.9561363108657638 0.999999999993347 0.7934763952364557 0.915304328125 0.80088630625 0.929535226513259 0.963546221879308
4 0.5295688828219741 0.9993229766707887 0.5181296921875 0.868572421875 0.37259187336330046 0.8813053304018951 0.38403106399777454 1.0120558851976837
4 0.8753080843824368 0.16445037821000252 0.865775425 0.055491582812499995 0.8050698109300631 0.06080263585249749 0.8146024703124999 0.16976143125000004