1 0.6734375 0.2468750000000001 0.3828125 0.2468750000000001 0.38281250000000006 0.546875 0.6734375 0.546875
1 0.8875 0.6625000000000001 0.60625 0.6625 0.6062500000000001 0.990625 0.8875 0.990625
4 0.9890625 1.0084200986728988e-16 0.6578125 8.055879725641184e-17 0.6578125 0.3921875000000001 0.9890625 0.3921875000000001
4 1 0.6468750000000002 0.8734375 0.6468750000000002 0.8734375 0.84375 1 0.84375
4 0.08281250000000007 0.4078125 4.9942627277728e-17 0.4078125 7.376583454239135e-17 0.796875 0.0828125000000001 0.796875
1 0.6781250000000001 0.703125 0.4640625 0.703125 0.4640625000000001 1 0.6781250000000002 1
1 0.5421875 0.4171875 0.3921875000000001 0.4171875 0.3921875000000001 0.759375 0.5421875000000002 0.759375
4 1 0.6234375000000002 0.8140625 0.6234375000000002 0.8140625 0.9671875 1 0.9671875
4 0.38906250000000003 0.28437500000000004 0.34375 0.284375 0.34375000000000006 0.36406250000000007 0.3890625000000001 0.36406250000000007
4 0.4671875 0.00781250000000005 0.3328125 0.007812500000000042 0.3328125 0.22500000000000003 0.4671875 0.2250000000000001
4 0.07968750000000009 0.7625 0.05625000000000009 0.7625 0.05625000000000009 0.7921875 0.07968750000000009 0.7921875
4 0.8140625 0.37968750000000007 0.6921875 0.37968750000000007 0.6921875 0.596875 0.8140625 0.5968750000000002
4 1 0.4515625000000002 0.821875 0.4515625000000002 0.821875 0.7156250000000002 1 0.7156250000000002
4 0.9703125 0.03750000000000012 0.890625 0.03750000000000011 0.890625 0.1484375000000001 0.9703125 0.14843750000000014
4 0.15625000000000008 0.734375 0.13281250000000008 0.734375 0.13281250000000008 0.7609375 0.15625000000000008 0.7609375
4 0.603125 6.400693036168589e-17 0.4421875 5.415235064979703e-17 0.4421875 0.2578125000000001 0.603125 0.2578125000000001
4 0.240625 0.04062500000000002 0.128125 0.04062500000000001 0.12812500000000002 0.3453125 0.240625 0.3453125
4 1 0.7921875000000002 0.915625 0.7921875000000002 0.915625 0.9640625 1 0.9640625
4 0.5296875000000002 0.8671875 0.3734375000000001 0.8671875 0.3734375000000001 1 0.5296875000000002 1
4 0.8765625 0.0562500000000001 0.80625 0.05625000000000009 0.80625 0.1703125000000001 0.8765625 0.1703125000000001