4 0.7423686610386263 0.038482768111514264 0.3580961652068352 -0.02238001553481337 0.20276163115447648 0.9583636427906125 0.5870341269862676 1.0192264264369402
4 0.08810704531250005 0.6135259390625001 0.035636101562500064 0.6052153578125 0.028058807104856066 0.6530565110728961 0.08052975085485606 0.661367092322896
4 0.1898997510281848 0.08070238453784853 0.1482316479414219 0.07410280460892896 0.140287709375 0.12425885312500004 0.1819558124617629 0.1308584330539196
4 0.676947884375 0.2717455562500001 0.4678357421875 0.23862544687500004 0.4265272664214897 0.4994369001261515 0.6356394086089897 0.5325570095011516
4 0.10832252031250005 0.126314959375 0.0790005221711059 0.12167081063046137 0.07093436902965666 0.1725984919843176 0.10025636717105083 0.17724264072885626
4 0.6241848642988236 0.7047602297579117 0.5763437094132372 0.6971829356960806 0.5613113357394136 0.7920936137506689 0.609152490625 0.7996709078125
4 0.07191208593750002 0.16642543906249999 0.04721987668311826 0.16251457736344635 0.037198293750000014 0.22578836249999995 0.06189050300438178 0.2296992241990536
1 0.36562535781250005 4.4408920985006264e-17 0.21284231728270572 -0.02419845685110511 0.19778380312500002 0.07087725781250005 0.3505668436547943 0.0950757146636052
4 0.6042422125747352 0.6209208104656415 0.5633457421875001 0.6144434453125001 0.554179659300265 0.6723158098468587 0.5950761296875002 0.6787931750000001
4 0.6719059267366222 0.2836028020256357 0.5839399330921566 0.2696703576093177 0.5585193328125001 0.43016971406250015 0.6464853264569657 0.4441021584788182
1 1.0427750507498703 0.0797345606117755 0.8745237343749999 0.05308616875000009 0.8317486832492053 0.32315719957421607 0.9999999996240758 0.34980559143599144
4 0.9085430718749998 0.767199890625 0.7002025623959056 0.734201995296013 0.6581042937500001 1 0.8664448032290946 1.032997895328987
4 0.10196769379785645 0.6758363668853468 0.020174753125000076 0.6628816375000001 0.0029425187021436816 0.7716816815521532 0.08473545937500004 0.7846364109375
4 0.2063293485782432 0.2066987631738828 0.12530803906250004 0.1938662484375 0.11003123569608049 0.29032018902426293 0.19105254521182363 0.30315270376064574
4 0.20584570468749996 2.7755575615628914e-17 0.11016339619268896 -0.015154588255151754 0.09437082119268894 0.08455581018234823 0.1900531296875 0.0997103984375
4 0.37611700000425874 0.1734753687231119 0.28197795472573717 0.15856520913358052 0.24910227500000004 0.36613408750000004 0.3432413202785216 0.3810442470895314
4 0.07981571718750011 0.7957220250000001 1.1102230246251565e-16 0.7830804578125 -0.020898665974112142 0.9150294470671817 0.05891705121338786 0.9276710142546817
4 0.9367529031300533 0.3793376530930959 0.7423017609375 0.3485396171875001 0.7009932841335805 0.609351070274263 0.8954444263261339 0.6401491061798589
1 0.3656253578125 5.551115123125783e-17 0.28460404865155026 -0.012832515413960322 0.275900684375 0.042118360937500036 0.3569219935359497 0.05495087635146042
4 0.8019903718749999 0.0415980125000001 0.6746711718269739 0.021432632804893492 0.660372084375 0.11171352031250008 0.7876912844230259 0.1318789000076067
4 0.653103834543358 0.022762631749530016 0.579027209375 0.011030046875000065 0.5591062576441421 0.13680598543797012 0.6331828828125 0.14853857031250006
4 0.5934054343749999 0.010143381250000093 0.4822904953139197 -0.007455495235073606 0.4715356263847239 0.060448078421520224 0.5826505654458041 0.07804695490659393
4 0.5064794876536094 0.029597175592648545 0.40230923281250003 0.01309822812500005 0.38593249975858057 0.11649685152426299 0.49010275459968994 0.13299579899191147
4 0.456318706351035 0.11657109311209024 0.36680945000000004 0.10239422031250005 0.34811064364896505 0.22045384282540983 0.43761989999999995 0.23463071562500004
4 0.5853441765772978 0.22085148896907114 0.4950632890625001 0.20655240156250007 0.4764866968602023 0.32384039228092903 0.566767584375 0.3381394796875001
1 1.034419359502539 0.32203556911757303 0.9310207359375001 0.30565883593750015 0.8210478989215133 0.9999999998291844 0.9244465224865523 1.0163767330092575
4 0.8280437453125 0.08685585781250009 0.69763801875 0.0662016203125001 0.6530297544503615 0.3478471236474167 0.7834354810128614 0.3685013611474167
4 0.5855837109375 0.05952779843750006 0.5084205592325732 0.04730635558674636 0.4906994670450732 0.15919292589924633 0.5678626187499999 0.17141436875000005
1 1.0001226312281597 0.5285883853795571 0.9738871597243268 0.5244330946694378 0.9517663472461673 0.6640983999148807 0.9780018187500001 0.6682536906250002
1 0.367207334375 4.4408920985006264e-17 0.3402002308656201 -0.004277505003506488 0.3323136543031201 0.04551637937149351 0.3593207578125 0.04979388437500005
4 0.530875050066807 0.8244494323906988 0.5092693671875 0.8210274281250001 0.5046252185085806 0.8503494265242629 0.5262309013878874 0.8537714307899616
4 0.11263608440572855 0.2788679294934878 0.03315803750000002 0.26627984374999997 0.008837367156771515 0.4198345158190122 0.08831541406250004 0.4324226015625
4 0.6115848671874999 0.8941837749999999 0.5282486625 0.8809846171875 0.5099164989930289 0.9967293451530115 0.5932527036805288 1.0099285029655114
4 0.5064212890625 7.771561172376095e-17 0.4238567152438158 -0.013076942446515772 0.4159853355563158 0.036620998178484215 0.4985499093749999 0.04969794062500006
4 0.8790817282284655 0.20409587590924455 0.7710533156250001 0.18698585625000005 0.7411107811465345 0.37603557877825555 0.8491391937499999 0.39314559843749997
4 0.6627804750000001 0.1714191000000001 0.5755861141903099 0.15760886950554026 0.5532208734375 0.29881743750000006 0.6404152342471903 0.3126276679944599
4 0.32263472973757557 0.07166798093383567 0.25704604999999997 0.06127975468750002 0.24543567963742446 0.13458474875366438 0.31102435937500006 0.14497297500000003
4 0.6673051798980856 0.7321555156583535 0.6102044484066661 0.7231116484326163 0.5927277856960806 0.833454956211763 0.6498285171875001 0.8424988234375
4 0.6658193531250001 0.61168995 0.5979157795422628 0.6009350806044921 0.5773837561047628 0.7305691759169921 0.6452873296875001 0.7413240453125001
4 0.04626630937500009 0.4581932015625001 0.0015116813660641993 0.45110476482969153 -0.017920412439946985 0.5737941761208323 0.026834215568988906 0.5808826128536408
4 0.960280728125 0.7801402609375001 0.9139828368652421 0.7728073951781418 0.8779990625 1.0000000000000002 0.924296953759758 1.0073328657593588
4 0.7924863656250001 0.0416747031250001 0.7253544232961943 0.031042047767169678 0.7191214873586943 0.0703952555796697 0.7862534296875 0.08102791093750013
4 0.5746901453125001 0.5877646406250001 0.5214475703610122 0.5793318450062058 0.505315265625 0.68118720625 0.5585578405764878 0.6896200018687944
4 0.11789864687500007 0.48535841718749995 0.06619933437500004 0.4771700499999999 0.04872267027096947 0.5875133575584465 0.1004219827709695 0.5957017247459465
4 0.31693617656250006 0.09765902343750005 0.2567489172757172 0.08812629788051843 0.22851738441323702 0.2663731778835805 0.2887046437000199 0.2759059034405621