4 0.44209501729709305 0.018568376581824253 0.31283900011831306 -0.00422294690512941 0.2857064718749999 0.14965326562500003 0.4149624890537799 0.1724445891119537
4 0.6994288056299289 0.05283703922867572 0.5486301171875 0.02624716093750005 0.5269240943700709 0.14934812952132442 0.6777227828125 0.1759380078125001
4 0.5458136187500001 0.6001012140625002 0.32269311251381866 0.5607590483591314 0.25784637031250013 0.9285231937500003 0.48096687654868153 0.967865359453369
4 1.0789566402831319 0.09595897512676294 0.6988823980128822 0.02894163117512848 0.6126009593749999 0.5182679828125001 0.9926752016452498 0.5852853267641345
1 0.8781937484489223 0.712653337435222 0.6658445765625001 0.6752104484375001 0.608575414587938 0.9999999998171379 0.8209245864743602 1.03744288881486
4 0.745316586032506 0.035542626023695414 0.44987425939306525 -0.016551826664952085 0.3570810155480593 0.5097048176238527 0.6525233421875001 0.5617992703125001
4 0.45498908756888873 0.3143637042968135 0.370357171875 0.2994408140625001 0.3293870546186114 0.5317938941406866 0.4140189703125001 0.546716784375
4 0.9554998828124998 0.7691228046875003 0.8877943484464431 0.7571844921367805 0.8726001328124999 0.8433551703125002 0.9403056671785566 0.8552934828632198
4 0.8563900546875001 0.1344580796875001 0.8009946174375852 0.12469036889419598 0.782273171922115 0.2308649559827968 0.8376686091720297 0.2406326667761009
4 1.0135662646925585 0.12409398924981693 0.9736927328125 0.1170632093750001 0.9601264681069072 0.19400131551160552 0.9999999999869656 0.20103209538642233
4 0.8717889453125001 0.21809012812500014 0.8317811295699498 0.2110356709791617 0.8193001670699497 0.2818187287916617 0.8593079828124999 0.2888731859375001
4 1.0344583143190378 0.11667159377205616 0.9694369609374999 0.10520657343750013 0.9349786464965681 0.3006293616067396 0.9999999998781061 0.3120943819412956
4 0.17881963750000002 2.7755575615628914e-17 0.09111019661081456 -0.01546554068922977 0.06738438723581455 0.11909021243577023 0.155093828125 0.13455575312500004
4 0.634436525 0.025511104687500084 0.45286259520270555 -0.006505278548747573 0.41216380294605104 0.2243090390309465 0.5937377327433455 0.2563254222671942
4 0.3890861281603365 0.24721209198709762 0.25059753906250004 0.2227928171875 0.15292043902716362 0.7767471783254025 0.2914090281250001 0.801166453125
4 0.7300078546875003 0.5992609421875 0.608445646931996 0.5778262449892606 0.5566225187500001 0.8717298078125001 0.6781847265055044 0.8931645050107397
4 0.8472767234375 0.33910968437500005 0.7318695656865483 0.31876028871344186 0.6936127015624998 0.5357257468750001 0.8090198593134514 0.5560751425365582
4 0.4656196094059212 0.6050000951371384 0.3517512125000001 0.5849220250000002 0.32814591403157906 0.7187943283003619 0.4420143109375001 0.7388723984375002
4 0.53104574375 7.771561172376095e-17 0.46334021080794213 -0.01193831276890106 0.447714927953364 0.076677065594736 0.5154204608954218 0.08861537836363714
1 0.12430452812500006 0.6780917796875 8.881784197001253e-17 0.6561735375 -0.04395469509206009 0.9054530000388695 0.08034983303293988 0.9273712422263696