1 1 0.37187500000000007 0.85 0.37187500000000007 0.85 0.7320312500000001 1 0.7320312500000001
1 1 0.060937500000000124 0.8875 0.06093750000000011 0.8875 0.35625000000000007 1 0.35625000000000007
4 0.5156250000000001 0.5328125 0.19843750000000004 0.5328125 0.19843750000000007 0.8546875 0.5156250000000002 0.8546875
4 0.50390625 0.4375 0.4546875 0.4375 0.4546875 0.52890625 0.50390625 0.52890625
4 0.8 0.1281250000000001 0.753125 0.1281250000000001 0.753125 0.1867187500000001 0.8 0.1867187500000001
4 0.3484375 0.10781250000000005 0.3078125 0.10781250000000005 0.3078125 0.17343750000000005 0.3484375 0.17343750000000005
4 0.12187500000000002 0.178125 0.0031250000000000223 0.178125 0.0031250000000000375 0.425 0.12187500000000004 0.425
4 0.07890625000000012 0.915625 0.0031250000000001125 0.915625 0.0031250000000001173 0.99921875 0.07890625000000014 0.99921875
4 0.2421875 0.006250000000000028 0.2 0.006250000000000025 0.2 0.057812500000000024 0.2421875 0.057812500000000024
4 0.1437500000000001 0.659375 8.075014831877861e-17 0.659375 1.0160741411675698e-16 1 0.14375000000000013 1
4 0.83359375 0.6359375000000002 0.7265625 0.6359375000000002 0.7265625000000001 0.8140625 0.83359375 0.8140625
4 0.61015625 0.3578125000000001 0.4203125 0.3578125000000001 0.4203125 0.59140625 0.61015625 0.59140625
4 0.59765625 0.12656250000000008 0.4734375 0.12656250000000005 0.4734375 0.3546875000000001 0.59765625 0.3546875000000001
4 0.3585937500000001 0.3796875 0.27812500000000007 0.3796875 0.27812500000000007 0.53359375 0.3585937500000001 0.53359375
4 0.24140625 0.09843750000000002 0.1234375 0.09843750000000002 0.12343750000000002 0.2328125 0.24140625 0.2328125
4 0.2945312500000001 0.5859375 0.15000000000000008 0.5859375 0.15000000000000008 0.7484375 0.2945312500000001 0.7484375
4 0.19843750000000007 0.403125 0.07187500000000005 0.403125 0.07187500000000005 0.596875 0.1984375000000001 0.596875
4 0.10703125000000006 0.353125 0.003125000000000043 0.353125 0.0031250000000000574 0.58828125 0.10703125000000009 0.58828125
4 0.6578125 0.0046875000000000736 0.5421875 0.004687500000000067 0.5421875 0.10468750000000007 0.6578125 0.10468750000000009
4 0.98359375 0.8046875 0.846875 0.8046875 0.846875 0.99375 0.98359375 0.99375
1 0.746875 0.00937500000000009 0.7234375 0.009375000000000088 0.7234375 0.2117187500000001 0.746875 0.2117187500000001
4 0.2734375000000001 0.7171875 0.1750000000000001 0.7171875 0.1750000000000001 0.87265625 0.2734375000000001 0.87265625
4 0.4875 0.03750000000000005 0.35625 0.03750000000000005 0.35625 0.23359375000000004 0.4875 0.2335937500000001
4 0.71953125 0.2062500000000001 0.63125 0.2062500000000001 0.63125 0.57734375 0.71953125 0.57734375
4 0.41875 0.22500000000000003 0.3 0.225 0.30000000000000004 0.421875 0.41875 0.421875
4 0.08671875000000001 0.007812500000000005 0.0015625000000000007 0.0078125 0.0015625000000000111 0.1765625 0.08671875000000002 0.1765625
4 0.18750000000000008 0.6671875 0.10000000000000009 0.6671875 0.10000000000000009 0.828125 0.18750000000000008 0.828125
4 0.99921875 0.2453125000000001 0.7140625 0.2453125000000001 0.7140625 0.3812500000000001 0.99921875 0.3812500000000001
4 0.2757812500000001 0.8515625 0.17343750000000008 0.8515625 0.1734375000000001 1 0.2757812500000001 1
4 0.69609375 0.009375000000000081 0.60625 0.009375000000000074 0.60625 0.1789062500000001 0.69609375 0.1789062500000001
4 0.25781250000000006 0.19687500000000002 0.07343750000000002 0.196875 0.07343750000000003 0.40234375 0.2578125000000001 0.40234375
4 0.4734375 0.3156250000000001 0.3875 0.3156250000000001 0.38750000000000007 0.475 0.4734375 0.475
4 0.16875000000000007 0.5203125 0.03906250000000007 0.5203125 0.039062500000000076 0.70078125 0.1687500000000001 0.70078125
4 0.509375 0.528125 0.4078125 0.528125 0.4078125 0.67578125 0.509375 0.67578125
1 0.8515625 0.3437500000000001 0.7859375 0.3437500000000001 0.7859375 0.4695312500000002 0.8515625 0.4695312500000002
1 0.9078125 0.0031250000000001043 0.7890625 0.0031250000000000973 0.7890625 0.1500000000000001 0.9078125 0.15000000000000013
4 0.884375 0.5140625000000002 0.809375 0.5140625000000002 0.809375 0.5804687500000002 0.884375 0.5804687500000002
4 0.73359375 0.1828125000000001 0.65625 0.1828125000000001 0.65625 0.2734375000000001 0.73359375 0.2734375000000001
4 0.78125 0.3265625000000001 0.7265625 0.3265625000000001 0.7265625 0.5679687500000001 0.78125 0.5679687500000001
1 0.6421875 0.2000000000000001 0.61875 0.2000000000000001 0.61875 0.6265625 0.6421875 0.6265625
1 0.9359375 0.3609375000000001 0.8625 0.3609375000000001 0.8625 0.4476562500000002 0.9359375 0.4476562500000002
1 0.87734375 0.10937500000000008 0.784375 0.10937500000000008 0.784375 0.2929687500000001 0.87734375 0.2929687500000001
4 0.46484375 0.45625 0.3765625000000001 0.45625 0.3765625000000001 0.615625 0.46484375 0.615625
1 0.81796875 0.003125000000000095 0.740625 0.0031250000000000904 0.740625 0.0859375000000001 0.81796875 0.08593750000000011
1 0.7828125 0.4937500000000001 0.6828125 0.49375 0.6828125 0.6921875000000001 0.7828125 0.6921875000000002
4 0.1265625 0.0015625000000000124 0.078125 0.0015625000000000096 0.078125 0.035156250000000014 0.1265625 0.035156250000000014
4 0.1296875 0.010937500000000013 0.071875 0.010937500000000008 0.07187500000000001 0.1671875 0.1296875 0.1671875
1 0.996875 0.0640625000000001 0.9625 0.0640625000000001 0.9625 0.12812500000000013 0.996875 0.12812500000000013
4 0.3945312500000001 0.4234375 0.3140625000000001 0.4234375 0.3140625000000001 0.5984375 0.3945312500000001 0.5984375
4 0.3023437500000001 0.409375 0.21250000000000008 0.409375 0.21250000000000008 0.515625 0.3023437500000001 0.515625
4 0.05703125000000001 0.012500000000000002 0.021875 0.0125 0.021875000000000006 0.09375 0.05703125000000002 0.09375
1 0.9984375 0.06406250000000012 0.9375 0.0640625000000001 0.9375 0.18671875000000013 0.9984375 0.18671875000000013
4 0.73046875 0.2984375000000001 0.7109375 0.2984375000000001 0.7109375 0.3296875000000001 0.73046875 0.3296875000000001