4 1 6.123233995736766e-17 0 0 6.123233995736766e-17 1 1 1
4 1 6.123233995736766e-17 0 0 6.123233995736766e-17 1 1 1
4 0.12656250000000002 0.09062500000000001 0.04531250000000001 0.090625 0.04531250000000002 0.2046875 0.12656250000000005 0.2046875
4 0.69375 0.010937500000000069 0.3984375 0.01093750000000005 0.39843750000000006 0.4578125 0.69375 0.4578125
4 0.4609375 0.021875000000000026 2.678914873134835e-18 0.021875 4.1810207127140106e-17 0.6609375 0.4609375 0.6609375
4 0.675 0.07968750000000009 0.64375 0.07968750000000009 0.64375 0.12500000000000008 0.675 0.12500000000000008
4 0.3328125 0.19843750000000004 0.2796875 0.19843750000000004 0.2796875 0.275 0.3328125 0.275
4 0.546875 0.3234375000000001 0.521875 0.3234375000000001 0.521875 0.36406250000000007 0.546875 0.36406250000000007
4 0.3343750000000001 0.478125 0.2984375000000001 0.478125 0.2984375000000001 0.53125 0.3343750000000001 0.53125
4 0.3218750000000001 0.8234375 0.2906250000000001 0.8234375 0.2906250000000001 0.8609375 0.3218750000000001 0.8609375
4 0.4078125000000001 0.5265625 0.042187500000000065 0.5265625 0.04218750000000009 1 0.4078125000000002 1
4 0.2640625000000001 0.65625 0.2218750000000001 0.65625 0.2218750000000001 0.73125 0.2640625000000001 0.73125
4 0.4421875 0.012500000000000042 0.2359375 0.012500000000000028 0.2359375 0.2984375 0.4421875 0.2984375000000001
4 0.4 0.057812500000000044 0.3734375 0.057812500000000044 0.3734375 0.09687500000000004 0.4 0.09687500000000004
4 0.1921875000000001 0.71875 0.1625000000000001 0.71875 0.1625000000000001 0.7703125 0.1921875000000001 0.7703125
4 0.17500000000000002 0.1109375 0.109375 0.1109375 0.10937500000000003 0.240625 0.17500000000000004 0.240625
4 0.5921875000000001 0.6125 0.3984375000000001 0.6125 0.3984375000000001 0.9953125 0.5921875000000002 0.9953125
4 0.9984375 0.20312500000000008 0.715625 0.20312500000000008 0.715625 0.5984375000000001 0.9984375 0.5984375000000002
4 0.8390625 0.3296875000000001 0.8015625 0.3296875000000001 0.8015625 0.37968750000000007 0.8390625 0.37968750000000007
4 0.05156250000000001 0.04687500000000001 5.7405318710032185e-18 0.046875 9.758904180705472e-18 0.1125 0.051562500000000025 0.1125
4 0.2312500000000001 0.403125 0.2000000000000001 0.403125 0.2000000000000001 0.453125 0.2312500000000001 0.453125
4 0.5000000000000002 0.9390625 0.4703125000000002 0.9390625 0.4703125000000002 0.9890625 0.5000000000000002 0.9890625
4 0.18750000000000003 0.07968750000000001 0.012500000000000011 0.0796875 0.012500000000000022 0.290625 0.18750000000000006 0.290625
4 0.3359375 0.02968750000000004 0.3109375 0.029687500000000033 0.3109375 0.07187500000000005 0.3359375 0.07187500000000005
4 0.9546875 0.35625000000000007 0.9125 0.35625000000000007 0.9125 0.4265625000000002 0.9546875 0.4265625000000002
4 0.46093750000000017 0.7265625 0.4359375000000002 0.7265625 0.4359375000000002 0.7640625 0.46093750000000017 0.7640625
4 0.3828125000000001 0.6421875 0.35625000000000007 0.6421875 0.35625000000000007 0.68125 0.3828125000000001 0.68125
4 0.17968750000000006 0.3328125 0.15781250000000005 0.3328125 0.15781250000000005 0.36875 0.17968750000000006 0.36875
4 0.6265625 0.409375 0.6015625 0.409375 0.6015625 0.4515625 0.6265625 0.4515625
4 0.9609375 1.0486038217699212e-16 0.7515625 9.203986099841827e-17 0.7515625 0.1796875000000001 0.9609375 0.17968750000000014
4 0.4125 0.4421875 0.38750000000000007 0.4421875 0.38750000000000007 0.4859375 0.4125 0.4859375
4 0.4359375000000001 0.7140625 0.4015625 0.7140625 0.4015625000000001 0.76875 0.4359375000000002 0.76875
4 0.715625 0.2718750000000001 0.6875 0.2718750000000001 0.6875 0.30937500000000007 0.715625 0.30937500000000007
4 0.2515625000000001 0.934375 0.21250000000000008 0.934375 0.21250000000000008 0.9890625 0.2515625000000001 0.9890625
4 0.2171875 0.271875 0.16093750000000004 0.271875 0.16093750000000004 0.35 0.2171875 0.35
4 0.13281250000000008 0.7140625 0.10781250000000009 0.7140625 0.10781250000000009 0.7515625 0.13281250000000008 0.7515625
4 0.9015625 0.21250000000000008 0.875 0.21250000000000008 0.875 0.2562500000000001 0.9015625 0.2562500000000001
4 0.5312500000000002 0.7546875 0.5031250000000002 0.7546875 0.5031250000000002 0.7953125 0.5312500000000002 0.7953125
4 0.2953125000000001 0.6078125 0.2656250000000001 0.6078125 0.2656250000000001 0.659375 0.2953125000000001 0.659375
4 0.9296875 0.15312500000000012 0.903125 0.1531250000000001 0.903125 0.19218750000000012 0.9296875 0.19218750000000012
4 0.4625 0.08593750000000006 0.4328125 0.08593750000000004 0.4328125 0.12812500000000004 0.4625 0.12812500000000004
4 0.7125 0.0015625000000000853 0.6796875 0.0015625000000000834 0.6796875 0.042187500000000086 0.7125 0.042187500000000086
4 0.9390625 0.05625000000000011 0.915625 0.05625000000000011 0.915625 0.08593750000000011 0.9390625 0.08593750000000011
4 0.61875 0.3203125000000001 0.596875 0.3203125000000001 0.596875 0.3625000000000001 0.61875 0.3625000000000001
4 0.2859375 0.05312500000000003 0.2484375 0.05312500000000002 0.2484375 0.11093750000000005 0.2859375 0.11093750000000005
4 0.4765625 0.4171875 0.4171875 0.4171875 0.4171875 0.5109375 0.4765625 0.5109375
4 0.546875 0.4171875 0.5015625 0.4171875 0.5015625 0.4859375 0.546875 0.4859375
4 0.25781250000000006 0.265625 0.09843750000000002 0.265625 0.09843750000000004 0.5046875 0.2578125000000001 0.5046875
4 0.4171875 0.21093750000000008 0.3703125 0.21093750000000008 0.3703125 0.28593750000000007 0.4171875 0.28593750000000007
4 0.5453125000000002 0.8625 0.4359375000000002 0.8625 0.4359375000000002 1 0.5453125000000002 1
4 0.07656250000000005 0.303125 0.03593750000000003 0.303125 0.03593750000000004 0.3578125 0.07656250000000005 0.3578125
4 0.07500000000000007 0.4796875 0.045312500000000054 0.4796875 0.04531250000000006 0.528125 0.07500000000000007 0.528125
4 0.3062500000000001 0.8390625 0.2515625000000001 0.8390625 0.2515625000000001 0.9328125 0.3062500000000001 0.9328125
4 0.06718750000000005 0.44375 5.43437017121638e-17 0.44375 5.95101803960667e-17 0.528125 0.06718750000000007 0.528125
4 0.35625 0.19062500000000004 0.334375 0.19062500000000004 0.334375 0.2328125 0.35625 0.2328125
4 0.1281250000000001 0.8328125 0.0953125000000001 0.8328125 0.0953125000000001 0.8890625 0.1281250000000001 0.8890625
4 0.33281250000000007 0.571875 0.2953125000000001 0.571875 0.2953125000000001 0.6296875 0.33281250000000007 0.6296875
4 0.15781250000000005 0.3359375 0.11718750000000004 0.3359375 0.11718750000000004 0.4046875 0.15781250000000005 0.4046875
4 0.3265625 0.09687500000000004 0.278125 0.09687500000000004 0.278125 0.17500000000000004 0.3265625 0.17500000000000004
4 0.20468750000000008 0.7859375 0.1750000000000001 0.7859375 0.1750000000000001 0.834375 0.20468750000000008 0.834375
4 0.4984375 0.6046875 0.4703125 0.6046875 0.4703125 0.6484375 0.4984375 0.6484375
4 0.44375 0.4859375 0.4125 0.4859375 0.4125 0.546875 0.44375 0.546875
4 0.2515625000000001 0.4578125 0.21875000000000008 0.4578125 0.21875000000000008 0.5109375 0.2515625000000001 0.5109375
4 0.20468750000000008 0.55 0.007812500000000066 0.55 0.007812500000000087 0.8703125 0.20468750000000008 0.8703125
4 0.975 9.701498861995439e-17 0.609375 7.462691432304184e-17 0.609375 0.4296875000000001 0.975 0.42968750000000017
4 0.2921875000000001 0.4578125 0.2671875000000001 0.4578125 0.2671875000000001 0.4984375 0.2921875000000001 0.4984375
4 0.25000000000000006 0.31875 0.2234375 0.31875 0.22343750000000004 0.3640625 0.2500000000000001 0.3640625
4 0.1859375000000001 0.7828125 0.1609375000000001 0.7828125 0.1609375000000001 0.825 0.1859375000000001 0.825
4 0.2000000000000001 0.55 0.16562500000000008 0.55 0.16562500000000008 0.615625 0.2000000000000001 0.615625
4 0.4562500000000001 0.7140625 0.3500000000000001 0.7140625 0.3500000000000001 0.903125 0.45625000000000016 0.903125
4 0.2093750000000001 0.9453125 0.17187500000000014 0.9453125 0.17187500000000014 0.99375 0.2093750000000001 0.99375
4 0.4265625000000002 0.80625 0.3968750000000001 0.80625 0.3968750000000001 0.853125 0.4265625000000002 0.853125
4 0.22656250000000008 0.70625 0.14062500000000008 0.70625 0.14062500000000008 0.8484375 0.22656250000000008 0.8484375
4 0.85625 0.25468750000000007 0.83125 0.25468750000000007 0.83125 0.2906250000000001 0.85625 0.2906250000000001
4 0.5078125000000001 0.38125000000000003 0.2531250000000001 0.38125 0.2531250000000001 0.978125 0.5078125000000002 0.978125
4 0.47187500000000016 0.753125 0.44062500000000016 0.753125 0.44062500000000016 0.7953125 0.47187500000000016 0.7953125
4 0.7421875 0.2015625000000001 0.5578125 0.2015625000000001 0.5578125 0.4843750000000001 0.7421875 0.48437500000000017
4 0.4515625 0.2671875 0.284375 0.2671875 0.28437500000000004 0.5375 0.4515625 0.5375
4 0.4921875 0.3218750000000001 0.4703125 0.3218750000000001 0.4703125 0.3578125000000001 0.4921875 0.3578125000000001
4 0.6734375 0.2531250000000001 0.6515625 0.2531250000000001 0.6515625 0.2906250000000001 0.6734375 0.2906250000000001
4 0.4390625000000002 0.9375 0.4078125000000002 0.9375 0.4078125000000002 0.984375 0.4390625000000002 0.984375
4 0.3750000000000001 0.9765625 0.3453125000000001 0.9765625 0.3453125000000001 1 0.3750000000000001 1
4 0.7 0.21250000000000008 0.6015625 0.21250000000000008 0.6015625 0.3453125000000001 0.7 0.3453125000000001
4 0.971875 0.13125000000000012 0.80625 0.1312500000000001 0.80625 0.3140625000000001 0.971875 0.3140625000000001
4 0.5890625 0.12968750000000007 0.43125 0.12968750000000004 0.43125 0.3468750000000001 0.5890625 0.3468750000000001
4 0.73125 0.3375000000000001 0.678125 0.3375000000000001 0.678125 0.4125000000000001 0.73125 0.4125000000000002
4 0.221875 0.029687500000000016 0.1 0.029687500000000012 0.1 0.11406250000000002 0.221875 0.11406250000000004
4 0.5531250000000002 0.9453125 0.5078125000000002 0.9453125 0.5078125000000002 1 0.5531250000000002 1
4 0.11718750000000004 0.3109375 3.807886141098801e-17 0.3109375 5.204748896376251e-17 0.5390625 0.11718750000000004 0.5390625
4 0.2968750000000001 0.890625 0.2734375000000001 0.890625 0.2734375000000001 0.9265625 0.2968750000000001 0.9265625
4 0.959375 0.3062500000000001 0.7765625 0.3062500000000001 0.7765625 0.45625000000000016 0.959375 0.45625000000000016
4 0.3890625000000001 0.5328125 0.2640625000000001 0.5328125 0.2640625000000001 0.7015625 0.3890625000000001 0.7015625
4 0.815625 0.3437500000000001 0.7828125 0.3437500000000001 0.7828125 0.3890625000000001 0.815625 0.3890625000000001
4 0.6359375 0.3062500000000001 0.45625 0.3062500000000001 0.45625 0.5453125 0.6359375 0.5453125
4 0.2484375000000001 0.790625 0.0375000000000001 0.790625 0.03750000000000011 1 0.2484375000000001 1
4 0.16250000000000003 0.19375 0.14218750000000005 0.19375 0.14218750000000005 0.2234375 0.16250000000000003 0.2234375
4 0.8640625 0.36406250000000007 0.728125 0.36406250000000007 0.728125 0.5578125000000002 0.8640625 0.5578125000000002
4 0.7203125 8.00804196004949e-17 0.5875 7.1947999449907e-17 0.5875 0.16562500000000008 0.7203125 0.16562500000000008
4 0.784375 0.1828125000000001 0.73125 0.1828125000000001 0.73125 0.2484375000000001 0.784375 0.2484375000000001
4 0.740625 0.14843750000000008 0.6921875 0.14843750000000008 0.6921875 0.20312500000000008 0.740625 0.20312500000000008
4 0.646875 0.026562500000000072 0.5046875 0.026562500000000065 0.5046875 0.2000000000000001 0.646875 0.2000000000000001
4 0.2515625 0.028125000000000018 3.444319122601931e-18 0.028125 1.3107547772124015e-17 0.18593750000000003 0.2515625 0.18593750000000003
4 0.4375 0.06875000000000005 0.346875 0.06875000000000005 0.346875 0.21562500000000004 0.4375 0.2156250000000001
4 0.9328125 0.3703125000000001 0.896875 0.3703125000000001 0.896875 0.4312500000000002 0.9328125 0.4312500000000002
4 0.875 0.029687500000000106 0.7875 0.0296875000000001 0.7875 0.13281250000000008 0.875 0.13281250000000008
4 0.6265625 0.02968750000000007 0.5515625 0.029687500000000068 0.5515625 0.09843750000000007 0.6265625 0.09843750000000007
1 0.4765625000000001 0.4 0.3781250000000001 0.4 0.3781250000000001 0.8921875 0.47656250000000017 0.8921875
4 0.007812500000000062 0.4796875 5.87447761465996e-17 0.4796875 6.199774420683475e-17 0.5328125 0.007812500000000066 0.5328125
4 0.37968750000000007 0.8765625 0.1921875000000001 0.8765625 0.19218750000000012 1 0.37968750000000007 1
4 0.8 0.05156250000000009 0.7203125 0.05156250000000009 0.7203125 0.1437500000000001 0.8 0.1437500000000001
4 0.6125 0.2500000000000001 0.5859375 0.2500000000000001 0.5859375 0.2828125000000001 0.6125 0.2828125000000001
1 1 0.40625000000000017 0.95625 0.40625000000000017 0.95625 0.8921875 1 0.8921875
4 0.959375 0.2765625000000001 0.93125 0.2765625000000001 0.93125 0.31718750000000007 0.959375 0.31718750000000007
1 0.45625 0.01250000000000005 0.3765625 0.012500000000000044 0.3765625 0.15937500000000004 0.45625 0.15937500000000004
4 0.571875 0.3031250000000001 0.4671875 0.3031250000000001 0.4671875 0.3890625000000001 0.571875 0.3890625000000001
4 0.2796875 0.15312500000000004 0.2234375 0.15312500000000004 0.2234375 0.234375 0.2796875 0.234375
1 0.7375 0.042187500000000086 0.6421875 0.04218750000000008 0.6421875 0.29375000000000007 0.7375 0.29375000000000007
4 0.27812500000000007 0.5421875 0.18906250000000005 0.5421875 0.18906250000000008 0.640625 0.27812500000000007 0.640625
4 0.07343750000000007 0.4703125 5.759666977239896e-17 0.4703125 6.764260054665459e-17 0.634375 0.07343750000000007 0.634375
4 0.3531250000000001 0.959375 0.28593750000000007 0.959375 0.28593750000000007 1 0.3531250000000001 1
1 0.44375 0.4109375 0.4 0.4109375 0.4 0.5328125 0.44375 0.5328125
1 0.7703125 0.1687500000000001 0.71875 0.1687500000000001 0.71875 0.3125000000000001 0.7703125 0.3125000000000001
1 0.7718750000000001 0.6359375000000002 0.7453125 0.6359375000000002 0.7453125 0.7328125000000002 0.7718750000000002 0.7328125000000002
4 0.9140625 0.4437500000000002 0.9 0.4437500000000002 0.9 0.46406250000000016 0.9140625 0.46406250000000016
4 0.07343750000000002 0.06875 8.419446744138053e-18 0.06875 1.3872952021591111e-17 0.1578125 0.07343750000000002 0.1578125
4 0.9546875 5.845774955304943e-17 0 0 1.903943070549401e-17 0.31093750000000003 0.9546875 0.3109375000000001
1 0.990625 0.2218750000000001 0.9234375 0.2218750000000001 0.9234375 0.3890625000000001 0.990625 0.3890625000000001
1 0.940625 0.1250000000000001 0.7421875 0.12500000000000008 0.7421875 0.21250000000000008 0.940625 0.21250000000000008
4 1 0.921875 0.05156250000000011 0.921875 0.05156250000000012 1 1 1
4 1 0.93125 0.06250000000000011 0.93125 0.06250000000000012 1 1 1
4 1 0.934375 0.057812500000000114 0.934375 0.05781250000000012 1 1 1