4 1.0572077476531343 0.9353384046655252 0.9353384047496537 -0.057207746967960646 0.0218857734375 0.05495013281249998 0.14375511634098045 1.047496284445986
4 0.7932093203125001 0.9520109937500001 0.7852116453091849 0.8868751530979997 0.7433386046874999 0.8920165156250001 0.7513362796908152 0.9571523562770003
4 1.0523657319121518 0.9044482483874189 1 0.477963571875 0.7203291388929284 0.5123028345564508 0.7726948708050801 0.9387875110688697
4 1.0090312711725127 0.5429725041623719 0.9995102299036447 0.4654298359109609 0.9498829233224522 0.4715233021880089 0.95940396459132 0.54906597043942
4 0.9877786562500003 0.690411534375 0.9797809812500002 0.6252756921874999 0.931704526432631 0.6311787380048041 0.9397022014326311 0.6963145801923042
4 0.5454281234683384 0.9084456971261583 0.5320986640625 0.7998859609375001 0.4561068484066616 0.8092165825613418 0.4694363078125 0.91777631875
4 1.0101737984792536 0.5522776239769542 0.9578080640624999 0.12579294843749997 0.7251800593411304 0.1543560762866544 0.777545793757884 0.5808407518261086
4 0.7118032626061039 0.9557094649266477 0.704186428125 0.8936753296875001 0.6576608280188961 0.8993879553858525 0.6652776625000001 0.9614220906250001
4 0.5494074157088903 0.594684514745732 0.54179058125 0.5326503796875002 0.4906124202286096 0.5389342680667681 0.49822925468749996 0.600968403125
4 0.820529903125 0.77706493125 0.81462685625 0.7289884765625001 0.7727538155375068 0.7341298399124249 0.7786568624125068 0.7822062945999247
4 0.7912266234579358 0.7948310282914359 0.7830385263939343 0.7281443330021423 0.7303095123109985 0.7346186422107064 0.7384976093750001 0.8013053375000002
4 0.5407735781254823 0.9987485468789279 0.5293483264998305 0.9056973448020976 0.46576333876558484 0.9135046000364566 0.4771885903912366 1.006555802113287
4 0.9516712296875 0.8066155906250001 0.9457681838701957 0.7585391358076314 0.9085477026201956 0.7631092358076316 0.9144507484374997 0.8111856906250002
4 0.5703537079247046 0.7652783852888341 0.5585476155482032 0.6691254759370404 0.4561912935609985 0.6816932515857065 0.4679973859375 0.7778461609375001
4 0.9616125110524179 0.336273193123431 0.9145015523276928 -0.04741478976891263 0.5283390640624999 0 0.5754500227872249 0.3836879828923436
4 0.9566046109374999 0.4108770875 0.9451793593123305 0.3178258854270976 0.8815943718750001 0.32563314062500004 0.8930196235001695 0.41868434269790245
4 0.996944359375 0.8419868359374998 0.9887562635576961 0.7753001404951314 0.932925541682696 0.7821552904951313 0.9411136375 0.8488419859374998
4 0.3955450782516456 0.6749715650939457 0.381834778125 0.5633101218750001 0.3104955233108544 0.5720694802185543 0.32420582343750004 0.6837309234375
4 0.6101851078125 0.8076147265625 0.6058054280829037 0.7719450996571535 0.5825426281249999 0.7748014125 0.5869223078545962 0.8104710394053466
4 0.7379243609872397 0.8863843644675968 0.7339255234375001 0.8538164437500001 0.7075610155752603 0.8570535980324031 0.711559853125 0.88962151875
4 0.3643041484375 0.9590211390625001 0.3357410203125 0.7263931343750001 0.25509664550716044 0.7362950187728814 0.2836597736321604 0.9689230234603816
4 0.7045142828733846 0.8322399458083656 0.6955645029968831 0.7593498364565721 0.6242252482484985 0.7681091953357064 0.6331750281249999 0.8409993046874998
4 0.369751834375 0.682861278125 0.36232542129862855 0.6223779967539186 0.31735067286112856 0.6279002014414186 0.3247770859375 0.6883834828125
4 0.9367044868078678 0.9155011936431322 0.9298493359142934 0.8596704732484983 0.8895271484375 0.8646214156250001 0.896382299331074 0.9204521360196338
4 0.9893629527488528 0.4084291029793343 0.9611806671642936 0.17890280449849857 0.8479683703125002 0.19280352656250002 0.8761506558970593 0.4223298250433357
4 0.9771210453958703 0.3343689834914965 0.9651245311443688 0.2366652210147029 0.9139463701234984 0.24294910939820644 0.9259428843749999 0.34065287187500004
4 0.6405759390625001 0.8243482453125 0.6270560593750001 0.7142376562499999 0.552615098280958 0.7233778565375676 0.5661349779684579 0.8334884456000676
4 0.9411666265625002 0.913379078125 0.9278371671875002 0.8048193421875002 0.8440910842951341 0.815102068099544 0.8574205436701341 0.9236618040370438
4 0.47098914699460986 0.827854310349144 0.45499379526631484 0.6975826277488519 0.377451126396705 0.707103670524708 0.39344647812499994 0.8373753531249999
4 0.5662469098261285 0.6933678671321084 0.5422538827892934 0.49796034356099844 0.38406683906249994 0.5173832703124999 0.408059866099335 0.7127907938836099
4 0.528125328125 0.84445238125 0.5168904990848926 0.7529520325411593 0.46105977653929353 0.7598071826234984 0.4722946055794009 0.851307531332339
4 0.5871796125000002 0.24843787187500005 0.5786106734375001 0.17864947031250003 0.5320850720087364 0.18436209640169623 0.5406540110712366 0.25415049796419625
4 1.0094121139651278 0.546074211167158 0.9911317125 0.39719228749999996 0.8825719781039808 0.4105217467038148 0.9008523795691087 0.5594036703709729
4 0.9972251797606907 0.4468195959085902 0.9894179248841892 0.38323460686929667 0.9366889107484984 0.3897089156482065 0.9444961656249997 0.45329390468749997
4 0.577972528125 0.7375809312500001 0.5684514843756907 0.6600382626917661 0.5126207625006907 0.6668934142542662 0.52214180625 0.7444360828125001
4 0.62028336875 0.6206151921874999 0.6111431682553182 0.5461742311188884 0.5568632995053182 0.5528389608063885 0.5660035 0.627279921875
4 0.9228726343749999 0.14897329062499998 0.9116378029211045 0.05747294052690573 0.8589087875232068 0.06394725018900149 0.8701436189771021 0.15544760028709576
4 1.005141370927877 0.5119654398835828 0.9999999998232815 0.47009240012324477 0.9892255117079044 0.471415343052162 0.9943668828124999 0.5132883828125
4 0.9654229124999999 0.27755867187500005 0.9560922921874997 0.20156685625 0.920422663975611 0.20594653522984646 0.9297532842881111 0.2819383508548465
4 0.8393739313460433 0.045880786719711054 0.8338517264695421 0.0009060383054175114 0.8090380732484984 0.003952771898206464 0.8145602781249999 0.04892752031250001
4 0.49212597968750005 1.0000000000000002 0.4700370420391799 0.820100042542029 0.32735853272189736 0.8376187609486246 0.3494474703702175 1.017518718406596
4 0.2632277844486451 0.9179077959122914 0.231427503125 0.658915284375 0.06083363273885488 0.6798615775252086 0.0926339140625 0.9388540890624999
4 0.21719098603037432 0.966064725756401 0.1992914265625 0.8202845078125 0.06436718428212565 0.8368511211185989 0.08226674374999998 0.9826313390625
4 0.3142375265625 1 0.30488291711675114 0.923812825986297 0.21958598281249997 0.9342859734375001 0.2289405922582488 1.010473147451203
4 0.748670388754931 0.9354404092209141 0.7444811296642936 0.9013216357484986 0.718116621875 0.9045587906250001 0.7223058809656375 0.9386775640974155