4 0.44945020468749997 1 0.4339812202952385 0.557026260443198 0.13026010236877067 0.567632435963908 0.14572908676103208 1.01060617552071
4 0.5259613437499999 0.39277864531249995 0.5122196666551859 -0.0007314925234321757 0.35138020573005113 0.0048851453306570135 0.36512188282486513 0.3983952831665892
4 0.6869545125379676 0.6154206932747466 0.6751214015459703 0.27656474015164967 0.5267743249455027 0.2817451343769032 0.5386074359374999 0.6206010875
4 0.8598600656250002 0.8657888937499998 0.8524984531250002 0.6549798906250001 0.66823576872638 0.6614144852611129 0.6755973812263799 0.8722234883861126
4 0.18093356408822617 0.4517308538617006 0.1792976499712289 0.40488440855110375 0.13401275307050273 0.4064657921894031 0.1356486671875 0.45331223749999994
4 0.15758961718749998 0.14141901250000005 0.15524480623309758 0.07427244014097886 0.11152145781249997 0.07579929375 0.11386626876690238 0.14294586610902119
4 0.19520319845047554 0.8827454128715704 0.19383993589788132 0.8437067082404706 0.15714355307240577 0.8449881750564001 0.15850681562499996 0.8840268796874999
4 0.0360145109375 0.8460911890625 0.0342422703125 0.7953408734375 0.010038273457856295 0.7961860958954279 0.011810514082856294 0.8469364115204276
4 0.4799180625 0.999442596875 0.47787316869677143 0.9408845391007346 0.43883446463241976 0.9422478015971617 0.44087935843564835 1.0008058593714273
4 0.8531826046874998 0.9879713640625001 0.8492291457253565 0.8747591218605828 0.7274283879128566 0.8790124984230827 0.731381846875 0.992224740625
4 0.655537700718801 0.9917463718498991 0.651584242185597 0.8785341296330029 0.561795221875 0.8816696312500001 0.565748680408204 0.9948818734668963
4 1.0093374210067518 0.982518317601226 0.9998218546482788 0.7100281613768396 0.7718358227040268 0.7179896094006135 0.7813513890625001 0.9904797656249998
4 0.358600615625 0.8160648062500002 0.3574009453125 0.7817107453125001 0.3316354015464968 0.7826104979792292 0.3328350718589968 0.8169645589167294
4 0.652729348477271 0.6650828870763942 0.6302627968602739 0.02172504176579727 0.4756695280705028 0.027123557814403086 0.49813607968749996 0.6704814031249999
4 0.6812561110081117 0.6984826645220524 0.679920115625 0.6602247328125 0.6525930218607887 0.6611790152180418 0.6539290172439004 0.6994369469275942
4 0.5860091359402713 0.9034941219543582 0.57098599375 0.47328760156249994 0.37891556874722876 0.47999484835814166 0.3939387109375 0.9102013687499999
4 0.29392270938847226 0.30707446913579634 0.28353465624999996 0.009599542187499999 0.08756036092402769 0.01644311523920362 0.0979484140625 0.31391804218749997
4 0.343808 0.48200255937500003 0.3368553656204781 0.2829051670580089 0.21583538281249998 0.287131278125 0.22278801719202188 0.4862286704419911
4 0.7335605781249999 0.9874582999999999 0.7295253233961255 0.8719037347526916 0.66940571875 0.8740031578125 0.6734409734788744 0.9895577230598084
4 0.1156531140625 0.9999999999999998 0.11067882341527953 0.8575549259261888 0.013862835937500002 0.8609358140625 0.018837126584720486 1.003380888136311