4 1.029296356016518 0.759302805247989 0.9990194421874999 0.5127171203124999 0.674891089021377 0.5525150762275791 0.7051680028503948 0.7991007611630682
4 0.8931020828125 0.3808925984375 0.8664431640238967 0.1637731278106002 0.7889004953125001 0.1732941703125 0.8155594141011034 0.3904136409393998
4 0.10870012034546175 0.3260785752684518 0.078232784375 0.07794203749999999 -0.03046733597046173 0.09128873410654817 5.551115123125783e-18 0.33942527187499993
4 0.37298501875 0.8886889609375 0.34232726205326597 0.6390015701755012 0.10349584330326603 0.6683263811130011 0.13415360000000004 0.918013771875
4 0.5970795109788123 0.4188138347114621 0.58755846875 0.34127116562499993 0.5425837218336876 0.3467933699760379 0.5521047640625 0.42433603906250006
4 0.33636924222426773 0.6161196112369489 0.31047200625000004 0.40520355312499995 0.21276824371323227 0.41720006688805106 0.23866547968749993 0.628116125
4 0.4431327298579363 0.6266242154505924 0.4374201046689349 0.580098613911299 0.4001996232484985 0.5846687140857066 0.4059122484374999 0.6311943156250001
4 0.7472119203125 0.4491811500000001 0.7424513982796671 0.4104098143395535 0.712985184375 0.4140278109374999 0.717745706407833 0.4527991465979465
4 0.29085667446639096 0.33519724518616806 0.28343026093749996 0.2747139640624999 0.221396125533609 0.28233079856383186 0.2288225390625 0.3428140796875
4 0.5542288653691425 0.33906659046456455 0.5334729921875 0.17002357343750002 0.33651461431835744 0.1942070220354355 0.3572704875 0.36325003906250003
4 0.9671386859556284 0.2017847642101446 0.9407259810522831 -0.013329459200852888 0.8321662450966547 2.65024668877345e-11 0.8585789500000001 0.21511422343749995
4 0.15598343437499998 0.5060325390624999 0.14988996713941974 0.4564052308584177 0.10801692656249999 0.46154659374999996 0.11411039379808023 0.5111739019540822
4 0.5145465032315382 0.9389994633676855 0.5073105109374999 0.8800670343749999 0.46853917801846146 0.8848275553823145 0.4757751703124999 0.943759984375
4 0.7302389626088861 0.23402086182430643 0.7243359171874999 0.18594440624999997 0.6933188498911137 0.18975282255069353 0.6992218953124998 0.237829278125
4 0.3385248000093818 0.33878973913890864 0.299488525 0.020864799999999996 0.18782708280311824 0.03457510148609129 0.22686335781250003 0.35250004062499996
4 0.5070260251247795 0.21105247289124823 0.4961720374999999 0.12265382968750001 0.4574007030002204 0.12741435054625178 0.46825469062499997 0.21581299375000002
4 0.38657972351567704 0.07628917876170098 0.38162878125 0.035966990625 0.3521625671093229 0.039584986863299 0.35711350937499997 0.07990717499999998
4 0.7061634766010831 0.07640508000173553 0.7019742170370817 0.042286305024942 0.6771605638734985 0.04533303908570648 0.6813498234375 0.0794518140625
4 0.703984403125 0.18686902343750003 0.6798009552314327 -0.010089353098728483 0.5945040192939326 0.0003837937762715349 0.6186874671874999 0.19734217031250004
4 0.3468659046875 0.8682824734374999 0.327442978125 0.7100954296875 0.25300201707515463 0.7192356303350202 0.2724249436376546 0.8774226740850202
4 1.0089497787086426 0.7129997930075044 1.0000000000000002 0.640109684375 0.9586128093135562 0.6451913916870794 0.9675625880221986 0.7180815003195838
4 0.10747910624999997 0.17510202343749998 0.098338904890195 0.10066106110446307 0.045609889265195026 0.10713537047946306 0.05475009062499999 0.1815763328125
4 0.46190193439454585 0.8179504407841878 0.418295559375 0.46280502031250015 0.29267643748045424 0.47822910921581263 0.33628281250000003 0.8333745296875001
4 0.42128544531250006 1 0.4130068390625 0.93257615625 0.35252355653103784 0.9400025688206343 0.3608021627810378 1.0074264125706343
4 0.4821888566813189 0.047233277880189814 0.47628580996016395 -0.0008431768261999983 0.44061618124999996 0.003536503125000001 0.4465192279711549 0.05161295783138982
4 0.4429618546875 0.9714024640625001 0.43743964999999996 0.9264277156249999 0.4033208764658873 0.9306169742131531 0.40884308115338736 0.9755917226506533
4 0.2934361359375 0.5741641109375 0.2869618264234298 0.5214350957423641 0.252843053125 0.5256243546875 0.25931736263907024 0.5783533698826359
4 0.5883062563232515 0.9755956927840872 0.5841169967824567 0.9414769179962953 0.556201635771705 0.9449044939622082 0.5603908953125 0.9790232687500001
4 1.0146624071488453 0.890186823164014 0.9999999997912671 0.7707711139250073 0.9154853113924218 0.7811482141984936 0.9301477187499998 0.9005639234375001
4 0.5836556812685421 0.8864353673385139 0.5575680248295407 0.6739684564242204 0.3730164748109985 0.6966285375232065 0.39910413125 0.9090954484374999
4 1.013900722428605 0.7816581933376922 0.9999999999583492 0.6684458980982804 0.8720908900297442 0.6841511625730882 0.8859916125000001 0.7973634578125001
4 0.06633430625 0.4682388109375 0.060621681250000004 0.421713209375 0.021850346745131272 0.42647373019230406 0.027562971745131275 0.4729993317548041
4 0.17885339374999995 0.9999999999999998 0.17227121246556326 0.9463924340945352 0.130398171875 0.951533796875 0.1369803531594367 1.0051413627804646
4 0.1730603828125 0.9399986 0.16639565312500001 0.8857187312500002 0.12297175774154072 0.8910505150470831 0.12963648742904071 0.9453303837970829
4 1.0217894694064733 0.6468796786873009 0.9976060220779122 0.44992130153758547 0.9309193265079401 0.4581093979931444 0.9551027738365011 0.6550677751428597
4 1.0087593583399355 0.9412871189364017 1 0.8699478640624999 0.9011173187428257 0.8820891296290692 0.9098766770827611 0.9534283845029708
4 0.6664380532998508 0.16314292329904617 0.6447465894286045 -0.013519879849436877 0.534636 0 0.5563274638712463 0.17666280314848307
4 0.9751363610734469 0.2669206057946963 0.9591410108612388 0.13664892281640134 0.9110645562500002 0.14255196875000004 0.9270599064622083 0.272823651728295
4 0.6989606204454628 0.9793256213953964 0.687535370233255 0.8862744181046012 0.6534165953125 0.8904636765625 0.6648418455247078 0.9835148798532952
4 0.9528667422666237 0.8804578022069105 0.9389660203125001 0.7672455062499999 0.8319571389833763 0.7803845446680894 0.8458578609374999 0.893596840625
4 0.3745064 0.990827375 0.35375052804337165 0.8217843591931718 0.23588567159297655 0.8362563434806882 0.2566415435496049 1.0052993592875163
4 0.6188620078125001 0.9167457250000002 0.6017241312500001 0.7771689218750001 0.4916135420835679 0.7906888022785401 0.5087514186460679 0.9302656054035403
4 0.49397708270080576 0.9509704748218633 0.48521772341429353 0.8796312201234983 0.440242975 0.8851534249999998 0.4490023342865122 0.9564926796983648
4 0.839717360960543 0.5102376783126699 0.8210561171874999 0.35825404843750003 0.7636745421644568 0.36529962012483025 0.7823357859375 0.5172832500000001
4 0.48110634062499996 1 0.4757476828125 0.9563572312499999 0.43077293587247845 0.9618794354079421 0.4361315936849783 1.0055222041579421
4 0.5601259562673503 0.6563378079538068 0.520708840625 0.3353111609375 0.38578459685764965 0.3518777748586932 0.4252017125 0.672904421875
4 0.45966788750000004 0.9536088796875 0.4467192687102058 0.8481508501967369 0.3676257468352058 0.857862314259237 0.3805743656250001 0.9633203437500001
4 0.48645660312500005 0.223023484375 0.46284441870980936 0.0307176668601723 0.4023611375000001 0.03814407968750001 0.4259733219151908 0.23044989720232767
4 0.9968443390624999 0.4437178890625 0.9762788872607564 0.2762257248375245 0.9266515794482564 0.28231919202502465 0.9472170312499999 0.44981135625
4 0.9191817984374999 0.9522858593750001 0.9077565477602242 0.8592346577038082 0.7805865711977242 0.8748491670788082 0.792011821875 0.9679003687500002
4 0.4641773641732523 0.041573640611401355 0.45922642187500007 0.0012514531250000017 0.35221754051424775 0.014390492201098653 0.3571684828125 0.0547126796875
4 0.34414797500000005 1 0.34310849035481283 0.9915340837370035 0.31674398388080516 0.9947712406856797 0.3177834685259923 1.0032371569486762
4 0.07337970781250003 1 0.06645982807828496 0.9436420964945362 0.05095129531250002 0.9455463046875001 0.05787117504671509 1.0019042081929639
4 0.07275562656571405 0.45643073283867636 0.05390396250000003 0.30289625000000003 -0.00037590474390337134 0.3095609796678545 0.01847575932181066 0.4630954625065309
4 0.8245817281261602 0.8741699437594501 0.8131564781029539 0.7811187420079485 0.7712834359375 0.7862601046875 0.7827086859607063 0.8793113064390015