4 0.2453125 1.5021058395791755e-17 0 0 1.0428632898989182e-17 0.17031250000000003 0.2453125 0.17031250000000003
4 0.5718750000000001 0.759375 0.5281250000000002 0.759375 0.5281250000000002 0.8234375 0.5718750000000001 0.8234375
4 0.5164062500000002 0.7640625 0.47187500000000016 0.7640625 0.47187500000000016 0.8296875 0.5164062500000002 0.8296875
4 0.4789062500000002 0.796875 0.4421875000000002 0.796875 0.4421875000000002 0.85 0.4789062500000002 0.85
4 0.2687500000000001 0.875 0.2375000000000001 0.875 0.2375000000000001 0.92421875 0.2687500000000001 0.92421875
4 0.6648437500000002 0.9359375 0.6343750000000001 0.9359375 0.6343750000000001 0.98125 0.6648437500000002 0.98125
4 0.07187500000000006 0.4734375 0.04843750000000006 0.4734375 0.048437500000000064 0.50625 0.07187500000000006 0.50625
4 0.89609375 0.8953125 0.871875 0.8953125 0.871875 0.925 0.89609375 0.925
4 0.865625 0.9 0.8421875 0.9 0.8421875 0.9296875 0.865625 0.9296875
4 0.6960937500000001 0.6875 0.6640625 0.6875 0.6640625000000001 0.7328125 0.6960937500000002 0.7328125
4 0.051562500000000046 0.375 0.029687500000000044 0.375 0.02968750000000005 0.4109375 0.051562500000000046 0.4109375
4 0.10781250000000005 0.4203125 0.08437500000000005 0.4203125 0.08437500000000005 0.4515625 0.10781250000000005 0.4515625
4 0.94921875 0.11875000000000013 0.928125 0.11875000000000013 0.928125 0.14765625000000013 0.94921875 0.14765625000000013
4 0.75390625 0.08125000000000009 0.728125 0.08125000000000009 0.728125 0.12890625000000008 0.75390625 0.12890625000000008
4 0.93515625 0.3218750000000001 0.91875 0.3218750000000001 0.91875 0.34843750000000007 0.93515625 0.34843750000000007
4 0.31718750000000007 0.5046875 0.30156250000000007 0.5046875 0.30156250000000007 0.52890625 0.31718750000000007 0.52890625
4 0.91796875 0.06875000000000012 0.9015625 0.06875000000000012 0.9015625 0.10078125000000011 0.91796875 0.10078125000000013
4 0.99140625 0.4906250000000002 0.975 0.4906250000000002 0.975 0.5132812500000001 0.99140625 0.5132812500000001
4 0.81171875 9.801958169737995e-17 0.7890625 9.663228649522084e-17 0.7890625 0.021875000000000096 0.81171875 0.0218750000000001
4 0.41015625000000017 0.73125 0.3265625000000001 0.73125 0.3265625000000001 0.9921875 0.41015625000000017 0.9921875
4 0.6890625 8.333338766073005e-17 0.671875 8.22809568177128e-17 0.671875 0.025000000000000085 0.6890625 0.025000000000000088
4 0.63671875 0.2890625000000001 0.5125 0.2890625000000001 0.5125 0.3851562500000001 0.63671875 0.3851562500000001
4 0.72890625 0.51875 0.7171875 0.51875 0.7171875 0.5375000000000001 0.72890625 0.5375000000000002
4 0.5109375 0.19218750000000004 0.4203125 0.19218750000000004 0.4203125 0.3765625000000001 0.5109375 0.3765625000000001
4 0.703125 0.03125000000000009 0.6890625 0.03125000000000009 0.6890625 0.050000000000000086 0.703125 0.050000000000000086
4 0.85859375 1.0328173591246623e-16 0.828125 1.0141606305439018e-16 0.828125 0.0359375000000001 0.85859375 0.0359375000000001
4 0.99921875 0.5062500000000002 0.93125 0.5062500000000002 0.93125 0.6015625000000002 0.99921875 0.6015625000000002
1 0.83203125 0.18906250000000008 0.73125 0.18906250000000008 0.73125 0.2906250000000001 0.83203125 0.2906250000000001
4 0.0937500000000001 0.6921875 0.004687500000000085 0.6921875 0.004687500000000096 0.87265625 0.09375000000000011 0.87265625
4 0.7312500000000002 0.7718750000000001 0.6250000000000002 0.771875 0.6250000000000002 0.98828125 0.7312500000000002 0.98828125
4 0.1976562500000001 0.6328125 0.06562500000000007 0.6328125 0.06562500000000009 0.8421875 0.1976562500000001 0.8421875
4 0.05546875000000009 0.640625 7.845393557037732e-17 0.640625 8.711257114247384e-17 0.78203125 0.05546875000000009 0.78203125
4 0.99921875 0.5765625000000002 0.9359375 0.5765625000000002 0.9359375 0.7046875000000001 0.99921875 0.7046875000000001
4 0.3429687500000001 0.8203125 0.31718750000000007 0.8203125 0.31718750000000007 0.8796875 0.3429687500000001 0.8796875
4 0.18984375000000014 0.975 0.15000000000000013 0.975 0.15000000000000013 1 0.18984375000000014 1
4 0.039843750000000115 0.9015625 1.1040956298562856e-16 0.9015625 1.1500198848243113e-16 0.9765625 0.03984375000000012 0.9765625
4 0.99921875 0.3203125000000001 0.9484375 0.3203125000000001 0.9484375 0.4390625000000002 0.99921875 0.4390625000000002
4 0.4164062500000001 0.6046875 0.3109375000000001 0.6046875 0.3109375000000001 0.75859375 0.4164062500000002 0.75859375
4 0.99921875 0.9265625 0.925 0.9265625 0.925 0.99765625 0.99921875 0.99765625
4 0.77734375 0.5125000000000001 0.6640625 0.5125 0.6640625 0.7070312500000001 0.77734375 0.7070312500000002