1 0.15410281093750014 0.261895746875 0.004125656254154243 0.25927788569950544 -0.0021599374958458082 0.6193792825745054 0.14781721718750007 0.62199714375
1 0.11005023437500006 0.6369652984374999 7.91033905045424e-17 0.635044365625 -0.005153910644284237 0.9303118891221652 0.10489632373071574 0.9322328219346652
4 0.8077067203454172 0.15062951061417262 0.49056752968749995 0.14509382656250006 0.4849500374670826 0.46691980501082747 0.8020892281249999 0.47245548906250007
4 0.5458100828125 0.4718889640625 0.4965988281502411 0.471029978241437 0.4950035687752411 0.562422307928937 0.5442148234374999 0.56328129375
4 0.24144604063181632 0.808815895312619 0.19457817966705107 0.8079978140621431 0.19355557809773488 0.8665826406245245 0.24042343906250013 0.8674007218750003
4 0.6864589281250002 0.8298668968750003 0.6458401140941591 0.8291578919362662 0.6446947984379762 0.894772898410235 0.6853136124688172 0.8954819033489689
4 0.9954903937499997 0.5836602421875 0.8767584796874998 0.58158776875 0.872449916493722 0.82842516873789 0.9911818305562221 0.8304976421753901
4 1.0014589120309823 0.009458202903271335 0.9297421839295209 0.008206382804724245 0.9282832718749999 0.09178740156250012 0.9999999999764612 0.09303922166104721
4 0.7922370725964982 0.9473558750125937 0.7500559975969743 0.9466196015478285 0.7491561078125002 0.9981742484375001 0.7913371828120241 0.9989105219022653
4 1.0059447275918774 0.008755134385145519 0.8649219453125001 0.006293571875000107 0.858977217693494 0.34686669373155876 0.9999999999728713 0.34932825624170416
4 0.2789531540858063 0.18203127189177098 0.1719382040862822 0.18016331873950572 0.16882949375000006 0.35826119062500006 0.27584444374952416 0.3601291437772653
4 0.581270621886398 0.4099984102845184 0.3914557859375 0.4066851796875001 0.3873790124732107 0.6402433530972589 0.5771938484221086 0.6435565836942772
4 0.5240224015860709 0.6457539470871297 0.39982257031250007 0.6435860312500001 0.39584124059773473 0.8716762874995243 0.5200410718713055 0.873844203336654
4 0.7224274984400026 0.47028361860662526 0.6419710046875 0.4688792453125002 0.6392849703099974 0.6227620548308751 0.7197414640625002 0.6241664281250002
4 0.8718420828200335 0.7737187276934124 0.7538913000000002 0.7716598890625002 0.7515461328049667 0.9060144238690876 0.869496915625 0.9080732624999998
4 0.8542825261479186 0.2577086812700371 0.7097732886483946 0.2551862624927718 0.7069372718750002 0.41766151250000016 0.851446509374524 0.4201839312772654
4 0.9297504968749999 0.4106115656250002 0.803207271875 0.40840274531250004 0.7998258679471302 0.602123237485986 0.9263690929471302 0.604332057798486
4 0.9983400437513238 0.42040385929917745 0.8944496187500002 0.4185904453125001 0.8903455765611767 0.6537108813258229 0.9942360015625002 0.6555242953125002
4 0.45091977031250013 0.8945160187500001 0.33531238116261886 0.8924980843734746 0.3335671406250001 0.9924828531249998 0.4491745297748813 0.9945007875015254
4 0.16179495624999998 0.00027139687500001773 0.02509702883626918 -0.002114673507213717 0.021797434375000018 0.18691903125 0.15849536178873083 0.18930510163221376
1 0.27156532968750013 0.7843378218750001 0.24813139844159124 0.7839287810156204 0.244600012500476 0.9862417124727347 0.2680339437463849 0.9866507533321146
4 0.8314542499999998 0.1330725390625001 0.7330317421864014 0.1313545672504321 0.7303184374989015 0.2867996391254321 0.8287409453124999 0.28851761093750017
4 0.6390786765625002 0.7688744578125 0.5078486656289001 0.7665838294640707 0.5044263578125 0.9626477140624999 0.6356563687461001 0.9649383424109292
4 0.37011982500000024 0.4203774015625001 0.2818520203146276 0.41883668112811356 0.27537554062499997 0.7898739124999999 0.3636433453103726 0.7914146329343865
4 0.6986060703125 0.5816035828125 0.57987415625 0.579531109375 0.5764382134691133 0.7763761234544159 0.6951701275316132 0.7784485968919159
4 0.9927168234568429 0.8320871723293537 0.9075735421875002 0.8306009906250003 0.9046284481951155 0.999325289560808 0.9897717294644581 1.0008114712651615
4 0.9056656484420694 0.17890593723821974 0.818178975 0.1773788515625001 0.8153702281204305 0.33829184088678055 0.9028569015624999 0.3398189265625001
4 0.2838976302657103 0.6149960078225927 7.355227538141662e-17 0.61004055625 -0.0023724365157101303 0.7459573531149073 0.2815251937500001 0.7509128046875
4 0.8352389656250001 0.0057754531250001 0.7329108031028573 0.003989309081061422 0.7303202124778572 0.15240420283106143 0.8326483749999998 0.1541903468750001
4 0.3881623234563393 0.8191905270457097 0.29833225781250017 0.8176225374999999 0.29537352966866104 0.9871279682667902 0.38520359531250015 0.9886959578125
4 0.9247931953245766 0.6050859180581438 0.7404462765625001 0.60186813125 0.7368603531129236 0.8073055881918565 0.9212072718750003 0.8105233750000002
4 0.61204655625 0.5269595875000002 0.5261221434014067 0.5254597718689153 0.5233406671870241 0.6848104984647654 0.6092650800356174 0.6863103140958501
4 0.9643714125065413 0.3072937980627416 0.8347036656249998 0.30503043906250016 0.8315540515559583 0.4854717034997586 0.9612217984374999 0.4877350625000001
4 0.5952412656250001 0.32585441562500017 0.49369423439747956 0.324081904962153 0.49111727656250004 0.47171566718750013 0.5926643077900207 0.4734881778503472
1 0.21357429687500007 0.5254738125000001 0.147959292193448 0.5243284980967442 0.14576410625000008 0.6500905906250001 0.21137911093155215 0.6512359050282559
1 0.2048731833655318 0.844901857822153 0.08614126930350778 0.842829384357388 0.08357794687500011 0.9896820140625001 0.2023098609370242 0.9917544875272652
4 0.19207649218750006 0.41414416718749997 0.11708791535605989 0.41283523749530576 0.11592896718750005 0.47923137343750016 0.1909175440189402 0.48054030312969437
4 0.33981973750000016 0.7238010546875 0.26248776720083494 0.7224512195485475 0.2609061421875001 0.8130624171875003 0.33823811248666524 0.8144122523264526
4 0.2746582250000001 0.4280875406250001 0.21997905469474405 0.42713311208499 0.21576593437500002 0.6685025953124999 0.27044510468025607 0.6694570238525099
1 0.38347690625000014 0.37138430312500004 0.3600429765377222 0.37097526235702294 0.3525984343502222 0.7974727951695229 0.3760323640625001 0.7978818359375001
1 0.13664168594778534 0.5460092790982545 0.06321537028523484 0.544727618749524 0.06170192027494954 0.6314331630887694 0.13512823593750006 0.6327148234374999
1 0.21205511876880237 0.7020366895478187 0.11910052812500009 0.7004141609375001 0.11589637497273482 0.8839799499995241 0.2088509656165371 0.8856024786098429
4 0.625436634382804 0.3865468917404161 0.5371688296875001 0.3850061718750001 0.5343873531171962 0.5443568988845842 0.6226551578125001 0.5458976187500001
1 0.25218526094762855 0.9097999509822424 0.1748532906250001 0.9084501171875001 0.17340801405237166 0.9912500037052577 0.2507399843750001 0.9925998375
1 0.32056947812500003 0.30465125312499997 0.2205847078125 0.30290601249999993 0.21712149598243197 0.5013132890741937 0.31710626629493194 0.5030585296991937
4 0.9136981050139721 0.9721356859431987 0.8652679810037643 0.9712903343707021 0.8647668515625003 1.0000000000000004 0.9131969755727081 1.0008453515724969
4 0.9222514156250001 0.8402336218750003 0.8644477203125002 0.8392246546875004 0.8617207819750561 0.9954508578251561 0.9195244772875562 0.996459825012656
1 0.0310803281250001 0.8637466234375 1.0269562977782698e-16 0.8632041140625001 -0.0011180452752535097 0.9272568578763687 0.02996228284974649 0.9277993672513686
4 0.6876271515708541 0.40482254952139696 0.6071706578124999 0.4034181765625001 0.6041164874916459 0.5783915223536031 0.6845729812500001 0.5797958953125
4 0.7877289062589367 0.48939494636302355 0.6978988406250001 0.48782695625000005 0.6960445218477349 0.5940607749995241 0.7858745874816715 0.5956287651125476
4 0.9709621390625001 0.9145325578125002 0.9358112437523228 0.9139189967419223 0.9343932359375 0.9951566218750003 0.9695441312476772 0.9957701829455781
1 0.0570991218750001 0.8055981078125001 9.71445146547012e-17 0.8046014390625 -0.002140646446790051 0.9272390078199745 0.05495847542820996 0.9282356765699745
4 0.28612226406261904 0.6666051937431837 0.26659398906250004 0.6662643265625 0.266048601562381 0.6975095671943163 0.2855768765625001 0.697850434375