4 0.33281250000000007 0.17812500000000003 0.006250000000000022 0.178125 0.006250000000000038 0.4265625 0.33281250000000007 0.4265625
4 0.17343750000000008 0.5703125 0.09531250000000006 0.5703125 0.09531250000000008 0.7890625 0.17343750000000008 0.7890625
4 0.9859375 0.7203125000000001 0.8671875 0.7203125000000001 0.8671875 0.9703125 0.9859375 0.9703125
4 0.9140625 0.12968750000000012 0.6734375 0.1296875000000001 0.6734375 0.3812500000000001 0.9140625 0.3812500000000001
4 0.4390625 0.56875 0.3937500000000001 0.56875 0.3937500000000001 0.646875 0.4390625 0.646875
4 0.775 0.4046875000000001 0.6765625 0.4046875 0.6765625 0.6171875000000001 0.775 0.6171875000000002
4 0.609375 0.3812500000000001 0.571875 0.3812500000000001 0.571875 0.428125 0.609375 0.428125
4 0.27812500000000007 0.5203125 0.2484375000000001 0.5203125 0.2484375000000001 0.559375 0.27812500000000007 0.559375
4 0.7500000000000001 0.6890625000000001 0.6875 0.6890625 0.6875000000000001 0.7500000000000001 0.7500000000000002 0.7500000000000002
4 0.6250000000000001 0.653125 0.4265625 0.653125 0.42656250000000007 0.8234375 0.6250000000000002 0.8234375
4 0.10937500000000011 0.7390625 9.050905249948406e-17 0.7390625 1.0476470664580872e-16 0.971875 0.10937500000000014 0.971875
4 0.884375 0.5359375000000002 0.8421875 0.5359375000000002 0.8421875 0.5859375000000002 0.884375 0.5859375000000002
4 0.578125 0.06250000000000007 0.5390625 0.06250000000000007 0.5390625 0.12187500000000007 0.578125 0.1218750000000001
4 0.27031250000000007 0.7359375 0.2390625000000001 0.7359375 0.2390625000000001 0.784375 0.27031250000000007 0.784375
4 0.753125 0.6796875000000001 0.640625 0.6796875 0.6406250000000001 1 0.7531250000000002 1
4 0.4968750000000002 0.7859375 0.4578125000000002 0.7859375 0.4578125000000002 0.875 0.4968750000000002 0.875
4 0.5906250000000002 0.934375 0.5609375000000002 0.934375 0.5609375000000002 0.975 0.5906250000000002 0.975
4 0.2687500000000001 0.8953125 0.24375000000000008 0.8953125 0.24375000000000008 0.9296875 0.2687500000000001 0.9296875
4 0.3453125000000001 0.7859375 0.2593750000000001 0.7859375 0.2593750000000001 0.984375 0.3453125000000001 0.984375
4 0.771875 0.1531250000000001 0.696875 0.1531250000000001 0.696875 0.3125000000000001 0.771875 0.3125000000000001
4 0.06250000000000003 0.2265625 0.014062500000000028 0.2265625 0.014062500000000033 0.3 0.06250000000000004 0.3
4 0.903125 0.8703125 0.85 0.8703125 0.85 0.9453125 0.903125 0.9453125
4 0.703125 0.18906250000000008 0.5765625 0.18906250000000008 0.5765625 0.546875 0.703125 0.546875
4 0.7 0.009375000000000081 0.6390625 0.009375000000000078 0.6390625 0.08125000000000009 0.7 0.08125000000000009
4 0.4984375000000002 0.9515625 0.4625000000000002 0.9515625 0.4625000000000002 1 0.4984375000000002 1
4 0.6484375 0.039062500000000076 0.6140625 0.039062500000000076 0.6140625 0.08437500000000007 0.6484375 0.08437500000000009
4 0.7484375 0.4515625000000001 0.7140625 0.4515625 0.7140625 0.5046875000000001 0.7484375 0.5046875000000002
4 0.4984375 0.017187500000000057 0.4703125 0.017187500000000057 0.4703125 0.05156250000000007 0.4984375 0.05156250000000007
4 0.121875 0.05000000000000001 0.023437500000000007 0.05 0.023437500000000014 0.1703125 0.121875 0.1703125
4 0.65 0.10625000000000007 0.4640625 0.10625000000000004 0.4640625 0.3203125000000001 0.65 0.3203125000000001
4 0.153125 0.1578125 0.018750000000000017 0.1578125 0.018750000000000024 0.271875 0.15312500000000004 0.271875
4 0.965625 0.5843750000000002 0.9265625 0.5843750000000002 0.9265625 0.6312500000000002 0.965625 0.6312500000000002
4 0.921875 0.02656250000000011 0.8796875 0.02656250000000011 0.8796875 0.09687500000000011 0.921875 0.09687500000000011
4 0.921875 0.1031250000000001 0.878125 0.10312500000000009 0.878125 0.1578125000000001 0.921875 0.15781250000000013
4 0.06718750000000005 0.290625 3.559129760021995e-17 0.290625 4.77420900605101e-17 0.4890625 0.06718750000000007 0.4890625
4 0.1484375 1.0907010554906114e-17 0.0296875 3.6356701849687045e-18 0.029687500000000006 0.07187500000000001 0.1484375 0.07187500000000002
4 0.4046875000000002 0.8140625 0.29375000000000007 0.8140625 0.29375000000000007 0.9921875 0.4046875000000002 0.9921875
4 0.04843750000000009 0.6734375 8.247230788007957e-17 0.6734375 9.050905249948406e-17 0.8046875 0.0484375000000001 0.8046875
4 0.3953125 4.63069570927593e-17 0.3609375 4.420209540672478e-17 0.3609375 0.09375000000000004 0.3953125 0.09375000000000004
4 0.2046875 0.06718750000000002 0.096875 0.06718750000000002 0.09687500000000002 0.18125000000000002 0.2046875 0.18125000000000005
4 0.803125 0.028125000000000094 0.684375 0.028125000000000087 0.684375 0.1984375000000001 0.803125 0.1984375000000001
4 0.54375 0.07187500000000005 0.4328125 0.07187500000000005 0.4328125 0.21250000000000008 0.54375 0.21250000000000008
4 0.60625 0.05312500000000007 0.5609375 0.05312500000000007 0.5609375 0.12500000000000008 0.60625 0.12500000000000008
4 0.2218750000000001 0.4484375 0.16406250000000006 0.4484375 0.16406250000000006 0.6015625 0.2218750000000001 0.6015625
4 0.625 0.0046875000000000736 0.5796875 0.004687500000000071 0.5796875 0.050000000000000065 0.625 0.050000000000000065
4 0.5953125 0.3375000000000001 0.459375 0.3375000000000001 0.459375 0.6609375 0.5953125 0.6609375
4 0.675 0.054687500000000076 0.5953125 0.05468750000000007 0.5953125 0.1609375000000001 0.675 0.1609375000000001
4 0.5406250000000001 0.7765625 0.47968750000000016 0.7765625 0.47968750000000016 0.9703125 0.5406250000000001 0.9703125
4 0.05000000000000008 0.4953125 6.065828677026735e-17 0.4953125 7.099124413807313e-17 0.6640625 0.050000000000000086 0.6640625
4 0.2671875 2.487563810768061e-17 0.1390625 1.703024455064288e-17 0.1390625 0.09375000000000003 0.2671875 0.09375000000000003
4 0.5875000000000001 0.959375 0.47968750000000016 0.959375 0.47968750000000016 1 0.5875000000000001 1
4 0.7421875 0.014062500000000089 0.715625 0.014062500000000089 0.715625 0.03125000000000009 0.7421875 0.03125000000000009
4 1 0.04375000000000012 0.984375 0.04375000000000012 0.984375 0.11250000000000013 1 0.11250000000000013
4 0.9734375 0.5953125000000001 0.91875 0.5953125000000001 0.91875 0.7500000000000002 0.9734375 0.7500000000000002
4 0.265625 0.08906250000000002 0.2234375 0.08906250000000002 0.2234375 0.18281250000000004 0.265625 0.18281250000000004