4 0.6633801363114832 0.9476958390494403 0.6600537781230968 0.8524414015080026 0.5702647578125001 0.8555769031249998 0.5735911160008864 0.9508313406664375
1 0.16046991254675774 0.9402426138389665 0.14986373749999998 0.63652149375 0.004639757765742258 0.6415928267860337 0.015245932812500005 0.945313946875
4 1.0163643877258919 0.982272930484936 0.9815989770920149 -0.013278167963166573 0.6013619984374999 -2.7755575615628915e-18 0.6361274090713768 0.9955510984481026
4 0.8781673750000001 0.9870988765625002 0.8747046906250002 0.8879405671875003 0.7888195405861308 0.8909397426369263 0.7922822249611307 0.9900980520119264
4 0.9817054015625002 0.5941835984374999 0.9801785484101835 0.550460249217755 0.9536322296874997 0.5513872671875 0.9551590828398165 0.5951106164072448
4 0.7179177984416989 0.7409790766827371 0.7091111281250001 0.488789046875 0.6372799124958012 0.4912974483172629 0.6460865828125 0.743487478125
4 1.0062437378962674 0.9826263513749962 0.9999999999920399 0.8038290857095483 0.7391920421875 0.8129367000000001 0.7454357800917273 0.991733965665448
4 0.18332792970345843 0.3859822395194893 0.17225824531250003 0.06898796093750001 -0.005758245328458422 0.07520443391801068 0.005311439062500001 0.39219871250000005
4 0.7578191047394739 0.9881746264883391 0.7549289906205736 0.9054125733107451 0.6784131296875 0.9080845656250001 0.6813032438064003 0.9908466188025941
4 0.6194137890841269 0.2706928318693174 0.609898223552147 -0.0017973243839309039 0.39518534999999994 0.005700614062500003 0.40470091553197995 0.27819077031574835
4 0.6923058937689058 0.4776500067913914 0.6851351375000001 0.27230642187500004 0.6218924374810942 0.2745149057086087 0.62906319375 0.479858490625
4 0.7287668734375 0.9844987953125001 0.7224686046788968 0.8041399810036374 0.6514181625 0.8066211171875002 0.6577164312586031 0.9869799314963629
4 0.8222193172291364 0.8624129808798117 0.8170389234246391 0.7140659043192147 0.7373999671330027 0.716846957814403 0.7425803609375 0.8651940343750001
4 1.0021812180056784 0.9796413130205887 1 0.9171793859375 0.9133542515452495 0.9202051213810061 0.9155354695509279 0.9826670484640946
4 0.5254854956130922 0.782094914052003 0.5131888765605968 0.4299658015080029 0.35547251093749993 0.43547337812500003 0.36776912998999534 0.7876024906690002
4 0.7563590890825713 0.2971796443247672 0.752569221840574 0.18865204588917023 0.6893265202580027 0.1908605296894031 0.6931163875 0.29938812812500004
1 0.5617679562905249 0.8808888574104763 0.558550659375 0.7887575140625 0.5163888593344753 0.7902298363395238 0.5196061562500001 0.8823611796875002
4 0.6533812265625001 0.6165930984375001 0.6487734015161923 0.48464227679892513 0.5917768937499999 0.4866326390625001 0.5963847187963076 0.618583460701075
4 0.4423863750020394 0.9991897797459002 0.4366061468750001 0.8336656734375 0.34135170780906926 0.8369920311517559 0.34713193593610864 1.002516137460156
1 0.08518841875 0.9334907859374999 0.08213471249972812 0.8460440890547147 0.0196727859375 0.8482253078125002 0.02272649218777187 0.9356720046952853
1 0.5328991515742371 0.927237097211106 0.529627323396643 0.8335442066425065 0.49136939213490577 0.8348802031814004 0.4946412203124999 0.9285730937500001
4 0.5805833876600869 0.9943638328069095 0.5779931906249999 0.9201902953124999 0.4507270154649129 0.9246345281305903 0.4533172124999999 0.998808065625
1 0.0469179828125 0.10619744062500003 0.043864278964471315 0.01875074372068504 -0.003053703848028688 0.020389154658185017 6.938893903907229e-19 0.1078358515625
4 0.7749118187499999 0.6717603484375 0.7724852142997893 0.6022714546246499 0.733446509373097 0.6036347155705026 0.7358731138233074 0.6731236093833528
1 0.06228568955483155 0.7701280640453074 0.06111328437309691 0.7365547780705028 0.042374706250000005 0.73720914375 0.043547111431734634 0.7707824297248046
4 0.47784335 0.3803878921875 0.46472877341876995 0.004835557276140406 0.26094673749999997 0.011951782812500002 0.27406131408123013 0.38750411772385956
1 0.3486075234375 0.9999999999999998 0.34798458906249996 0.9821614812499998 0.3229998187258555 0.9830339680585908 0.3236227531008554 1.0008724868085908
4 0.6999599937637997 0.7416061769576687 0.6978878358968024 0.6822673457095718 0.6689991952580028 0.6832761593769032 0.6710713531250001 0.7426149906250001
1 0.025589307820685227 0.7714095299218939 0.023926128125 0.7237823109375 0.007529871866814775 0.724354881015606 0.009193051562499999 0.7719821