4 0.7382104734374999 0.165455053125 0.7218779009604497 0.010061006149052665 0.5913469009604497 0.023780367086552658 0.6076794734375001 0.1791744140625
4 0.497601728217142 0.148324171189172 0.48453567024221095 0.024008933706244174 0.332249504525069 0.04001485470457219 0.34531556250000006 0.1643300921875
4 0.7116714890625001 0.944371115625 0.6726366405664134 0.5729793447550845 0.44731527343750005 0.596661575 0.4863501219335868 0.9680533458699155
4 0.38639902031249995 0.5103688375000001 0.334461440625 0.01621577031250001 -0.049361853102166266 0.05655722365474829 0.0025757265853337263 0.5507102908422483
1 0.35773488750000004 1 0.32233735 0.6632149125 0.10789356551731943 0.6857538614754874 0.14329110301731945 1.0225389489754877
4 0.6418938671875001 0.5196507000000001 0.5860364695361719 -0.011796937574543009 0.2876799007861718 0.01956160148795689 0.34353729843749997 0.5510092390625
4 0.6679795109375 0.543617803125 0.6433173264847619 0.30897279301037167 0.5578506015625 0.31795570781250004 0.582512786015238 0.5526007179271284
4 0.10435625633062333 0.8165275038920796 0.09521001554319233 0.7295068367216517 0.02683663421256899 0.7366931687670724 0.035982875000000004 0.8237138359375
4 0.237188340625 0.21183017499999995 0.22591886551794266 0.10460828179391754 0.169977009375 0.11048800781250001 0.1812464844820573 0.21770990101858242
4 0.06233976737514337 0.1626499123160525 0.054173479670427814 0.084952888900069 0.012217085732784438 0.08936268439651648 0.020383373437499998 0.16705970781249999
4 0.19669718752415574 0.2600769533548264 0.18918420468750002 0.18859569218750002 0.14878175310084427 0.19284216070767363 0.1562947359375 0.264323421875
4 0.07998832816210473 0.2707724425405279 0.05924596093750001 0.073422003125 -0.0207423672246047 0.08182911527197209 5.551115123125783e-18 0.2791795546875
4 0.9581327063757279 0.15019582932122058 0.9413680142763455 -0.009309566000541013 0.8527934078125 0 0.8695580999118823 0.15950539532176158
4 0.6068534610161693 0.2311077523109885 0.5823546027970504 -0.001983317019258535 0.39898962771838103 0.017289118169753002 0.4234884859374999 0.2503801875000001
4 0.8269291859374999 0.8002840828125001 0.7681319249999998 0.240865515625 0.6282772829385912 0.25556483088717863 0.6870745438760912 0.8149833980746786
4 0.41758485 0.86687450625 0.3863896358010363 0.5700718768266351 0.2636283390625 0.5829746093750001 0.29482355326146364 0.8797772387983649
4 0.304366828125 0.52213298125 0.2813379006079585 0.303027376498601 0.16479236467045855 0.315276806186101 0.18782129218750004 0.5343824109375
4 0.656173137524082 0.730249292184969 0.6419637999829279 0.5950564717125691 0.5269722046875 0.607142575 0.5411815422286542 0.7423353954723999
4 0.5816872234741185 0.08135548159840122 0.5723811031558056 -0.007186332463487821 0.504007721869187 6.109668326814699e-13 0.5133138421874999 0.08854181406250002
1 1.0264587661193147 0.9411366670514731 0.9999999999741881 0.6893983122544155 0.8623572421875 0.7038651484375001 0.8888160083326268 0.9556035032345578