4 0.88671875 5.50612681960392e-17 0.0125 1.5308084989341916e-18 0.012500000000000061 1 0.88671875 1
4 0.3375 0.0031250000000000388 0.3 0.003125000000000036 0.3 0.06562500000000004 0.3375 0.06562500000000004
4 0.28828125000000004 0.015625000000000017 0.006250000000000003 0.015625 0.006250000000000028 0.42734375 0.2882812500000001 0.42734375
4 0.05312500000000005 0.3640625 4.4584797531458325e-17 0.3640625 4.91772230282609e-17 0.4390625 0.05312500000000005 0.4390625
4 0.10312500000000005 0.221875 0.059375000000000025 0.221875 0.05937500000000003 0.28515625 0.10312500000000005 0.28515625
4 0.603125 0.09375000000000007 0.534375 0.09375000000000007 0.534375 0.19921875000000006 0.603125 0.19921875000000008
4 0.2132812500000001 0.365625 0.004687500000000044 0.365625 0.00468750000000007 0.78125 0.2132812500000001 0.78125
4 0.42109375 0.01562500000000005 0.378125 0.015625000000000045 0.378125 0.07578125000000005 0.42109375 0.07578125000000005
4 0.5171875 0.4015625 0.4703125 0.4015625 0.4703125 0.4609375 0.5171875 0.4609375
4 0.278125 0.16875000000000004 0.2390625 0.16875000000000004 0.2390625 0.2140625 0.278125 0.2140625
4 0.023437500000000024 0.190625 2.3344829608746423e-17 0.190625 2.6167257778656338e-17 0.23671875 0.023437500000000028 0.23671875
4 0.3203125 0.15937500000000004 0.271875 0.15937500000000004 0.271875 0.22265625 0.3203125 0.22265625
4 0.61328125 0.006250000000000071 0.5546875 0.006250000000000066 0.5546875 0.09609375000000006 0.61328125 0.09609375000000006
4 0.15 0.115625 0.115625 0.115625 0.115625 0.16171875 0.15 0.16171875
4 0.578125 0.2328125000000001 0.48125 0.2328125000000001 0.48125 0.3234375000000001 0.578125 0.3234375000000001
4 0.37578125000000007 0.5984375 0.014062500000000071 0.5984375 0.014062500000000097 0.9921875 0.37578125000000007 0.9921875
4 0.09375000000000007 0.503125 0.03593750000000007 0.503125 0.035937500000000074 0.59375 0.09375000000000007 0.59375
4 0.1296875 0.07343750000000002 0.078125 0.0734375 0.07812500000000001 0.1375 0.1296875 0.1375
4 0.70078125 0.3531250000000001 0.6359375 0.3531250000000001 0.6359375 0.4609375 0.70078125 0.4609375
4 0.471875 0.17968750000000006 0.4515625 0.17968750000000006 0.4515625 0.2140625000000001 0.471875 0.2140625000000001
4 0.36484375 0.07812500000000004 0.340625 0.07812500000000004 0.340625 0.10859375000000004 0.36484375 0.10859375000000004
4 0.7859375 0.08125000000000009 0.7203125 0.08125000000000009 0.7203125 0.3109375000000001 0.7859375 0.3109375000000001
4 0.43046875 0.13906250000000003 0.3625 0.13906250000000003 0.3625 0.20859375000000005 0.43046875 0.20859375000000008
4 0.7046875 0.3468750000000001 0.6640625 0.3468750000000001 0.6640625 0.40546875 0.7046875 0.40546875
4 0.18828125 0.01250000000000002 0.1515625 0.012500000000000016 0.1515625 0.06562500000000002 0.18828125 0.06562500000000002
4 0.10000000000000006 0.503125 0.0015625000000000617 0.503125 0.0015625000000000753 0.72734375 0.10000000000000009 0.72734375
4 0.04609375000000007 0.575 0.0015625000000000701 0.575 0.001562500000000076 0.6703125 0.04609375000000008 0.6703125
4 0.4921875 0.15937500000000004 0.425 0.15937500000000004 0.425 0.26640625000000007 0.4921875 0.26640625000000007
4 0.22265625 0.01562500000000002 0.1453125 0.015625000000000017 0.1453125 0.11953125000000002 0.22265625 0.11953125000000005
4 0.6609375 0.18750000000000008 0.5921875 0.18750000000000008 0.5921875 0.3140625000000001 0.6609375 0.3140625000000001
4 0.61875 0.3078125000000001 0.471875 0.3078125000000001 0.471875 0.4953125 0.61875 0.4953125
4 0.5890625 0.16093750000000007 0.5390625 0.16093750000000004 0.5390625 0.2492187500000001 0.5890625 0.2492187500000001
4 0.40937500000000016 0.734375 0.3671875000000001 0.734375 0.3671875000000001 0.8015625 0.40937500000000016 0.8015625
4 0.10703125000000005 0.3640625 0.0015625000000000443 0.3640625 0.001562500000000053 0.50703125 0.10703125000000005 0.50703125
4 0.050000000000000065 0.4609375 0.0015625000000000562 0.4609375 0.00156250000000006 0.521875 0.050000000000000065 0.521875
4 0.52109375 0.25468750000000007 0.4703125 0.25468750000000007 0.4703125 0.3296875000000001 0.52109375 0.3296875000000001
4 0.05078125000000011 0.9234375 0.01562500000000011 0.9234375 0.015625000000000118 0.97734375 0.05078125000000011 0.97734375
4 0.45625 0.3609375000000001 0.40625 0.3609375000000001 0.40625 0.4328125 0.45625 0.4328125
4 0.0656250000000001 0.765625 0.018750000000000093 0.765625 0.0187500000000001 0.85546875 0.06562500000000011 0.85546875
4 0.84140625 1.0088984763288155e-16 0.80625 9.873714818125535e-17 0.80625 0.0429687500000001 0.84140625 0.0429687500000001
4 0.014062500000000052 0.3921875 4.802911665406026e-17 0.3921875 5.056451823042001e-17 0.43359375 0.014062500000000056 0.43359375
4 0.03125000000000008 0.63125 7.730582919617668e-17 0.63125 8.189825469297925e-17 0.70625 0.03125000000000009 0.70625
4 0.10390625000000012 0.8828125 0.08125000000000011 0.8828125 0.08125000000000011 0.92734375 0.10390625000000013 0.92734375
4 0.734375 8.189825469297925e-17 0.603125 7.386151007357474e-17 0.603125 0.1921875000000001 0.734375 0.1921875000000001
4 0.9671875 0.14687500000000012 0.8125 0.1468750000000001 0.8125 0.3968750000000001 0.9671875 0.3968750000000001
4 0.99375 0.10468750000000011 0.8671875 0.10468750000000009 0.8671875 0.2429687500000001 0.99375 0.2429687500000001
4 0.859375 1.0045930774255634e-16 0.78125 9.567553118338697e-17 0.78125 0.12109375000000008 0.859375 0.12109375000000008
4 0.3640625 0.026562500000000044 0.3390625 0.026562500000000044 0.3390625 0.05859375000000004 0.3640625 0.05859375000000004