1 0.5139895187535766 0.27847828271008224 0.2063645296875 0.26773578124999997 0.1880422936955028 0.7924159656230969 0.4956672827615793 0.8031584670831793
1 0.10332709533633173 0.5768281165050523 6.661338147750939e-17 0.5732198546874999 -0.01335996413030588 0.9557991566292074 0.0899671312060258 0.9594074184467598
4 0.6812982031366283 0.636097623104514 0.4907893265625002 0.62944490625 0.47786560612822526 0.9995318218567105 0.6683744827023534 1.0061845387112245
4 0.4559940484375001 0.7751943546875 0.31857780844539785 0.7703956749675376 0.3109435453105971 0.9890124188044972 0.44835978530269927 0.9938110985244597
4 0.8056272625130688 0.030692848063261658 0.6291723203124999 0.024530906250000078 0.6206655687369312 0.26813242068673854 0.7971205109375001 0.27429436250000017
4 0.6627331673096163 0.3618451453167645 0.48940132031250005 0.3557922640625001 0.48432998737788396 0.5010162437457358 0.657661834375 0.5070691250000002
4 0.8885082618002214 0.254033906280127 0.6714530656250001 0.2464541718750001 0.6642550444497787 0.45257853121987324 0.881310240625 0.4601582656250002
4 0.3001405000000001 3.8857805861880476e-17 0.025308020695812568 -0.009597361717370176 0.014983164445812542 0.28606783515762985 0.2898156437500001 0.29566519687500004
4 0.26611970156250014 0.7951424875 0.1536882327798018 0.7912162946863581 0.14714457809230175 0.9786020759363583 0.2595760468750001 0.9825282687500001
4 0.454268975 0.28733696093750005 0.4105456265618657 0.2858101078306658 0.4082553468743657 0.3513951312681658 0.4519786953125 0.35292198437500005
4 0.12570932970775922 0.24928471504485428 0.010154764175305005 0.24524946088687552 -0.0007513280331053557 0.5575590942981702 0.11480323749934884 0.561594348456149
4 0.9141671671875002 0.683315896875 0.8126665358945353 0.6797714168553564 0.8066136546445352 0.8531032637303564 0.9081142859375001 0.85664774375
1 0.5108514956083089 0.6817394218853298 0.40935086430571477 0.6781949421414295 0.399371790572406 0.9639582577560999 0.500872421875 0.9675027375
4 0.5122197984592424 0.015756475939882605 0.381049753125 0.011175917187500045 0.3690530515407577 0.35471651468511756 0.500223096875 0.3592970734375001
1 1.0118876405356825 0.0363321661588812 0.8915669420624148 0.03213047499563203 0.8796793015267322 0.37254797758675096 1 0.3767496687500001
4 0.3861303812500001 5.2735593669694933e-17 0.22216782341935729 -0.005725697917957637 0.2116837046693573 0.2945002223945424 0.3756462625000001 0.30022592031250006
4 0.805473490625 0.7514390406250001 0.6664957031250002 0.7465858296875001 0.6576462859253195 0.9999999999995748 0.7966240734253194 1.004853210937075
4 0.7870175156383893 0.4740634668040822 0.693324625 0.4707916390625 0.6870536218616108 0.6503696785084178 0.7807465125 0.65364150625
4 0.6961949046875464 0.4333690140611708 0.5775172437499999 0.42922469843750005 0.5730457453124536 0.5572716484388293 0.6917234062500001 0.5614159640625
4 0.9739571015625001 0.7620129750000002 0.8755795656682134 0.7585775550125364 0.8689813781269031 0.947524884320503 0.9673589140211899 0.9509603043079666
1 1.0061074101151677 0.31442484570996715 0.8818605178899379 0.31008604991540245 0.8757531077747703 0.4849794448304355 1.0000000000000004 0.4893182406250001
1 0.9714785515816662 0.027103788513654886 0.7716003859374999 0.020123889062500087 0.761839432793334 0.2996410114863453 0.9617175984375003 0.3066209109375001
4 0.6896363890625 0.5316374875000001 0.64278994375 0.5300015734375001 0.6391909328125001 0.6330637531250002 0.6860373781250001 0.6346996671875001
4 0.5707851859510705 0.8010912839863957 0.49895397031250005 0.7985828828125001 0.49410075932050274 0.937560670310597 0.5659319749590732 0.9400690714844926
4 0.48800329843777207 0.8435405968672148 0.4255413718750001 0.8413593781250001 0.42172423906222817 0.9506677500077855 0.48418616562500016 0.9528489687500002
4 1.005148460674903 0.36129493196875506 0.9473711778332945 0.3592773046773135 0.9402822171583913 0.5622785664585586 0.9980595000000001 0.5642961937500002
4 0.72102596875 0.6625001859374999 0.6320177218325855 0.6593919496520966 0.6269463890200855 0.8046159293395967 0.7159546359375001 0.807724165625
4 0.85928 0.5985362171875002 0.7234253093478035 0.5937920664038121 0.7174269577853034 0.765562364841312 0.8532816484374999 0.770306515625
4 0.31728393906250013 0.8969901374999999 0.24232962656358756 0.8943726749688586 0.23927592031250006 0.9818193718750002 0.31423023281141266 0.9844368344061415
4 0.9940639156425316 0.5891719026229669 0.9191096031250001 0.5865544406250001 0.9112572171699688 0.8114173770645333 0.9862115296875003 0.8140348390625001
4 0.9362519390625001 0.5433763968750002 0.855051434375133 0.540540812496198 0.8503618140625001 0.6748339546875002 0.9315623187498673 0.6776695390663023
4 0.6872221890625001 0.5112283 0.62944490625 0.5092106734375 0.62764540151159 0.560741762552786 0.68542268432409 0.5627593891152859
4 0.5754649218750001 0.44322410156250014 0.5083183500189561 0.4408792916446699 0.5015020421875 0.6360728125 0.568648614043544 0.6384176224178303
4 0.2897461859375002 0.7005969453125 0.1929301999799702 0.6972160568235829 0.1880769890424702 0.8361938443235827 0.28489297500000016 0.8395747328125
4 0.9790978906525781 0.21185724608526946 0.8994589343750002 0.20907619218750012 0.8937877655974221 0.3714772023522308 0.973426721875 0.37425825625000014