4 0.55625 0.10937500000000007 0.490625 0.10937500000000004 0.490625 0.2250000000000001 0.55625 0.2250000000000001
4 0.615625 0.2906250000000001 0.578125 0.2906250000000001 0.578125 0.3671875000000001 0.615625 0.3671875000000001
4 0.3140625 0.11718750000000004 0.2734375 0.11718750000000004 0.2734375 0.18828125000000004 0.3140625 0.18828125000000004
4 0.53046875 0.428125 0.5109375 0.428125 0.5109375 0.4546875 0.53046875 0.4546875
4 0.50390625 0.484375 0.46875 0.484375 0.46875 0.5421875 0.50390625 0.5421875
4 0.43125 0.603125 0.409375 0.603125 0.409375 0.6328125 0.43125 0.6328125
4 0.7234375 0.5375 0.7015625 0.5375 0.7015625 0.575 0.7234375 0.575
4 0.6765625 0.634375 0.653125 0.634375 0.653125 0.696875 0.6765625 0.696875
4 0.6257812500000002 0.8875 0.5968750000000002 0.8875 0.5968750000000002 0.9546875 0.6257812500000002 0.9546875
4 0.32421875 0.21875 0.3 0.21875 0.3 0.2640625 0.32421875 0.2640625
4 0.28359375 0.2234375 0.265625 0.2234375 0.265625 0.25546875 0.28359375 0.25546875
4 0.4171875 0.04843750000000005 0.384375 0.04843750000000004 0.384375 0.10937500000000004 0.4171875 0.10937500000000004
4 0.39375 4.4967499656191874e-17 0.340625 4.171453159595672e-17 0.340625 0.06718750000000004 0.39375 0.06718750000000004
4 0.546875 6.525071226706992e-17 0.51875 6.352855270576895e-17 0.51875 0.026562500000000065 0.546875 0.026562500000000065
4 0.59375 7.060854201333958e-17 0.559375 6.850368032730508e-17 0.559375 0.041406250000000075 0.59375 0.041406250000000075
4 0.596875 0.06875000000000006 0.56875 0.06875000000000006 0.56875 0.12656250000000008 0.596875 0.12656250000000008
4 0.5578125 0.040625000000000064 0.5125 0.040625000000000064 0.5125 0.10390625000000006 0.5578125 0.10390625000000009
4 0.55703125 0.04531250000000007 0.5125 0.04531250000000007 0.5125 0.10859375000000007 0.55703125 0.10859375000000009
4 0.73359375 0.13281250000000008 0.6953125 0.13281250000000008 0.6953125 0.19296875000000008 0.73359375 0.19296875000000008
4 0.4796875 0.528125 0.45 0.528125 0.45 0.5765625 0.4796875 0.5765625
4 0.484577512076938 0.319794215180481 0.4427623083278994 0.2822774241245187 0.3745403598936485 0.3583157683869408 0.41635556364268717 0.395832559442903