4 0.47544341875 6.661338147750939e-17 0.16526334650514946 -0.021689904091050198 0.13451336362722494 0.41805532809456264 0.4446934358720755 0.4397452321856129
4 0.5208628531249999 0.60483569375 0.35408261250000006 0.5931732828125 0.3263980109699457 0.9890815156413689 0.49317825159494555 1.0007439265788691
4 0.6924274421875001 0.39128323125000003 0.5381167531266977 0.38049277653822117 0.514246959375 0.721846725 0.6685576484358022 0.7326371797117789
4 0.8768647890639822 0.15043724216630502 0.6898215296875001 0.1373579031250001 0.6748892842662713 0.35089895780489705 0.8619325436427534 0.36397829684620203
4 0.17842964062500008 0.5292020203125001 0.13166882650277673 0.5259321852290837 0.12828999681527672 0.5742516946040837 0.17505081093750008 0.5775215296875
4 0.1394851109375001 0.8397418468750001 0.09428298906250011 0.83658100625 0.08959622548029963 0.9036048406585857 0.13479834735529966 0.9067656812835858
4 0.21452890625000004 0.10255588906250004 0.17712025474434323 0.09994002106210446 0.17439539218750005 0.13890736718750005 0.21180404369315683 0.1415232351878956
4 0.05448496250000003 0.12895609687500004 0.029545861020100872 0.127212184756253 0.025949042187500014 0.17864908281250003 0.050888143667399174 0.18039299493124705
4 0.5067697281250001 6.106226635438361e-17 0.4662436875439672 -0.00283385687876056 0.4621539171875 0.05565258281250005 0.5026799577685328 0.058486439691260675
4 0.8774638953125002 0.02987284375000011 0.7543270823086058 0.021262279652264383 0.7462614906249999 0.1366056234375001 0.8693983036288943 0.14521618753523585
4 0.6810684734375001 0.016139539062500086 0.5891055375356525 0.009708863552644536 0.5811489390624999 0.12349351250000007 0.6731118749643474 0.1299241880098556
4 1.0192920249437443 0.04135674856222523 0.800978903077697 0.02609080780919234 0.7816868781249999 0.3019796156250001 0.9999999999910469 0.3172455563780329
4 0.3753906725325161 0.17645705785847807 0.34889287722761925 0.1746041514997491 0.34649499843750003 0.20889541562500002 0.3729927937423969 0.210748321983729
4 0.6615150062500001 0.3405658437500001 0.4962934609545949 0.32901242788053037 0.45116974218749994 0.9743116734374999 0.6163912874829052 0.9858650893069697
4 0.6917513859745137 0.31135386822068134 0.6636948968749999 0.3093919671875001 0.6609700343379863 0.3483593130293189 0.6890265234375 0.3503212140625001
4 0.6063822531526404 0.0986306355422267 0.40686944374999995 0.08467934062500007 0.3765689749723598 0.5179962253952735 0.5760817843750001 0.5319475203125001
4 0.2838544859375001 0.6791087515624998 0.0827829812500001 0.6650484624999999 0.061747045055222737 0.96587637040377 0.2628185497427228 0.9799366594662701
4 0.34282268283363637 0.5078048762602381 0.21812717656250008 0.4990853171875 0.2040668874788638 0.700156822177262 0.32876239375000005 0.7088763812500001
4 0.7588941703125001 0.02314795625000009 0.6965464172082321 0.01878817626601787 0.6883718296874999 0.13569021406250004 0.7507195827917679 0.14004999404648227
4 0.1418182234375 2.0816681711721685e-17 0.04206181863509566 -0.006975646794290873 0.033535204572595644 0.11496062508070914 0.133291609375 0.12193627187500003