1 0.4281250000000001 0.28593750000000007 0.04218750000000003 0.2859375 0.04218750000000007 0.90625 0.4281250000000002 0.90625
4 0.640625 7.108691966925652e-17 0.5203125 6.371990376813572e-17 0.5203125 0.15937500000000007 0.640625 0.1593750000000001
4 0.11718750000000003 0.026562500000000006 3.2529680602351567e-18 0.0265625 1.961348389259433e-17 0.29375 0.11718750000000004 0.29375
4 0.8234375 0.5546875000000002 0.7671875 0.5546875000000002 0.7671875 0.6359375000000002 0.8234375 0.6359375000000002
4 0.7968750000000002 0.803125 0.7343750000000002 0.803125 0.7343750000000002 0.9015625 0.7968750000000002 0.9015625
4 0.25000000000000006 0.05312500000000001 0.075 0.053125 0.07500000000000002 0.384375 0.2500000000000001 0.384375
4 0.7343750000000002 0.8015625 0.6765625000000002 0.8015625 0.6765625000000002 0.8875 0.7343750000000002 0.8875
4 0.8921875 0.20468750000000008 0.8546875 0.20468750000000008 0.8546875 0.2593750000000001 0.8921875 0.2593750000000001
4 0.9828125 0.16406250000000014 0.94375 0.16406250000000014 0.94375 0.23593750000000008 0.9828125 0.23593750000000008
4 0.4953125 0.475 0.428125 0.475 0.428125 0.590625 0.4953125 0.590625
4 0.7234375 8.189825469297925e-17 0.6140625 7.520096751014216e-17 0.6140625 0.2453125000000001 0.7234375 0.2453125000000001
4 1 0.4578125000000002 0.7296875 0.4578125000000002 0.7296875 0.7468750000000002 1 0.7468750000000002
4 0.840625 0.12343750000000009 0.728125 0.12343750000000009 0.728125 0.2515625000000001 0.840625 0.2515625000000001
4 0.16562500000000008 0.61875 0.009375000000000074 0.61875 0.009375000000000086 0.7875 0.16562500000000008 0.7875
4 0.371875 0.08281250000000004 0.26875 0.08281250000000002 0.26875 0.32656250000000003 0.371875 0.3265625000000001
4 0.6687500000000001 0.6375 0.5625 0.6375 0.5625000000000001 0.765625 0.6687500000000002 0.765625
4 0.9796875 0.3828125000000001 0.871875 0.3828125000000001 0.871875 0.5453125000000002 0.9796875 0.5453125000000002
4 1 0.7390625000000002 0.95 0.7390625000000002 0.95 0.921875 1 0.921875
4 0.8453125 0.58125 0.709375 0.58125 0.7093750000000001 0.7781250000000001 0.8453125 0.7781250000000002
4 0.2093750000000001 0.765625 0.018750000000000093 0.765625 0.018750000000000107 1 0.2093750000000001 1
4 0.440625 0.004687500000000047 0.31875 0.004687500000000039 0.31875 0.18906250000000005 0.440625 0.18906250000000005
4 0.5734375 0.4625 0.4703125 0.4625 0.4703125 0.6359375 0.5734375 0.6359375