1 0.8362218750000002 0.8250364578125 0.8073553234196114 0.27422985434616054 0.44847283437499996 0.2930380890625 0.47733938595538883 0.8438446925288394
1 1.0051980828132638 0.9742098644105501 0.9874529234192677 0.6356120371521032 0.8251756234375002 0.6441166296875 0.8429207828314963 0.9827144569459472
4 0.4943066062835748 0.9884673975156464 0.4740264234374999 0.6014984515624999 0.247774418485117 0.6133558165467199 0.2680546013311918 1.0003247624998663
4 0.6400741600786692 0.9933451968381222 0.6287074437500001 0.7764553453125002 0.4711112201549457 0.7847146140402621 0.4824779364836148 1.0016044655658842
4 0.4506188875 0.24442164687499995 0.43794377341762647 0.0025660558707899656 0.23821786562499997 0.013033246874999996 0.25089297970737356 0.25488883787921
4 0.5358064745234727 0.4965588171305866 0.5273836562457203 0.33584187648083713 0.3417009765625 0.34557309375 0.35012379484025236 0.5062900343997495
4 0.37527298802967707 0.41891658590974085 0.36341562343749995 0.19266458125000002 0.12780146711011692 0.2050125953984427 0.13965883170229404 0.4312646000581835
4 0.9931816474301236 0.35680512340840714 0.9756000374957201 0.021328013980837134 0.733744446875 0.034003128125 0.7513260568094033 0.36948023755257
4 0.7961100249999999 0.9851677046875 0.7877689827014013 0.8260111217989353 0.6582592139514014 0.8327984405489353 0.66660025625 0.9919550234375001
4 0.6244463562906772 0.3667418554636672 0.620766484375 0.296525715625 0.5692746499593229 0.29922428828633285 0.5729545218750001 0.36944042812500005
4 1.0075740359750343 0.631428246106436 0.9908101750000002 0.31155472187500005 0.8659814827709029 0.318096716393777 0.882745343745937 0.637970240625213
4 0.16659595939590438 0.7959796488363783 0.15711006718750004 0.6149780453125001 0.03852280935409567 0.6211929402261218 0.048008701562500006 0.80219454375
1 0.568386071875 0.9689386140624998 0.553012384375 0.6755911874999999 0.4219422577650409 0.6824602819069271 0.4373159452650409 0.975807708469427
4 0.699752446875 0.37061845156249995 0.6812713125000001 0.017977396874999996 0.5158732952571914 0.026645539569649386 0.5343544296321914 0.37928659425714933
1 0.192574015625 0.306449178125 0.17736387865052874 0.016222470284958206 0.00260370990052872 0.02538126247245819 0.017813846874999997 0.3156079703125
4 0.8589974390946168 0.3341091787378234 0.8419882530754539 0.009554578742103192 0.646943421793337 0.01977644531677978 0.6639526078124999 0.34433104531250003
4 0.3022255766364739 0.9656764076615054 0.288242064054811 0.6988550779782853 0.1244044061683371 0.7074414453167798 0.13838791875 0.974262775
4 0.31831765781249993 0.6159173796874999 0.30850466570666285 0.42867434218322026 0.19615884226916286 0.43456213749572026 0.20597183437499997 0.621805175
4 0.43790611874999996 0.5392410218749999 0.43070992500000005 0.40192945937499996 0.29963979836718335 0.40879855334577747 0.30683599211718326 0.5461101158457774
4 0.09126996497845033 0.8812888202644972 0.08096632343322024 0.6846836311683374 0.009189825000000002 0.6884452781250001 0.019493466545230077 0.8850504672211599
1 0.156250353125 0.419442565625 0.14651913593002325 0.23375988579483525 0.001405781249999978 0.24136495468749994 0.011136998444976738 0.4270476345176647
1 0.3118287422294859 0.2532599742386387 0.299071853125 0.009844025000000001 0.07281984995801409 0.02170138982386125 0.08557673906249999 0.26511733906249996
4 0.35699952343749997 0.6076315718749999 0.35143882809749444 0.5015271838501619 0.29370555937500004 0.50455285625 0.29926625471500556 0.610657244274838
4 0.45687126874999995 0.9309728171874999 0.4492662 0.7858594625000002 0.36500683278601914 0.7902753088697142 0.3726119015360191 0.9353886635572138
4 0.5223179218750001 0.9557065 0.5162665764721291 0.8402399592131203 0.4429297202308371 0.8440833812542798 0.4489810656337081 0.9595499220411595
4 0.08322732656250001 0.48898460000000005 0.07243303449273929 0.283017257645498 -0.008705615507260728 0.28726955452049796 0.002088676562499997 0.49323689687499994
4 0.34874904687499997 0.7786101890625 0.34073510387040135 0.6256950405859352 0.23775143199540133 0.6310921858984352 0.245765375 0.784007334375
4 0.26918402500809 0.723323531404367 0.2595345828125001 0.5392012109375 0.10817979374190996 0.5471333795331331 0.11782923593749994 0.7312557000000001
4 0.6931263531249999 0.9905648499999999 0.6894464820841212 0.9203487108937853 0.6067474734375 0.9246827812499999 0.6104273444783788 0.9948989203562146
4 0.07602665312499998 0.7397050578125001 0.06392396246724344 0.5087719774999679 -0.0000507422023637627 0.5121247499113079 0.012051948455392786 0.74305783022384
4 0.14610578125 0.6139901125 0.13874603750000003 0.47355783281250013 0.04356416087424536 0.4785461034805296 0.050923904624245356 0.6189783831680294
4 0.37368608934318914 0.5379127171727897 0.3706604171875 0.4801794468749999 0.30824607159431083 0.48345044376471014 0.31127174375 0.5411837140624999
4 0.5053087359374999 0.6311519015624999 0.49484154374999995 0.43142599375 0.40746145935888567 0.43600539031752195 0.4179286515463857 0.6357312981300218
4 0.7747821921875 0.8767603484375 0.7670953483746924 0.7300866343782917 0.6578702436871924 0.7358108796907916 0.6655570875000001 0.8824845937499999
4 0.15356505000000004 0.30849355156249997 0.14473335781250002 0.1399748171875 0.049551479621234074 0.14496308779807068 0.05838317180873408 0.3134818221730707