4 0.7375 4.8794520903527366e-17 0.059375 7.271340369937409e-18 0.05937500000000007 1 0.7375000000000002 1
1 0.8625 0.3312500000000001 0.728125 0.3312500000000001 0.728125 0.5375000000000002 0.8625 0.5375000000000002
4 0.925 0.4265625000000002 0.8671875 0.4265625000000002 0.8671875 0.5015625000000001 0.925 0.5015625000000001
4 0.6531250000000001 0.6828125 0.4234375 0.6828125 0.4234375000000001 1 0.6531250000000002 1
4 0.7921875 0.7093750000000001 0.6 0.709375 0.6000000000000001 0.934375 0.7921875000000002 0.934375
4 0.8375 0.5984375000000002 0.7953125 0.5984375000000002 0.7953125 0.6671875000000002 0.8375 0.6671875000000002
4 0.83125 0.2765625000000001 0.7734375 0.2765625000000001 0.7734375 0.3812500000000001 0.83125 0.3812500000000001
4 0.9171875 0.07031250000000011 0.8609375 0.07031250000000011 0.8609375 0.1484375000000001 0.9171875 0.14843750000000014
4 0.5062500000000001 0.4859375 0.3781250000000001 0.4859375 0.3781250000000001 0.740625 0.5062500000000002 0.740625
4 0.9125 0.6156250000000002 0.871875 0.6156250000000002 0.871875 0.6734375000000001 0.9125 0.6734375000000001
4 1 0.2921875000000001 0.9734375 0.2921875000000001 0.9734375 0.3968750000000001 1 0.3968750000000001
4 0.965625 0.08125000000000011 0.9125 0.08125000000000011 0.9125 0.15937500000000013 0.965625 0.15937500000000013
4 0.4546875 0.12968750000000004 0.325 0.12968750000000004 0.325 0.34687500000000004 0.4546875 0.3468750000000001
4 1 0.4203125000000002 0.971875 0.4203125000000002 0.971875 0.47968750000000016 1 0.47968750000000016
4 0.8421875 0.2156250000000001 0.71875 0.2156250000000001 0.71875 0.3859375000000001 0.8421875 0.3859375000000001
4 0.290625 0.13125000000000003 0.1734375 0.13125 0.17343750000000002 0.3328125 0.290625 0.3328125
4 0.11718750000000004 0.334375 0.043750000000000046 0.334375 0.04375000000000005 0.4578125 0.11718750000000004 0.4578125
1 0.9484375 0.6984375000000002 0.825 0.6984375000000002 0.825 1 0.9484375 1
4 0.8265625 0.0734375000000001 0.790625 0.07343750000000009 0.790625 0.1312500000000001 0.8265625 0.1312500000000001
4 0.10625000000000004 0.246875 0.046875000000000035 0.246875 0.04687500000000004 0.3328125 0.10625000000000004 0.3328125
4 0.453125 0.32031250000000006 0.3453125 0.3203125 0.3453125 0.4921875 0.453125 0.4921875
4 0.07812500000000003 0.18125 0.021875000000000023 0.18125 0.021875000000000026 0.26875 0.07812500000000003 0.26875
4 0.7656250000000001 0.7156250000000001 0.7046875 0.715625 0.7046875000000001 0.809375 0.7656250000000002 0.809375
4 0.75 0.010937500000000079 0.5390625 0.010937500000000067 0.5390625 0.3203125000000001 0.75 0.3203125000000001
4 0.871875 0.6828125000000002 0.8453125 0.6828125000000002 0.8453125 0.7234375000000002 0.871875 0.7234375000000002
4 0.340625 2.8319957230282545e-17 0.121875 1.492538286460837e-17 0.12187500000000002 0.2296875 0.340625 0.2296875
4 0.7640625 0.22656250000000008 0.7234375 0.22656250000000008 0.7234375 0.2890625000000001 0.7640625 0.2890625000000001
4 0.996875 0.5687500000000002 0.9703125 0.5687500000000002 0.9703125 0.6437500000000002 0.996875 0.6437500000000002
4 0.3765625 4.209723372069027e-17 0.3109375 3.807886141098801e-17 0.3109375 0.06250000000000004 0.3765625 0.06250000000000004
1 0.834375 0.5468750000000002 0.803125 0.5468750000000002 0.803125 0.6046875000000002 0.834375 0.6046875000000002