4 1 6.228281825414453e-17 3.008176176576444e-17 1.050478296776868e-18 9.13141017231321e-17 1 1 1
4 1 6.228281825414453e-17 3.008176176576444e-17 1.050478296776868e-18 9.13141017231321e-17 1 1 1
4 0.11648372970641474 0.7820998228958551 0.035283225000000085 0.7792642390624999 0.03130250154358542 0.8932572552291447 0.11250300625000009 0.8960928390624998
4 0.6921596500086855 0.5489235778762815 0.397027046875 0.5386173203125 0.38143133432050275 0.9852200968730969 0.6765639374541883 0.9955263544368785
4 0.46657793281250004 0.3377972765625 0.005921224605172147 0.321710790040388 -0.016381734769827915 0.960383991602888 0.4442749734375 0.976470478125
4 0.6618060836363964 0.8808789719037712 0.6305751195757996 0.8797883624742739 0.6289937359375002 0.9250732593750002 0.660224699998097 0.9261638688044973
4 0.32506195939344124 0.7190281760344146 0.27196932187500006 0.717174140625 0.2692973296330028 0.7936900015605969 0.32238996715144397 0.7955440369700115
4 0.5421022953125001 0.6374906046875001 0.5171175234395495 0.6366181171288108 0.51569973125 0.67721836875 0.5406845031229506 0.6780908563086894
4 0.33556650315213676 0.46298880703540723 0.29965089531250005 0.46173460624999996 0.2977968593205028 0.514827245310597 0.3337124671601394 0.5160814460960043
4 0.33458004691669474 0.13306590005601976 0.3033490828125 0.13197529062500005 0.3020403515189022 0.16945244687347757 0.333271315623097 0.17054305630449731
4 0.42521669218750013 5.828670879282072e-17 0.05981442025074948 -0.01276012791919318 0.043393404625749435 0.45747625645580686 0.4087956765625001 0.47023638437500004
4 0.2722767359627266 0.260656771152605 0.23011493437500005 0.25918444843750005 0.22749747182050278 0.3341387609355969 0.2696592734082293 0.3356110836507018
4 0.4351882875000002 0.6994220859375 0.22906392966662872 0.6922240646601807 0.21908485466662864 0.9779873802851806 0.42520921250000016 0.9851854015624999
4 0.38599205785751656 0.8993894768358974 0.3594457375564004 0.8984624593224059 0.35808247656250003 0.9375011640625001 0.38462879686361623 0.9384281815759916
4 0.20180878125 0.219109665625 0.17213936563742507 0.21807358714419278 0.17033986093749998 0.2696046765625 0.20000927655007494 0.2706407550433072
4 0.16614592500000008 0.7478746593750001 0.10056090156250008 0.7455843796875001 0.09603487266438145 0.8751928781525656 0.16161989610188146 0.8774831578400656
4 0.6094174984374999 0.008206528125000076 0.41578552495911597 0.0014447511707661926 0.40242556245911604 0.3840240527332662 0.5960575359375 0.3907858296875001
4 1.0015692843741253 0.4190176830265842 0.718929065625 0.4091476687500002 0.70513285780781 0.8042193561952725 0.9877730765569351 0.8140893704718565
4 0.8346571062500002 0.63207231875 0.7971799499995245 0.6307635875136243 0.7954349749995243 0.6807331297011244 0.8329121312500002 0.6820418609375002
4 0.03831212035097932 0.8716137020230994 1.1657341758564144e-16 0.8702758140624999 -0.0022902781758743496 0.935860837394355 0.03602184217510485 0.9371987253549545
4 0.2297778015625001 0.5374672046875 0.19854683750023788 0.5363765953056878 0.1968018625 0.5863461375 0.2280328265622622 0.5874367468818121
4 0.5170680347160632 0.011235423449410236 0.487398619038469 0.01019934526800994 0.4856536452599059 0.06016888744359977 0.5153230609375001 0.061204965625000066
4 0.1803832843750001 0.6983413609375 0.00548988905123374 0.6922339490808087 -0.001871723448766266 0.9030429522058088 0.1730216718750001 0.9091503640624999
4 0.3210960953125001 0.9221384984375 0.2961113234220576 0.9212660113797149 0.2946390015470576 0.9634278129422149 0.31962377343750015 0.9643003
4 0.9518475843750002 0.5892611281250002 0.9096857843298798 0.5877888059795755 0.9072319140173798 0.6580584747295755 0.9493937140625002 0.6595307968750002
4 0.47017694375063446 0.23473509841933432 0.44519217343750006 0.23386261093750002 0.44388344218686554 0.27133976720566577 0.4688682125 0.2722122546875001
4 0.3892094218829584 0.31477062789710347 0.362663103125 0.31384360937500005 0.3612998405705027 0.35288231406059695 0.38784615932846106 0.35380933258270036
4 0.17530206718750008 0.6199913015625002 0.15344039218750008 0.6192278750000001 0.15218619144422504 0.6551434828411079 0.17404786644422504 0.655906909403608
4 0.6247949578125 0.5528249609375001 0.5998101859375 0.5519524734375001 0.5983378633688564 0.5941142734678412 0.6233226352438564 0.5949867609678412
4 0.9494779640625002 0.8362038609375 0.7402305085207529 0.8288967796576691 0.7342554531250002 1.0000000000000002 0.9435029086667474 1.0073070812798313
4 0.41206252812527183 0.5110002281172148 0.3870777578125 0.5101277406250001 0.3855509046872282 0.5538510890702855 0.41053567500000004 0.5547235765625
4 0.4453557656250001 0.22917796562500006 0.41100170468749997 0.22797829531250002 0.40909313834718136 0.2826324812795843 0.44344719928468146 0.2838321515920843
4 0.70884093125 0.6980340796875002 0.6807330640625 0.6970525312500001 0.6794243328125 0.7345296875 0.7075322000000001 0.7355112359375001
4 0.26878187656249997 0.0025650796875000327 0.22974317188332902 0.0012018185114869948 0.22783460625000002 0.05585600468750004 0.266873310929171 0.05721926586351307
4 0.21212485781250012 0.640038609375 0.1559091234370433 0.6380755125130794 0.1531825999995433 0.7161529218880794 0.20939833437500016 0.7181160187500001
4 0.14181558593750007 0.2357760859375 0.11683081406376876 0.23490359840116848 0.11552208281250001 0.2723807546875 0.1405068546862313 0.2732532422238315
4 0.892811126589681 0.7576158429716481 0.8662648078125 0.7566888250000001 0.8647379546603192 0.8004121742158521 0.8912842734375002 0.8013391921874999
4 0.5415372219154837 0.20595800630597746 0.5134293546875 0.20497645781250004 0.5120115624576133 0.24557670937351989 0.5401194296855969 0.2465582578669973
4 0.3009992990621828 0.3335785969513782 0.2713298828125001 0.33254251718750005 0.2695303759359143 0.3840736062281192 0.299199792185597 0.38510968599199735
4 0.9186832453204585 0.8226208669596036 0.8921369265625 0.8216938484375002 0.8907736640080026 0.8607325531230972 0.9173199827659613 0.8616595716452006
4 0.4495445937954369 0.8703397315113607 0.41987517812500014 0.8693036531250001 0.4184028561955029 0.911465454685597 0.4480722718659396 0.9125015330719576
4 0.6963931250393127 0.964949755124238 0.6636006140625003 0.9638046156250002 0.6623366436284474 0.9999999999957554 0.6951291546052598 1.001145139494993
4 0.9243444625035332 0.9291333248988289 0.9009212390625002 0.9283153671875002 0.899885159322406 0.9579847827560997 0.923308382763439 0.9588027404674285
4 0.6138789805106177 0.641560554716244 0.5920173055125206 0.6407971280992466 0.5905449828125 0.6829589281249999 0.612406657810597 0.6837223547419973
4 0.2724898156416462 0.8813548198358185 0.2350126593750001 0.8800460890625 0.23299503275800287 0.937823371873097 0.270472189024649 0.9391321026464154
4 0.47695849062506346 0.4882512062481835 0.4176196609375 0.48617904843750004 0.4143478327580028 0.5798719390605971 0.47368666244556623 0.5819440968712806
4 0.5463556703125001 0.515689846875 0.5010707734640134 0.5141084633032573 0.4986714328390135 0.5828165836157574 0.5439563296875001 0.5843979671875
4 0.2581236250181659 0.48686313385480096 0.09884571250000004 0.48130102656249996 0.09050255154433431 0.7202178958326989 0.2497804640625001 0.7257800031249999
4 0.4097672734375002 0.7110419843750001 0.3629208281250001 0.7094060703125 0.36030336562500004 0.7843603828125001 0.40714981093750013 0.7859962968750001
4 0.5627346453125001 0.0018859703125000738 0.4534262734373704 -0.0019311624962842055 0.44862759218737036 0.1354850765662158 0.5579359640625 0.1393022093750001
4 0.07185817500000007 0.627323128125 0.03125792187500007 0.6259053359375 0.02934935550133525 0.6805595219034197 0.06994960862633524 0.6819773140909198
4 0.07624044687500008 0.457059846875 0.04657103120617349 0.45602376844252995 0.044880587456173474 0.5044317621925299 0.07455000312500007 0.5054678406249999
4 0.32147296562500005 0.06068937968750003 0.26681877971443146 0.05878081329128446 0.2635469515625 0.15247370468750004 0.31820113747306855 0.1543822710837156
4 0.0684327062754161 0.4567871945846803 0.001286134375000056 0.45444238437499995 -0.001658511016522618 0.538765986637913 0.06548806088389343 0.5411107968475932
4 0.34701285938800125 0.7620079340026955 0.32515118437500007 0.7612445078125001 0.3236788624869989 0.8034063081848046 0.3455405375000001 0.8041697343750001
4 0.14192962190129713 0.0981962554969502 0.10913710937500005 0.09705111562500003 0.10717401247370295 0.15326685075304985 0.139966525 0.15441199062500005
4 0.337440375 0.36455674218750006 0.2999632187500001 0.36324801093750003 0.2979455913962156 0.42102529377693154 0.3354227476462156 0.4223340250269315
4 0.1546945937500001 0.5833122671875001 0.11409434062638413 0.5818944749603656 0.11169500000000006 0.65060259375 0.15229525312361603 0.6520203859771343
4 0.31532581721364494 0.8187491367513099 0.26691782343750015 0.8170586921874999 0.26419129994550283 0.895136101560597 0.3125992937216477 0.8968265461244069
4 0.21653691562500005 0.155522434375 0.18686749995617344 0.15448635594252996 0.18517705620617345 0.20289434969253 0.21484647187500006 0.20393042812500006
4 0.5036188453125001 0.35159839375000007 0.4755109781254078 0.3506168453008221 0.4739841250004078 0.3943401937383221 0.5020919921875 0.39532174218750005
4 0.4454201805658936 0.4511904578431743 0.4141892165052966 0.450099848413677 0.412062528125 0.511000228125 0.443293492185597 0.5120908375544972
4 0.25209555468750006 0.4803988187499999 0.2193030437766889 0.4792536789232301 0.21744900781250004 0.5323463171875 0.2502415187233112 0.5334914570142698
4 0.21779111562500003 0.11960682656250002 0.021036045263230996 0.11273598891088102 0.009857301513231012 0.43285336391088103 0.20661237187500006 0.43972420156250014
4 0.9722567718750001 0.5868469281250002 0.6068545013326114 0.5740867994427472 0.5919812843750001 1.0000000000000002 0.9573835549173889 1.012760128682253
4 0.2922595640625001 0.49430899687499996 0.2672747921895495 0.4934365093163106 0.26585700000000007 0.5340367609375 0.2908417718729506 0.5349092484961894
4 0.2454081421875 0.627129815625 0.21886182344864405 0.6262027981183763 0.21728044062500004 0.6714876953124999 0.24382675936385603 0.6724147128191236
4 0.19747115547120453 0.16423735783986762 0.17248638365260488 0.16336487028727345 0.17101406093750002 0.20552667187500004 0.19599883275609967 0.20639915942759418
4 0.20421800625000008 0.3739755859375001 0.1698639468743657 0.3727759156431658 0.1675736671868657 0.4383609390806657 0.20192772656250008 0.43956060937499997
4 0.4703455109531906 0.09559371986317582 0.36416023593749997 0.09188564843750004 0.35756204998430924 0.28083297701182425 0.46374732499999993 0.28454104843750005
4 0.2266582359375 2.7755575615628914e-17 0.18918107967134584 -0.0013087307874048936 0.18761606717134582 0.0435073754625951 0.2250932234375 0.04481610625000003
4 0.4389311203413345 0.14452718198678724 0.40926170624999997 0.14349110312500007 0.4076257921586654 0.1903375492632129 0.43729520624999996 0.19137362812500008
4 0.23888936410684497 0.1422319268551265 0.1530042141189004 0.13923275150990583 0.14804194218750003 0.2813336359375 0.2339270921754446 0.2843328112827207
4 0.8487259007973288 0.7216804000278434 0.8237411289242319 0.7208079124733462 0.8224869281249999 0.7567235203125 0.8474716999980968 0.7575960078669972
4 0.5244940625 0.02243891250000003 0.2699617109375 0.013550446875000028 0.24913107372630705 0.6100618468850854 0.503663425288807 0.6189503125100854
4 0.4821983906438449 0.20388584789785105 0.4509674265624999 0.20279523906250002 0.449495104668655 0.24495703960214898 0.48072606875 0.2460476484375
4 0.7414946609375002 0.5240677031250002 0.5572319781057323 0.5176331083642588 0.5473619640432323 0.8002733271142587 0.7316246468750002 0.806707921875
4 0.45290073750000015 0.4608324 0.2858150843845485 0.4549976403515698 0.2763813140625 0.7251454734375 0.4434669671779517 0.7309802330859301
4 0.48722998750000013 0.6418282312500001 0.46536831250000016 0.6410648046875 0.4641141117567253 0.6769804125286081 0.48597578675672526 0.677743839091108
4 0.6660247640637689 0.7153003359011686 0.6441630906250001 0.7145369093750001 0.6428543593737313 0.7520140656613316 0.6647160328125 0.7527774921875
4 0.456004065625 0.013793379687500048 0.4247731015631344 0.01270277029433429 0.42313718750000007 0.05954921562500004 0.45436815156186566 0.060639825018165804
4 0.3923841921874999 4.9960036108132046e-17 0.3627147760898817 -0.0010360803727865685 0.3620385213264615 0.01832929367628085 0.3917079374240798 0.01936537404906747
4 0.69447965 0.6615731671875001 0.596102115616761 0.6581377471109404 0.591467024991761 0.7908693424234403 0.689844559375 0.7943047625
4 0.9650984218750003 0.7022924312500001 0.7995743156550383 0.6965122022648191 0.7931942515625001 0.8792133390625001 0.958718357782462 0.8849935680476809
4 0.5836642593750001 0.65613995625 0.4259478953188814 0.6506323795047622 0.4183681609375 0.8676875750000003 0.5760845249936187 0.873195151745238
4 0.7280554234375001 0.5955172062500002 0.6749627843750001 0.5936631703125002 0.6723453219262916 0.6686174828142913 0.7254379609887917 0.6704715187517913
4 0.20857540160022908 0.8759959750013175 0.08677464531250012 0.8717425984375 0.08382999996227122 0.9560661999986826 0.20563075625000016 0.9603195765625001
4 0.5705423859375001 0.0021586218750000693 0.5252574890671168 0.0005772389302916181 0.5233489234375 0.055231425000000056 0.5686338203078831 0.05681280794470851
4 0.11878396096407091 0.4476013320516117 0.0016678484375000553 0.4435115468750001 -0.006293600026570784 0.6714975788858883 0.11082251250000008 0.6755873640625
4 0.3118855566969544 0.0666083906951718 0.2884623328125 0.06579043281250004 0.28720813080114244 0.10170604060932553 0.3106313546855969 0.10252399849199731
4 0.95756830875521 0.5597553047204203 0.7748671718750002 0.5533752406250001 0.7696322474947903 0.7032838655920799 0.9523333843750003 0.7096639296875001
4 0.3961645094152274 0.2946886222855392 0.27124065625 0.29032618593750004 0.2653513671330027 0.4589733890605969 0.39027522029823014 0.4633358254086361
4 0.8115610671874999 0.6218850734375001 0.7787685543435315 0.6207399343629885 0.7771871718730969 0.6660248313044973 0.8099796847170653 0.6671699703790089
4 0.6374360734375001 0.4594592531250001 0.45785803438089695 0.45318824983113376 0.44951487343749996 0.6921051203124999 0.6290929124941032 0.6983761236063664
4 0.2657445468750001 3.469446951953614e-17 0.054935543562754485 -0.007361613659000593 0.04792440758696166 0.19341102337506036 0.2587334108992073 0.20077263703406095
4 0.15305370312500008 0.7646154453125 0.13275357651670788 0.7639065497488187 0.13171749839170788 0.7935759653738186 0.1520176250000001 0.7942848609375
4 0.8658583500000001 0.45492831562500025 0.7300036594017422 0.450184164859205 0.7232418812767422 0.6438161382967049 0.8590965718750001 0.6485602890625002
4 0.7085087727454245 0.8418601031553958 0.5757771773627177 0.8372250140358805 0.57009295 1 0.7028245453827069 1.0046350891195153
4 0.7754223625000002 0.7613338000000003 0.7223297234375001 0.7594797640625003 0.7200394438493775 0.8250647859409705 0.7731320829118775 0.8269188218784704
4 0.7301176297382851 0.8050918422957075 0.6817096359375 0.8034013984374997 0.679801070261715 0.8580555858292922 0.7282090640625001 0.8597460296874999
4 0.6363156781250001 0.8049431109375002 0.49421479531660395 0.7999808389449813 0.4881619140625001 0.9733126859375 0.6302627968708963 0.978274957930019
4 0.2407532187500001 0.8052008374999999 9.43689570931383e-17 0.7967935500000001 -0.005507576748311449 0.9545099156730752 0.23524564200168854 0.9629172031730752
4 0.4276135296875 0.7820205484374999 0.3370437359375001 0.7788577812499999 0.3319178718637247 0.9256433093746061 0.4224876656137247 0.9288060765621061
4 0.9301495015624999 0.5838130578125 0.8942338937614227 0.5825588574853909 0.8921072062500001 0.6434592359375001 0.9280228140510772 0.6447134362646093
4 0.8619569015625002 0.8800511312500001 0.7745102031250003 0.8769974250000002 0.7709111922634073 0.980059603127651 0.8583578907009072 0.9831133093776507
4 0.6124710718886244 0.9057348468754757 0.5375167609375 0.903117384375 0.5351174202988758 0.9718255031245244 0.61007173125 0.974442965625
1 0.4902639234375 0.10723345312500006 0.3918863890733994 0.10379803406288066 0.37470929374999995 0.59568570625 0.4730868281141006 0.5991211253121194
4 0.009257467187500068 0.4500303921874999 0.0014497265841285911 0.4497577398509245 -0.0004043093787962471 0.5028503780789964 0.00740343122457523 0.5031230304155717
4 0.3970745484375001 5.2735593669694933e-17 0.2096887687580185 -0.006543654917118172 0.205516853125 0.11292439062500004 0.3929026328044817 0.11946804554211825
4 0.787384303125 0.86650283125 0.7077453453645284 0.8637217766351064 0.7045280469270283 0.9558531188226065 0.7841670046875 0.9586341734375001
4 0.6048517343778341 0.7209813889813446 0.5783054140625 0.7200543703125001 0.5771602733849058 0.7528468827560997 0.6037065937002399 0.7537739014249442
1 1.0133825594816661 0.12550115738076484 0.9696592109451814 0.12397430446753174 0.9527002374010154 0.609615786149267 0.9964235859375001 0.6111426390625002
4 0.952715096875 0.6987330921875002 0.9246072296883783 0.6977515437248477 0.9231894374999999 0.7383517953125001 0.9512973046866217 0.7393333437751526
1 0.4443890109375001 0.8388906468749999 0.36475005312500003 0.83610959375 0.359624190569086 0.9828951219276114 0.4392631483815861 0.9856761750526113
4 0.567959553125 0.6133783218750001 0.46333582500000003 0.6097247796875 0.46033664857753137 0.6956099296378263 0.5649603767025313 0.6992634718253263
4 0.2705515296875002 0.7577743937500001 0.21433579531293928 0.7558112968624238 0.21150021093750007 0.8370118015625003 0.26771594531206094 0.8389748984500767
1 0.7301573000383174 0.7144129879652356 0.6349028624999999 0.7110866296875 0.6261234577580026 0.9624958859355969 0.7213778952963201 0.9658222442133326
4 0.28316790156250005 0.3517173390625 0.1941596562525045 0.34860910305328097 0.19072423750000003 0.44698663749999995 0.2797324828099955 0.450094873509219
4 0.07838697031250011 0.350820040625 0.004994206250937772 0.3482571089403671 -0.0007314921865622631 0.5122196667528672 0.07266127187500007 0.5147825984375001
4 0.3704958578125 4.4408920985006264e-17 0.303349287299633 -0.002344810565774634 0.3020998575708449 0.03343416561656125 0.3692464280837119 0.03577897618233593
1 0.4449294062500001 0.46524439218750013 0.40120605781254887 0.4637175390611028 0.3969526812500001 0.5855182953125 0.4406760296874513 0.5870451484388973
1 0.7636041765625 0.6968195500000001 0.7120730859466073 0.6950200450517003 0.707056284375 0.8386824765625003 0.7585873749908927 0.8404819815107999
1 0.7798344203124999 0.27681762343750005 0.7532881015897793 0.2758906054688226 0.7499072124999999 0.37270659218750013 0.7764535312227206 0.3736336101561776
4 0.9125560640688348 0.5503661810685978 0.8985021296875001 0.5498754062500002 0.8977932327599059 0.5701755327560998 0.9118471671412406 0.5706663075746974
4 0.061755178161805445 0.827092231758533 9.43689570931383e-17 0.8249356937499999 -0.003108235974305246 0.9139439401164667 0.058646942187500106 0.9161004781249998
4 0.9478123312500001 0.70481569375 8.049116928532385e-17 0.6717173578125001 -0.010851562237591395 0.9824654425965159 0.9369607690124087 1.015563778534016
1 0.9864544609763927 0.6279924848237604 0.9193078906250001 0.6256476750000001 0.9134731311955028 0.792733329685597 0.9806197015468954 0.7950781395093574
1 0.9303229781250002 0.8027024531250001 0.7320063609072268 0.79577708367941 0.7289526546572268 0.88322378211691 0.9272692718750001 0.8901491515625001
4 1.0027265232179525 0.017250824788643062 0.06928542432352083 -0.015345656603478608 0.06655890110556836 0.06273175298287846 1.0000000000000002 0.09532823437500013
4 1.0023993404502078 0.017239399316514244 0.08021626182701964 -0.014963944062426196 0.07781692133586326 0.05374417654367295 0.9999999999590516 0.08594751992261337
4 1.0022902794747415 0.017235590821470578 0.07553161671588614 -0.01512753475912175 0.07324133722120987 0.05045748905276445 0.9999999999800654 0.08282061463335677