3 0.38750000000000007 0.465625 0.18906250000000005 0.465625 0.18906250000000008 0.98359375 0.38750000000000007 0.98359375
1 1 0.3593750000000001 0.79375 0.3593750000000001 0.79375 0.7085937500000001 1 0.7085937500000001
4 0.7671875 0.010937500000000055 0.1296875 0.010937500000000017 0.1296875 0.26328125 0.7671875 0.2632812500000001
4 0.11406250000000002 0.1578125 0.06250000000000003 0.1578125 0.06250000000000003 0.3140625 0.11406250000000004 0.3140625
4 0.11484375000000006 0.3328125 0.014062500000000039 0.3328125 0.014062500000000061 0.66796875 0.11484375000000009 0.66796875
4 0.42421875 0.16250000000000003 0.30625 0.16250000000000003 0.30625 0.40625 0.42421875 0.40625
4 0.09843750000000011 0.671875 8.22809568177128e-17 0.671875 1.0237281836622407e-16 1 0.09843750000000014 1
1 1 0.828125 0.5984375000000002 0.828125 0.5984375000000002 0.9984375 1 0.9984375
4 0.18437500000000012 0.553125 0.001562500000000068 0.553125 0.001562500000000094 0.98046875 0.18437500000000012 0.98046875
4 0.6421875000000001 0.590625 0.4671875 0.590625 0.4671875000000001 0.9734375 0.6421875000000001 0.9734375
4 0.8296875 9.711066415113777e-17 0.75625 9.26139141855186e-17 0.75625 0.0851562500000001 0.8296875 0.08515625000000011
4 0.821875 0.04062500000000009 0.63125 0.04062500000000008 0.63125 0.5437500000000001 0.821875 0.5437500000000002
4 1 0.0015625000000001154 0.8875 0.001562500000000109 0.8875 0.057031250000000124 1 0.05703125000000013
4 0.6046875 0.2234375000000001 0.3953125 0.2234375000000001 0.39531250000000007 0.50703125 0.6046875 0.50703125