4 0.64765625 0.04687500000000007 0.5578125 0.04687500000000007 0.5578125 0.14218750000000008 0.64765625 0.14218750000000008
1 0.1453125 0.07187500000000001 8.802148868871602e-18 0.071875 2.7411039684040366e-17 0.37578125 0.14531250000000004 0.37578125
4 0.99921875 9.907201254039722e-17 0.61875 7.577502069724248e-17 0.6187500000000001 1 0.99921875 1
4 0.8609375 1.0017228114900615e-16 0.775 9.491012693391987e-17 0.775 0.0992187500000001 0.8609375 0.0992187500000001
4 0.978125 0.3890625000000001 0.9515625 0.3890625000000001 0.9515625 0.43281250000000016 0.978125 0.43281250000000016
4 0.709375 0.2515625000000001 0.6375 0.2515625000000001 0.6375 0.50390625 0.709375 0.50390625
4 1 1.0581713748882599e-16 0.728125 8.916959506291665e-17 0.728125 0.1789062500000001 1 0.17890625000000013
4 0.1875000000000001 0.625 0.009375000000000078 0.625 0.009375000000000097 0.9421875 0.18750000000000014 0.9421875
4 0.740625 0.003125000000000086 0.6640625 0.0031250000000000817 0.6640625 0.08593750000000008 0.740625 0.08593750000000008
4 0.6273437500000001 0.725 0.4125 0.725 0.4125000000000001 0.99765625 0.6273437500000002 0.99765625
4 0.69296875 0.515625 0.6296875 0.515625 0.6296875 0.72109375 0.69296875 0.72109375
4 0.71171875 0.007812500000000082 0.640625 0.007812500000000078 0.640625 0.1882812500000001 0.71171875 0.1882812500000001
4 0.809375 0.12656250000000008 0.7296875 0.12656250000000008 0.7296875 0.2750000000000001 0.809375 0.2750000000000001
4 0.99296875 0.003125000000000116 0.8984375 0.0031250000000001095 0.8984375 0.06562500000000011 0.99296875 0.06562500000000011
4 0.515625 0.21718750000000003 0.3578125 0.2171875 0.35781250000000003 0.56953125 0.515625 0.56953125
4 0.7632812500000001 0.6937500000000001 0.7 0.69375 0.7000000000000001 0.80234375 0.7632812500000001 0.80234375
1 0.5484375 0.11718750000000007 0.50625 0.11718750000000004 0.50625 0.2093750000000001 0.5484375 0.2093750000000001
4 0.64921875 0.3781250000000001 0.5921875 0.3781250000000001 0.5921875 0.51015625 0.64921875 0.51015625
4 0.425 0.0031250000000000466 0.3296875 0.00312500000000004 0.3296875 0.16875000000000004 0.425 0.16875000000000004
1 0.07031250000000001 0.08125 0.00781250000000001 0.08125 0.007812500000000016 0.16875 0.07031250000000003 0.16875
1 0.51796875 0.07187500000000006 0.4796875 0.07187500000000006 0.4796875 0.16562500000000005 0.51796875 0.16562500000000005
4 0.56328125 0.003125000000000061 0.4359375 0.0031250000000000526 0.4359375 0.07734375000000006 0.56328125 0.07734375000000007
1 0.06093750000000011 0.909375 1.1136631829746244e-16 0.909375 1.1672414804373209e-16 0.996875 0.06093750000000011 0.996875
4 0.76875 0.3187500000000001 0.7296875 0.3187500000000001 0.7296875 0.3882812500000001 0.76875 0.3882812500000001
1 0.05312500000000003 0.2453125 0.03437500000000003 0.2453125 0.03437500000000003 0.27890625 0.05312500000000005 0.27890625
4 0.4820312500000001 0.6203125 0.27812500000000007 0.6203125 0.27812500000000007 0.99609375 0.4820312500000002 0.99609375
1 0.33125 0.001562500000000039 0.30625 0.0015625000000000374 0.30625 0.023437500000000038 0.33125 0.023437500000000038
4 0.69140625 0.2515625000000001 0.6625 0.2515625000000001 0.6625 0.3109375000000001 0.69140625 0.3109375000000001
1 0.016406250000000032 0.2453125 3.004211679158351e-17 0.2453125 3.296022049267681e-17 0.29296875 0.016406250000000032 0.29296875