4 1.0720614029341708 0.91562693721418 0.9156269378117301 -0.07206140384888644 -0.0010713041696849362 0.07312933416134168 0.15536316095275587 1.060817675224408
4 0.7387165875 0.9684235703125001 0.73040600625 0.9159526265625002 0.6887379045962512 0.9225522056738772 0.6970484858462511 0.9750231494238772
4 1.0581720358677484 0.9178267977803017 0.9941316765625 0.5134918828124999 0.6808492811118301 0.5631109397526295 0.7448896404170785 0.9674458547204313
4 1.012465872294896 0.5991787293206695 0.9999999999918343 0.5204723155734434 0.9428828761344384 0.5295187800027741 0.9553487484375001 0.6082251937500001
4 0.964512384375 0.7459877718750001 0.9540019436418266 0.679627460254521 0.9061607890624999 0.6872047546874999 0.916671229795673 0.7535650663079789
4 0.50263095625 0.9061513250000001 0.4852765078125 0.7965796484375 0.4081133560432274 0.8088010908819896 0.42546780448072746 0.9183727674444897
4 1.021709059381907 0.597714752442562 0.9540022670588215 0.17023089293755372 0.7302291280128201 0.20567307658026746 0.7979359203359055 0.6331569360852758
4 0.6605757203125002 0.9744719609375 0.6505541374340587 0.9111981761461616 0.602712984375 0.9187754703125 0.6127345672534416 0.9820492551038384
4 0.5403356549546172 0.5948579735615118 0.5305585015499605 0.5331274514833295 0.47963082031250004 0.541193603125 0.4894079737171566 0.6029241252031824
4 0.7864859468750001 0.8105698546875001 0.7789086515625 0.7627287 0.7372405499933732 0.7693282796456604 0.7448178453058734 0.8171694343331606
4 1.0075772897058304 0.7755524275591172 1 0.7277112718749998 0.9887924249449819 0.7294863762151298 0.9963697146508125 0.7773275318992472
4 0.756842829765317 0.8231747473663171 0.7463323890625 0.7568144359375 0.693861446797183 0.7651250166961832 0.7043718875 0.8314853281250002
4 0.48650811718750003 0.9941316765624999 0.4715979578125 0.8999926312500002 0.40678090922154697 0.9102586427811359 0.421691068596547 1.0043976880936356
4 0.913795520396085 0.8552670458402354 0.9062182248421655 0.8074258911909726 0.8691799122585804 0.8132921844132373 0.8767572078124999 0.8611333390624999
4 0.5451282890625 0.764952384375 0.529729271519179 0.6677268123088809 0.4263306480816791 0.6841035451213808 0.44172966562499993 0.7813291171875
4 0.9852891611887984 0.3677685625241354 0.9190489427914672 -0.0504557203442219 0.5563821296875 0.0069850593750000025 0.6226223480848312 0.42520934224335727
4 0.970388465625 0.4634652281249999 0.9554783048046029 0.36932618279395263 0.8906612563671027 0.37959219529395266 0.9055714171874998 0.473731240625
4 0.9566234345390588 0.8959430744733272 0.9458685656249999 0.8280395 0.8903110967109409 0.8368389380266731 0.9010659656250001 0.9047425125000002
4 0.38367047187500003 0.6544747890625 0.366071593715272 0.5433598497807356 0.2935382312499999 0.55484800625 0.311137109409728 0.6659629455317643
4 0.5737457173112739 0.8157890164064779 0.5681238546875 0.7802939656250001 0.5449749092512262 0.7839603976560223 0.5505967718750001 0.8194554484375001
4 0.6898690000000001 0.90971724375 0.6847359940287331 0.877308720268353 0.6585005221537331 0.8814640108933531 0.6636335281250001 0.913872534375
4 0.3292966391315021 0.9304408301231616 0.2926323109375001 0.6989513750000003 0.20775284368099797 0.7123949620643384 0.24441717187499998 0.9438844171874999
4 0.6675013126353455 0.8483988914795374 0.655768728125 0.7743222640625 0.5832353654896546 0.7858104194579629 0.5949679500000001 0.8598870468750001
4 0.35175080493309935 0.662694321863153 0.3419736515284427 0.6009637997849707 0.29721902343750006 0.6080522359375001 0.30699617684215663 0.6697827580156824
4 0.8837833134043255 0.9454472576692687 0.8776725921875 0.9068656812499999 0.8375477522206747 0.913220831393231 0.8436584734375 0.9518024078124998
4 1.0001993204041912 0.46190760636332817 0.9640238497783347 0.233504676725459 0.8652550153116436 0.24914812348713075 0.9014304859375002 0.4775510531249999
4 0.9889555937500003 0.39091750625 0.9735565766020049 0.2936919356837674 0.933431737461763 0.30004708569608046 0.9488307546097584 0.3972726562623131
4 0.6080329828124998 0.8325061203124997 0.590434104993647 0.721391181201511 0.514814215931147 0.733368195264011 0.5324130937499999 0.8444831343749998
4 0.8945861546874999 0.9437362562500002 0.8794315654355914 0.8480539472416213 0.7945520984375 0.861497534375 0.8097066876894086 0.9571798433833789
4 0.4409340484375 0.8162586187500003 0.4201575953125 0.6850812609375 0.34145117971044237 0.6975471329573517 0.3622276328354423 0.8287244907698519
4 0.5565446486916186 0.6872093266044406 0.52525775625 0.4896716578125001 0.36475840130838155 0.5150922577705594 0.39604529375 0.7126299265625
4 0.49212051566210613 0.8397910142967794 0.4776992140613691 0.7487384953053596 0.42059848125 0.7577823625 0.43501978285073706 0.8488348814914195
4 0.6227039329157658 0.25592490690199393 0.6117046342368463 0.186478069440231 0.5638634794460805 0.19405536410073707 0.574862778125 0.26350220156250004
4 1.0186225327321896 0.5982036115352466 0.9949129343750001 0.44850709687499996 0.8791682077221082 0.4668392603667898 0.9028778060792979 0.6165357750270365
4 1.0052556375173936 0.5038201371798512 0.99498962495096 0.4390030887528732 0.9425186811835665 0.447313670323022 0.9527846937500002 0.51213071875
4 0.5540523890624999 0.7413912703125001 0.541586518274467 0.6626848560778413 0.48448578546196713 0.6717287232653414 0.49695165624999993 0.7504351375
4 0.934447959440703 0.046769850414831685 0.9266532048602837 -0.0024442886646282693 0.911220575 -2.2204460492503132e-17 0.9190153295804192 0.04921413907945993
4 0.6093990422308629 0.6313787096487833 0.597422028125 0.5557588203125001 0.541864559331637 0.5645582591012167 0.5538415734375 0.6401781484375
4 0.9591352734375 0.20263941718749998 0.9444695425087174 0.11004363432412419 0.9012581768837172 0.11688764213662417 0.9159239078124999 0.209483425
4 0.22957535625000003 1 0.22542351718750003 0.9737863203125002 0.1868419416382879 0.9798970416750719 0.19099378070078787 1.0061107213625715
4 1.0065995773686574 0.5716322783243121 1 0.5299641765625001 0.9860175531127137 0.5321787780474267 0.992617130481371 0.5738468798092389
4 0.980400582976755 0.33690330103706606 0.968179140625 0.25974014843750004 0.9465734576864818 0.2631621523293535 0.958794900038237 0.34032530492891955
4 0.8950707656665859 0.08781007370006391 0.8877379 0.04151218281250002 0.8615024296459138 0.045667473174936156 0.8688352953124998 0.09196536406250004
4 0.4478881484375 0.9999999999999998 0.4166396484375001 0.8027047296875001 0.27157292292468593 0.8256810411064563 0.3028214229246859 1.022976311418956
4 0.2344722797915681 0.87110662565706 0.1934082328125 0.6118384359375001 0.019019509270931878 0.6394588962179399 0.06008355624999999 0.8987270859375001
4 0.1739782611047179 0.9186553791807721 0.15075752023829836 0.7720453901565093 0.039642582571080456 0.789644267225737 0.0628633234375 0.9362542562499998
4 0.26279686875 1.0000000000000002 0.2453661703125 0.8899469 0.15740017616062066 0.9038793445819 0.1748308745981207 1.0139324445819002
4 0.6961474609375001 0.9593460890625 0.6907700248390537 0.9253943015879912 0.6629912904640536 0.9297940219004914 0.6683687265625 0.9637458093750002