1 0.6292032890874164 0.723253565802289 0.5906044982773391 0.44860890511039486 0.3260172482524226 0.48579421899560604 0.36461603906250006 0.7604388796875001
1 0.38505692037214806 0.32207795979941756 0.3422176998745706 0.01726106942002356 0.0900087998149226 0.05270671899560599 0.13284802031250004 0.35752360937500005
4 0.365149190625 1 0.31135563125000004 0.6172389328125001 0.017369798422105297 0.658555946765461 0.07116335779710524 1.041317013952961
4 0.11858364531250003 0.362684046875 0.09259741718750003 0.17778243125 -0.024223268666050107 0.19420050840983455 0.0017629594589498865 0.37910212403483456
4 1.0093148109045038 0.5593824843354354 0.955602692181408 0.17720090151915419 0.9006737609374997 0.18492065937499996 0.9543858796605955 0.5671022421912811
1 0.5241460846119423 0.2788624187167 0.48456873454686916 -0.002745063987412033 0.2957988841733358 0.023784807940084633 0.33537623423840907 0.30539229064419665
1 0.61110826875 0.5664332421875 0.5646809921051416 0.2360860025389892 0.4447657171875001 0.2529389953125 0.4911929938323586 0.5832862349610108
4 0.17909538759556912 0.3778475116175096 0.13321175617375264 0.05136850570747178 -0.04588363142181647 0.07653872065246221 0 0.4030177265625001
4 0.6690231015625 0.70345655625 0.6583676608046367 0.6276391568671281 0.6196853140624999 0.63307560625 0.6303407548203632 0.7088930056328719
4 0.6942649796875001 0.9728780578125003 0.6654517983022115 0.7678616209123716 0.5494047578427643 0.7841709689653418 0.5782179392280529 0.9891874058654702
4 0.9299970796875001 0.21393450312499995 0.9260828358333859 0.18608321332168917 0.905968015625 0.18891016718750003 0.9098822594791143 0.2167614569908108
4 0.31521132193903356 0.6222195457681229 0.2861806828125 0.415655815625 0.1825119952484664 0.4302254995443772 0.21154263437499998 0.6367892296875002
4 0.17881525159897715 0.5498731393220486 0.14402197656250001 0.302306121875 -0.024633053545840205 0.3260090404194702 0.010160221490636945 0.5735760578665188
4 0.13531132347423097 0.9756968033863546 0.12063291093749999 0.8712544671875001 0.050231040588269014 0.8811488044261455 0.06490945312499999 0.985591140625
4 0.8546856937499998 0.24503095156250004 0.8512063656054301 0.2202742482982533 0.8303178984375 0.22320993125 0.8337972265820699 0.24796663451424675
4 0.5830772796875 0.990082325 0.5478490874281979 0.7394207198016015 0.41013993437499996 0.7587744796875 0.4453681266343021 1.0094360848858988
4 0.8944471640625 0.932121440625 0.8529126905814473 0.6365883137526058 0.7670378812802643 0.6486572314653417 0.8085723547613171 0.9441903583377359
4 0.06951765943755113 0.22126139732007438 0.046793301438603954 0.05956918818093385 -0.022724357998947176 0.06933925804835948 0 0.2310314671875
4 0.60727753943738 0.11254920775981406 0.5890110697041931 -0.017423476713055407 0.44433909374773267 0.0029088437338663396 0.4626055634809195 0.1328815282067358
4 0.21833409067031334 0.9545615800099208 0.20311203281250007 0.846251009375 0.14276757339218674 0.8547318699900794 0.15798963125000004 0.9630424406250002