4 1.0292227866713426 0.04439107504766711 0.15833070361581583 -0.031802109293348826 0.07117496092942352 0.964392589154816 0.9420670439849503 1.040585773495832
4 0.6613806643889842 0.9501532203410636 0.62402336185798 0.9468848796313305 0.6193763906250002 1 0.6567336931560043 1.0032683407097334
4 0.9855387234374999 0.6154129187499999 0.7045806871407085 0.5908322747784686 0.6687831484375 1.0000000000000002 0.9497411847342916 1.0245806439715317
4 0.9927862958403895 0.6042834859836843 0.9398634521022581 0.5996533374105217 0.9333267718749998 0.6743679390625001 0.9862496156131311 0.6789980876356627
4 0.9202234218750004 0.7524292031250002 0.8766399030423464 0.7486161400072355 0.8711245796048465 0.8116565868822357 0.9147080984375003 0.8154696500000004
4 0.4395409938451781 0.7966407067246111 0.37105260781250005 0.79064875 0.36186040146732207 0.8957161604628888 0.4303487875000001 0.9017081171874999
4 1.0179402391948835 0.26298957020698516 0.8101402515625 0.2448094265625001 0.7739161450546208 0.6588528484149387 0.9817161326870043 0.6770329920594238
4 0.5844381281250002 0.9332265750000002 0.5416328874772286 0.9294816018227795 0.5363899249772286 0.9894089393227798 0.5791951656250002 0.9931539125000002
4 0.5261700093836582 0.5415012920885369 0.47947338281249996 0.537415865625 0.4742985092512063 0.5965649264149684 0.5209951358223646 0.6006503528785054
4 0.7350234593750001 0.8075916234375002 0.6961096031293261 0.8041871015130537 0.6921603578168262 0.8493271733880536 0.7310742140625002 0.8527316953125001
4 0.9751508765625001 0.80585725625 0.9518025625 0.80381454375 0.9477852279922999 0.8497328938750914 0.9711335420548 0.8517756063750914
4 0.7030848156250002 0.7961707765625002 0.6548316344195513 0.7919491698032771 0.649316309375 0.8549896171875002 0.6975694905804489 0.8592112239467233
4 0.4103178531250002 0.8976029343749999 0.3519470701975567 0.8924961528763097 0.34411667176005667 0.9819980216263098 0.4024874546875001 0.987104803125
4 0.8534291828125001 0.8704944765625001 0.8191849906306045 0.8674984983734395 0.8151676562500001 0.9134168468749999 0.8494118484318957 0.9164128250640605
4 0.5032902140818869 0.677524796876696 0.406783853125 0.669081584375 0.39888536404311314 0.7593617281233042 0.49539172500000017 0.7678049406250002
4 1.026985328047745 0.0520376649445017 0.6666430265171324 0.02051179895502861 0.6323254531250002 0.41276346250000007 0.9926677546556129 0.4442893284894732
4 0.9704674531964577 0.4470524585582368 0.9128749468750001 0.4420137671875001 0.9049764576768375 0.5322939124881313 0.962568963998295 0.5373326038588679
4 0.8886756812499998 0.8978894062500002 0.8373093922033004 0.8933954388819023 0.8317259781250002 0.9572141624999999 0.8830922671716996 0.9617081298680977
4 0.3611752625000001 0.527066121875 0.29657826260673587 0.5214146159675039 0.28718178281250006 0.6288168578125 0.35177878270576424 0.634468363719996
4 0.5233320859375 0.7890710281250001 0.5030968812577851 0.7873006764735174 0.5001009015625002 0.82154486875 0.520336106242215 0.8233152204014826
4 0.624655228125 0.9038072781249997 0.6005286375113912 0.9016964748697983 0.5978731109375001 0.9320492812499998 0.6219997015511088 0.9341600845052014
4 0.26404797343750014 0.6691415609375 0.19867269534205384 0.663421965287199 0.17865411093750005 0.892235434375 0.2440293890329463 0.897955030025301
4 0.6115790433881197 0.8022812766675406 0.5438689340249886 0.796357409344378 0.5378088859375001 0.865624071875 0.6055189953006311 0.8715479391981626
4 0.328322865625 0.579872540625 0.28785245625872774 0.5763318389627423 0.28274567500000003 0.634702621875 0.32321608436627236 0.6382433235372578
4 0.8092533140624999 0.9630904015624999 0.772674290625 0.9598901515625 0.7691651334594164 0.999999999919897 0.8057441568969163 1.0032002499198969
4 1.0163551080665558 0.3169630521762094 0.9182921922463972 0.3083836587018022 0.8987502404298414 0.5317491893380928 0.99681315625 0.5403285828125001
4 1.0083070324341308 0.37350803685411244 0.967022712204089 0.3698961265366113 0.9587156796875 0.46484593437500016 0.9999999999175418 0.4684578446925013
4 0.5543555656671592 0.7392415354556184 0.4874237343749999 0.7333857593750002 0.4780953468328407 0.8400097239193818 0.545027178125 0.8458655
4 0.8201777704509066 0.9099340031055085 0.7431283366413852 0.903193051487381 0.7346588265625003 1.0000000000000002 0.8117082603720215 1.0067409516181276
4 0.3919577796875001 0.6771952812500001 0.3234693952458008 0.6712033241998767 0.31243874680830075 0.7972842163873768 0.3809271312500001 0.8032761734375
4 0.5276094328125001 0.5071209171875002 0.3812933374520673 0.49431991773537576 0.3649516358895673 0.6811064239853757 0.51126773125 0.6939074234375002
4 0.43922911875000004 0.7464224296875 0.38941938296186357 0.7420646420427682 0.3817251642100318 0.8300099561262064 0.43153489999816824 0.8343677437709381
4 0.6585900125 0.2111604078125001 0.6165630484520519 0.2074835248336707 0.610707271875 0.27441535625000013 0.6527342359229481 0.27809223922882953
4 0.997153609375 0.5364371968750001 0.8920861984374999 0.5272449890625002 0.8796256502136238 0.6696697000186898 0.9846930611511239 0.6788619078311898
4 0.9984473265625 0.52164993125 0.9501941453258478 0.5174283248474313 0.9448830921874999 0.5781339390625 0.9931362734241521 0.5823555454650687
4 0.5147308171875001 0.6722518453124999 0.46414280457844004 0.6678259684340616 0.4576061248909401 0.7425405715590617 0.5081941375000001 0.7469664484375002
4 1.0046982377195184 0.06498824865714052 0.9891125846237898 0.0636246811350654 0.984414346875 0.11732580156250012 0.9999999999707285 0.11868936908457524
4 0.5875374773886891 0.5751026828847823 0.5377277414630581 0.5707448952491196 0.5314634218750002 0.6423463890625002 0.5812731578006312 0.6467041766981628
4 1.0078303966104778 0.18760281917653532 0.963703212162596 0.18374219188457913 0.955872815552118 0.273244060208044 0.9999999999999998 0.27710468750000017
4 0.1550824751051379 0.9286006612982705 0.12006000625000013 0.9255365921875001 0.11631503267683747 0.9683418343631311 0.15133750153197523 0.9714059034739015
4 0.9923096625000001 0.6097314250000001 0.9783006749434321 0.6085057975215761 0.9746918827559321 0.6497544850215761 0.9887008703125002 0.6509801125000001
4 1.0065366796286437 0.33727837589632564 0.9849421358212505 0.3353890984273296 0.978405456192607 0.41010370065600404 1.0000000000000002 0.4119929781250001
4 0.9544019921875002 0.11077888906250011 0.9318319563074187 0.10880426653119923 0.9279508015624998 0.15316606250000006 0.9505208374425813 0.15514068503130093
4 0.37043979532437216 0.7976532451768031 0.2396892406250001 0.786214053125 0.22293899518870636 0.9776702217274684 0.35368954988807844 0.9891094137792716
4 0.17970122044268372 0.5754964078869944 0.025602351710031685 0.5620145045637064 0.003813417187500101 0.8110631796875 0.15791228592015213 0.8245450830107879
4 0.1118080093750001 0.72405066875 8.881784197001253e-17 0.7142687359375001 -0.012052004497305669 0.8520237847250336 0.09975600487769436 0.8618057175375335
4 0.1867963860581198 0.8529518439338108 0.10896867500000007 0.8461428015624998 0.09841465923933743 0.9667757546756309 0.17624237029745712 0.973584797046942
4 0.6218539953125002 0.9537531937500002 0.5969491265625001 0.9515743000000002 0.5941574191303651 0.9834836609707777 0.6190622878803652 0.9856625547207777