4 0.48125 0.10937500000000004 0.403125 0.10937500000000004 0.403125 0.2312500000000001 0.48125 0.2312500000000001
4 0.409375 0.3000000000000001 0.3640625 0.3000000000000001 0.36406250000000007 0.37968750000000007 0.409375 0.37968750000000007
4 0.69375 0.09687500000000009 0.6453125 0.09687500000000009 0.6453125 0.17187500000000008 0.69375 0.17187500000000008
4 0.484375 0.4296875 0.4625 0.4296875 0.4625 0.4578125 0.484375 0.4578125
4 0.5359375 0.48125 0.4953125 0.48125 0.4953125 0.5421875 0.5359375 0.5421875
4 0.6046875 0.5921875 0.5796875 0.5921875 0.5796875 0.6234375 0.6046875 0.6234375
4 0.3078125000000001 0.5578125 0.2828125000000001 0.5578125 0.2828125000000001 0.596875 0.3078125000000001 0.596875
4 0.3687500000000001 0.65 0.3390625000000001 0.65 0.3390625000000001 0.7140625 0.3687500000000001 0.7140625
4 0.4515625000000002 0.8953125 0.4156250000000002 0.8953125 0.4156250000000002 0.965625 0.4515625000000002 0.965625
4 0.675 0.2000000000000001 0.646875 0.2000000000000001 0.646875 0.2468750000000001 0.675 0.2468750000000001
4 0.7078125 0.2000000000000001 0.6859375 0.2000000000000001 0.6859375 0.23437500000000008 0.7078125 0.23437500000000008
4 0.575 0.03906250000000007 0.5359375 0.03906250000000007 0.5359375 0.10312500000000006 0.575 0.10312500000000009
4 0.6125 7.137394626280668e-17 0.553125 6.773827607783798e-17 0.553125 0.057812500000000065 0.6125 0.057812500000000065
4 0.4328125 0.004687500000000051 0.4015625 0.004687500000000048 0.4015625 0.03437500000000005 0.4328125 0.03437500000000006
4 0.39375 0.009375000000000046 0.3546875 0.009375000000000045 0.3546875 0.05468750000000004 0.39375 0.05468750000000004
4 0.39375 0.07812500000000004 0.359375 0.07812500000000004 0.359375 0.13906250000000003 0.39375 0.13906250000000003
4 0.446875 0.04531250000000005 0.3953125 0.04531250000000005 0.3953125 0.11250000000000004 0.446875 0.11250000000000004
4 0.446875 0.050000000000000044 0.3953125 0.050000000000000044 0.3953125 0.11718750000000004 0.446875 0.11718750000000004
4 0.2734375 0.15625000000000006 0.2296875 0.15625000000000006 0.2296875 0.2203125 0.2734375 0.2203125
4 0.5578125 0.5234375 0.5234375 0.5234375 0.5234375 0.575 0.5578125 0.575
4 0.6087268469631428 0.34118728712325863 0.5276354029493481 0.2824882864980739 0.4953684799351056 0.3270643670656916 0.5764599239489002 0.3857633676908764