1 0.6220266281250001 0.46775596250000007 0.33356790157171823 0.43233768429992325 0.29700709844671824 0.7301015296124231 0.5854658250000001 0.7655198078125
1 0.4543341187517201 0.0000834265484918495 0.1751805134926327 -0.0341923274573257 0.13519213370535738 0.2914868796052782 0.4143457389644447 0.3257626336110958
4 0.3302247719457415 0.5877763759863577 0.0014438593278013 0.5474071562442047 -0.04635177356921575 0.9366713506825406 0.28242913904872446 0.9770405704246935
4 0.17123863288497343 0.11330167753475204 0.04561951093750001 0.09787758906250002 0.02162648430252665 0.2932851130902481 0.14724560625000008 0.3087092015625001
4 1.032453037649957 0.26627253333648226 0.9502578093749998 0.25618022812500013 0.9028430169763885 0.6423427155990787 0.9850382452513458 0.6524350208105609
1 0.5966042987609723 0.008106603164717474 0.3841373878293183 -0.017981053132895088 0.3479574265625 0.2766810859375 0.560424337494154 0.3027687422351126
1 0.6386187422216103 0.2556973809721961 0.48973682031250004 0.23741697968750003 0.4480346546533899 0.577053865902804 0.5969165765625001 0.5953342671875002
4 0.24497122500000007 3.8857805861880476e-17 0.06041967487855131 -0.02266008026087938 0.018770171753551296 0.3165479134891206 0.20332172187500003 0.33920799375
4 0.6385187227708272 0.6539663282349939 0.5935439743565338 0.6484441233584923 0.5838325109375 0.7275376437500001 0.6288072593517935 0.7330598486265016
4 0.6324272406250002 0.7933252218750001 0.49905385122947854 0.7769490288263162 0.4725853530874951 0.9925176471804541 0.6059587424830168 1.0088938402291379
4 0.9760510537262984 0.26406994226133024 0.9527882521870049 0.2612136295723288 0.9491702562499998 0.2906798437500001 0.9724330577892933 0.29353615643900155
4 0.3210511296875001 0.38042532656250005 0.2000845673692726 0.3655725000820812 0.17361606875 0.58114111875 0.29458263106822746 0.5959939452304187
4 0.2068022843750001 0.24675554062500002 0.03000500155708567 0.22504756397098272 -0.00217612188041435 0.48714178272098263 0.17462116093750008 0.508849759375
4 0.06944196875000011 0.80133679375 1.1102230246251565e-16 0.7928103921874998 -0.013519880237089998 0.9029209815194518 0.05592208851291001 0.9114473830819518
4 0.896250821875 0.2857563875000001 0.8729880219155728 0.2829000746695618 0.8697508671874999 0.30926458281250013 0.8930136671469272 0.3121208956429385
4 0.5278663421875002 0.7474278421875 0.3681284458089885 0.7278144950726279 0.33670900625000016 0.9837052999999999 0.4964469026285118 1.003318647114872
4 0.8502514359939696 0.6988546448525941 0.7385899936341291 0.685144343735773 0.7014579281250002 0.9875607500000003 0.8131193704848407 1.0012710511168212
4 0.14264600937500005 2.4980018054066023e-17 0.058899927175681835 -0.010282725930017108 0.03933562238978545 0.14905574987135684 0.12308170458910365 0.15933847580137397
4 0.6865537937500001 0.019151012500000075 0.5314684577058211 0.00010892811190154062 0.5152826859375 0.1319314640625001 0.6703680219816791 0.15097354845059863
4 0.1558539422937434 0.7899075725722179 0.08606554062500009 0.7813386343750001 0.07216481864375679 0.8945509305527821 0.1419532203125001 0.9031198687499999