4 0.9724119766588002 0.6392055812601216 0.6305450750000002 0.6032739218750001 0.6019630733412 0.8752135015523788 0.9438299750000001 0.9111451609375003
4 0.9527284312703633 0.28835107168125723 0.8563841218749999 0.27822487656250006 0.8331918685875687 0.49888442342042794 0.9295361779829321 0.509010618539185
4 0.2257619265625 3.053113317719181e-17 0.08746122535929292 -0.014535989701748558 0.06477512374348575 0.201307845180435 0.2030758249466928 0.21584383488218356
4 0.30781543725345295 0.5646403501383123 0.049861320083025074 0.5375282796633812 0.021769295312500093 0.8048060390625003 0.279723412482928 0.8319181095374312
4 0.6327987907361579 0.3725581130049037 0.5815187546875 0.36716836406250003 0.573025817025069 0.4479732687329278 0.6243058530737268 0.4533630176753315
4 0.3498183000000001 0.34438677187500005 0.23482670608992037 0.33230066871055713 0.21212443108992032 0.5482983937105571 0.32711602500000003 0.560384496875
4 0.41576994843750004 0.5539913328125001 0.3738135562077155 0.5495815374955557 0.36875045781250004 0.5977536921875001 0.4107068500422845 0.6021634875044445
4 0.7573754390624999 0.4877735812500001 0.7247426890625 0.4843437406250001 0.7204962196464174 0.524746193679992 0.7531289696464174 0.528176034304992
4 0.36353766190766795 0.21385577353946883 0.29671822129974007 0.2068327671270378 0.28985854062500005 0.2720982671875 0.3566779812329279 0.279121273599931
4 0.63407724375 0.18101746875000002 0.4258492211431202 0.15913182179807633 0.40657678593749996 0.3424967953125001 0.6148048085443797 0.36438244226442373
4 1.0253154853158029 0.11687411609059044 0.9542542166380686 0.10940527634052721 0.9289387312500003 0.35026604843750014 0.9999999999277345 0.3577348881875634
4 0.1812601109375 0.3486660859375 0.13619583736089388 0.3439296403860067 0.1308060889233939 0.39520967632350673 0.17587036250000002 0.39994612187499995
4 0.38981054218750016 0.86077090625 0.346300209420315 0.856197785506358 0.33976717968750003 0.9183554046875001 0.3832775124546853 0.9229285254311421
4 0.8102558859375 0.2686632843750001 0.7760691952018958 0.26507011823982973 0.7708427717643958 0.31479621355232973 0.8050294625 0.3183893796875001
4 0.4567146109375001 5.551115123125783e-17 0.31685996827024876 -0.01469931606414011 0.2854440526219116 0.28420313884539794 0.425298695289163 0.2989024549095381
4 0.6120700500038351 0.1362845390260127 0.5654518359375001 0.13138476718750008 0.5559789437461651 0.22151331409898747 0.6025971578125 0.22641308593750006
4 0.531493712401379 0.020980370466359966 0.49886096241845135 0.01755052967892894 0.49445116718750015 0.05950692187500006 0.5270839171704278 0.06293676266243109
4 0.8332148796875002 0.12496345000000013 0.8052439516073759 0.12202358707303537 0.8013241343749999 0.15931815781250008 0.8292950624551242 0.16225802073946483
4 0.828543675 0.0647704328125001 0.7275375434251379 0.05415426090335571 0.7063051999829277 0.25616652047493116 0.8073113315577899 0.2667826923840755
4 0.2715148968750001 0.64095145 0.18449422968750007 0.6318052093750001 0.1675083545073303 0.7934150173327887 0.25452902169483027 0.8025612579577887
4 0.9398026877039621 0.7850333402469303 0.8854147704920031 0.7793169404796412 0.8774118109130411 0.8554600236702111 0.9317997281250001 0.8611764234375002
4 0.24147299218749999 3.8857805861880476e-17 0.18397719525141315 -0.006043050981297366 0.17663537650141314 0.06380969745620262 0.2341311734375 0.06985274843750003
4 0.4334978265625001 0.4301660718750001 0.2796577202287295 0.4139968257970243 0.24160282804122946 0.7760649539220242 0.3954429343750001 0.7922342
4 0.2841472828125001 0.8795162765625001 0.21732784376938202 0.8724932701280934 0.2093248828125001 0.9486363531249999 0.2761443218556182 0.9556593595594066
4 0.6313518688657813 0.012622603585914438 0.5925033578125001 0.008539460937500076 0.5871136092592186 0.059819497976585714 0.6259621203125 0.06390264062500008
4 0.30884700473595306 0.8836834292265008 0.26999849375000007 0.8796002859374997 0.26509872171256904 0.9262184999829277 0.30394723269852203 0.9303016432719288
4 0.2914406344103776 0.4513707137259044 0.25259212343750004 0.4472875703125 0.2467123968396224 0.5032294268990957 0.2855609078125 0.5073125703125001
4 0.44396520000000017 0.9434470171875002 0.4128863906250002 0.9401805031250001 0.40912989939329886 0.9759211344754586 0.44020870876829876 0.9791876485379587
4 0.9065354046874999 0.9072253437500001 0.7993135116877494 0.895955868664629 0.7883780328125 1 0.8955999258122503 1.011269475085371
4 0.5027253742399833 0.6683948641468445 0.30226705394455544 0.6473258452344134 0.2785848234375001 0.8726472125000002 0.47904314373292795 0.8937162314124313
4 0.9299097515625 0.8044179390625 0.78850116875 0.7895552984375 0.7755984367999976 0.9123165954031522 0.9170070196124975 0.9271792360281523
4 0.10600828129943363 0.2873391729671709 0.06405188906250003 0.2829293781250001 0.05882546546256902 0.3326554734204279 0.10078185769950261 0.3370652682625987
4 0.05154149843750011 0.8205040765625 0.0033693437059790555 0.8154409793844095 -0.004143639145235101 0.8869222406902499 0.044028515586285955 0.8919853378683404
4 0.0641269640625001 0.7605537015624999 0.015954809420508677 0.7554906042545146 0.009911757812500088 0.8129864015624999 0.0580839124544915 0.8180494988704851
4 0.9890899700827168 0.6001097345150743 0.9051771841622889 0.5912901452901433 0.8841081656249999 0.791748465625 0.9680209515454278 0.800568054849931
4 0.7973808563184083 0.04735512747413889 0.674619559375 0.034452395312500085 0.655183798275069 0.2193713109204279 0.7779450952184772 0.23227404308206667
4 1.0142093311263618 0.2885285476338904 0.9906762981375306 0.2860551274365709 0.9764669670111686 0.42124795011518057 1 0.42372137031250007
4 0.5577248125000001 0.9224103937500002 0.515768420234265 0.9180005999917773 0.5071499375 1 0.5491063297657351 1.004409793758223
4 0.8354601129218192 0.8809017502085604 0.7204685171874999 0.8688156453125 0.707729109488905 0.9900230014102466 0.8227207052232244 1.002109106306307
4 0.2614727109375 0.7514445484375 0.1309417109375001 0.7377251874999999 0.11232257842102318 0.9148744000311133 0.24285357842102312 0.9285937609686133
4 0.5106771703125002 0.7870636328125 0.3894698140866118 0.7743242263330921 0.37395387031249994 0.9219485703125001 0.49516122653838834 0.9346879767919081
4 0.3687086781250001 0.8522685843749999 0.3174286437607009 0.8468788358356889 0.3095890093750001 0.9214679781250001 0.3608690437392993 0.9268577266643112
4 0.8498698625 0.45978857656250016 0.7799425406250001 0.4524389187500001 0.7636099678831216 0.607832965698113 0.8335372897581216 0.6151826235106128
4 0.33616932187500015 0.9226905734375 0.28799716718750007 0.9176274765624999 0.2829340703125 0.96579963125 0.3311062250000001 0.9708627281250001
4 0.57186376875 0.3394447703125001 0.41025396094621563 0.32245889522957605 0.37562890781249997 0.6518942734375 0.5372387156162843 0.6688801485204239
4 0.3420396640625002 0.8070456765625 0.25346505766254823 0.7977361108016969 0.24170560610004826 0.9096198248641967 0.33028021250000017 0.9189293906249999
4 0.6097647203771039 0.03863362438533481 0.5336216375 0.030630664062500063 0.513042596712569 0.22642716248292788 0.5891856795896729 0.23443012280576264
4 1.0100003547616319 0.431056874999031 0.9571663782832018 0.42550380005731114 0.9393638735215702 0.5948833109957803 0.9921978500000002 0.6004363859375001
4 0.777077753244264 0.9580341703250355 0.6403309917589747 0.9436615077674603 0.6344095781250002 1 0.7711563396102895 1.0143726625575753
4 0.6159757909808108 0.009435406287397275 0.5071999579576006 -0.001997393672903802 0.5024635122892898 0.04306687972719898 0.6112393453124999 0.054499679687500045
4 0.19860593387936612 0.9160876126121321 0.17218894483393835 0.9133110749497012 0.1702290359375001 0.9319583609375002 0.19664602498292788 0.9347348985999311
4 0.13723164843750008 0.16964566562500005 0.07041220781850308 0.16262265931788483 0.05391630937500001 0.319570646875 0.12073574999399701 0.3265936531821152
4 0.7102442369566172 0.8614566047946136 0.6605181416611894 0.8562301811946824 0.650555271875 0.9510205484375 0.7002813671704278 0.9562469720374311