4 0.928125 5.683126552293186e-17 0 0 6.123233995736766e-17 1 0.928125 1
4 0.3796875 4.391506881317462e-17 0.3375 4.133182947122317e-17 0.3375 0.05312500000000005 0.3796875 0.05312500000000005
4 0.33125000000000004 2.1144292391528526e-17 0.0140625 1.7221595613009655e-18 0.014062500000000025 0.409375 0.3312500000000001 0.409375
4 0.06718750000000004 0.321875 0.007812500000000038 0.321875 0.007812500000000045 0.4015625 0.06718750000000004 0.4015625
4 0.12812500000000004 0.184375 0.07968750000000002 0.184375 0.07968750000000002 0.2515625 0.12812500000000004 0.2515625
4 0.6390625 0.09843750000000008 0.5609375 0.09843750000000007 0.5609375 0.2093750000000001 0.6390625 0.2093750000000001
4 0.22656250000000006 0.321875 3.941831884755543e-17 0.321875 6.592044098535362e-17 0.7546875 0.22656250000000008 0.7546875
4 0.4640625 0.006250000000000052 0.415625 0.00625000000000005 0.415625 0.07031250000000006 0.4640625 0.07031250000000007
4 0.5265625 0.4 0.475 0.4 0.475 0.4625 0.5265625 0.4625
4 0.3078125 0.14843750000000006 0.265625 0.14843750000000006 0.265625 0.19687500000000005 0.3078125 0.19687500000000005
4 0.05312500000000002 0.1484375 0.025000000000000022 0.1484375 0.025000000000000022 0.196875 0.05312500000000002 0.196875
4 0.35 0.14062500000000006 0.296875 0.14062500000000006 0.296875 0.2078125 0.35 0.2078125
4 0.65625 0.014062500000000075 0.590625 0.014062500000000071 0.590625 0.10937500000000008 0.65625 0.10937500000000008
4 0.184375 0.08437500000000002 0.146875 0.08437500000000002 0.146875 0.13281250000000003 0.184375 0.13281250000000006
4 0.6015625 0.2312500000000001 0.496875 0.2312500000000001 0.496875 0.3296875000000001 0.6015625 0.3296875000000001
4 0.3671875000000001 0.5546875 6.792962714020475e-17 0.5546875 9.385769609090263e-17 0.978125 0.3671875000000001 0.978125
4 0.09531250000000006 0.4625 0.029687500000000054 0.4625 0.02968750000000006 0.5578125 0.09531250000000006 0.5578125
4 0.1671875 0.03750000000000002 0.1109375 0.03750000000000001 0.1109375 0.10625 0.1671875 0.10625
4 0.7125 0.3656250000000001 0.6390625 0.3656250000000001 0.6390625 0.478125 0.7125 0.478125
4 0.5 0.17656250000000004 0.4765625 0.17656250000000004 0.4765625 0.21250000000000008 0.5 0.21250000000000008
4 0.403125 0.06562500000000004 0.3765625 0.06562500000000004 0.3765625 0.09843750000000004 0.403125 0.09843750000000004
4 0.821875 0.10156250000000008 0.7359375 0.10156250000000008 0.7359375 0.3359375000000001 0.821875 0.3359375000000001
4 0.4625 0.12968750000000004 0.3890625 0.12968750000000004 0.3890625 0.20468750000000008 0.4625 0.20468750000000008
4 0.7171875 0.3625000000000001 0.671875 0.3625000000000001 0.671875 0.425 0.7171875 0.425
4 0.23125 2.5832393419514485e-17 0.190625 2.3344829608746423e-17 0.190625 0.03906250000000003 0.23125 0.039062500000000035
4 0.10000000000000006 0.459375 5.625721233583154e-17 0.459375 7.041719095097281e-17 0.690625 0.10000000000000009 0.690625
4 0.04062500000000007 0.53125 6.505936120470313e-17 0.53125 7.108691966925652e-17 0.6296875 0.04062500000000008 0.6296875
4 0.521875 0.15468750000000003 0.4453125 0.15468750000000003 0.4453125 0.2671875000000001 0.521875 0.2671875000000001
4 0.265625 2.7267526387265288e-17 0.1796875 2.2005372172179003e-17 0.1796875 0.09687500000000002 0.265625 0.09687500000000002
4 0.6875 0.19687500000000008 0.6078125 0.19687500000000008 0.6078125 0.3296875000000001 0.6875 0.3296875000000001
4 0.6359375 0.3062500000000001 0.4734375 0.3062500000000001 0.4734375 0.50625 0.6359375 0.50625
4 0.61875 0.16562500000000008 0.5609375 0.16562500000000008 0.5609375 0.2578125000000001 0.61875 0.2578125000000001
4 0.3890625000000001 0.721875 0.34062500000000007 0.721875 0.34062500000000007 0.7921875 0.3890625000000001 0.7921875
4 0.12031250000000004 0.321875 0.0031250000000000388 0.321875 0.0031250000000000487 0.4734375 0.12031250000000004 0.4734375
4 0.054687500000000056 0.4171875 0.0015625000000000513 0.4171875 0.0015625000000000552 0.4828125 0.05468750000000007 0.4828125
4 0.5421875 0.2531250000000001 0.484375 0.2531250000000001 0.484375 0.33281250000000007 0.5421875 0.33281250000000007
4 0.01562500000000011 0.8796875 1.0773064811249373e-16 0.8796875 1.1117496723509566e-16 0.9359375 0.015625000000000118 0.9359375
4 0.46875 0.3531250000000001 0.4125 0.3531250000000001 0.4125 0.4296875 0.46875 0.4296875
4 0.043750000000000094 0.721875 8.840419081344957e-17 0.721875 9.414472268445279e-17 0.815625 0.0437500000000001 0.815625
4 0.884375 0.029687500000000106 0.8453125 0.0296875000000001 0.8453125 0.07500000000000011 0.884375 0.07500000000000011
4 0.025000000000000043 0.35 0.007812500000000042 0.35 0.007812500000000045 0.3921875 0.025000000000000043 0.3921875
4 0.02187500000000008 0.5859375 7.175664838754022e-17 0.5859375 7.654042494670958e-17 0.6640625 0.021875000000000082 0.6640625
4 0.0718750000000001 0.8453125 0.0453125000000001 0.8453125 0.0453125000000001 0.8921875 0.0718750000000001 0.8921875
4 0.7765625 0.010937500000000086 0.6296875 0.010937500000000077 0.6296875 0.2140625000000001 0.7765625 0.2140625000000001
4 0.996875 0.1750000000000001 0.8203125 0.1750000000000001 0.8203125 0.43750000000000017 0.996875 0.43750000000000017
4 1 0.13750000000000012 0.8875 0.1375000000000001 0.8875 0.28593750000000007 1 0.28593750000000007
4 0.9015625 0.026562500000000107 0.8125 0.0265625000000001 0.8125 0.1546875000000001 0.9015625 0.1546875000000001
4 0.40625 0.01562500000000005 0.378125 0.015625000000000045 0.378125 0.050000000000000044 0.40625 0.050000000000000044