4 0.994898251570396 0.07215162026264718 0.35907388187450295 -0.028553067054720584 0.20263941628208668 0.9591352733156897 0.8384637859779799 1.0598399606330575
1 0.3023040580190475 0.2899246643209108 0.17575648906250005 0.2698814984375 0.1442251669809526 0.46896243099158924 0.27077273593750006 0.48900559687500006
4 0.15232003750000006 0.35792418125000003 0.09676256894570082 0.349124742514394 0.08527441250000001 0.42165810625000005 0.14083188105429928 0.43045754498560607
4 0.5282581281250003 0.6911489046875 0.3122013030485732 0.6569288654129791 0.2628266750000001 0.9686679984375001 0.4788835000764271 1.002888037712021
4 0.35686488281250006 0.6845685796875001 0.17321658143821916 0.6554815456866314 0.13875211250000002 0.873081634375 0.3224004138742809 0.9021686683758686
4 0.18976105312500008 0.541035653125 0.15117947800760329 0.5349249319912144 0.1406690373826033 0.6012852429287143 0.1792506125000001 0.6073959640625001
4 0.2709786578125001 0.22801204531250002 0.21696445141962725 0.21945703527706334 0.20083214673212718 0.32131239621456337 0.254846353125 0.32986740625000005
4 0.22502570937705038 0.008748928112054516 0.17255476562500002 0.0004383468750000175 0.16057775156044965 0.07605823595044552 0.2130486953125 0.08436881718750003
4 0.6143692031498398 0.5070404654681693 0.49553795 0.48821944375000015 0.4561849044460805 0.7366847921492631 0.5750161575959203 0.7555058138674322
4 0.11218573437500004 0.54140474375 0.07360415781250004 0.535294021875 0.06456028950557738 0.5923947547576766 0.10314186606807736 0.5985054766326765
4 0.07067558132042054 0.2041970386178827 0.041353584375000044 0.199552890625 0.024976851492079555 0.30295151450711744 0.05429884843750006 0.3075956625000001
4 0.17263145625000004 0.009942354687500026 0.12324703908849637 0.0021206310858655096 0.11127002499999998 0.07774051875000001 0.16065444216150365 0.08556224235163452
4 0.7359704344797079 0.16877346027640022 0.6155959171875 0.14970800937500006 0.5821091638593175 0.3611350450328435 0.7024836811515255 0.38020049593424365
4 0.048844725014285995 0.332043442097302 0.021065989062500033 0.327643721875 0.01202212010931758 0.38474445440784333 0.03980085606110354 0.38914417463014533
4 0.3358244234375 0.17816748906250005 0.21853643268445402 0.159590896120951 0.192382545184454 0.324720041433451 0.3096705359375 0.343296634375
4 0.8862324953178072 0.19890054059149126 0.7766608203125 0.1815460921875001 0.7456183562446927 0.37754049690850894 0.85519003125 0.39489494531250013
4 0.9771845016020351 0.42370883100038614 0.9077376640624999 0.41270953281250006 0.8886722140229649 0.5330840502496139 0.9581190515625 0.5440833484375001
1 0.13139510000000015 0.629873953125 0.020280161110490868 0.612275075470279 -0.02885003888950921 0.9224709457827791 0.08226490000000009 0.9400698234375001
4 0.295038092495314 0.026165705869038873 0.2610863049671566 0.02078827167181762 0.2522868671593426 0.07634574236527877 0.2862386546875 0.08172317656250003
4 0.9908725179496315 0.3372861016832099 0.9353150479167882 0.32848666241752744 0.9221158890625001 0.4118228671875001 0.9776733590953434 0.42062230645318255
4 0.681702334375 0.35159742500000013 0.5798469751971912 0.33546512062998374 0.5532042296874999 0.5036807921875001 0.6550595888653088 0.5198130965575165
4 1.0134435843085008 0.2759999587991867 0.9746586262054775 0.2698570262584777 0.9612150418969769 0.35473649558429105 1.0000000000000002 0.36087942812500007
4 0.25606392684102586 0.6717672294914578 0.19896319378823718 0.6627233622585805 0.18454189194721152 0.7537758827671227 0.24164262500000017 0.76281975
4 0.5458853984454592 0.010526831199747321 0.3468044671624625 -0.021004490466919424 0.2993852702795033 0.27838853770833333 0.4984662015625001 0.30991985937500005
4 0.1245798093750001 0.61297475 0.09988760139334503 0.6090638885680031 0.09353245139334503 0.6491887276305032 0.11822465937500011 0.6530995890625001
4 0.9594032016477779 0.06652975571157654 0.7510626921875 0.03353186093750008 0.7141539356960804 0.26656457964926294 0.9224944451563584 0.29956247442333944
4 0.33281458750000004 0.18718263906250004 0.29423301093750004 0.18107191718750001 0.2844558560417153 0.24280243902951099 0.32303743260421525 0.24891316090451093
4 0.0243251484796266 0.47686573723402353 0.0011762031250000526 0.4731993046875 -0.010556381365266898 0.5472759319777669 0.01259256398935965 0.5509423645242905
4 0.7803846890624999 0.03817600937500006 0.7171109046927832 0.02815442652914345 0.7066004640625 0.09451473750000008 0.7698742484322167 0.10453632034585669
1 0.19189858289497272 0.487586994791788 0.16411984687500009 0.48318727499999986 0.1553204076093176 0.5387447450328433 0.18309914362929025 0.5431444648246314