4 0.365625 3.798318587980462e-17 0.2546875 3.119022316578415e-17 0.2546875 0.27812500000000007 0.365625 0.27812500000000007
4 0.32890625000000007 0.68125 0.017187500000000085 0.68125 0.017187500000000102 0.99296875 0.32890625000000007 0.99296875
1 0.99921875 0.4250000000000001 0.6609375 0.425 0.6609375000000001 0.90703125 0.99921875 0.90703125
4 0.22890625 0.2484375 0.18125000000000005 0.2484375 0.18125000000000005 0.35234375 0.22890625 0.35234375
4 0.1429687500000001 0.70625 0.10781250000000009 0.70625 0.10781250000000009 0.771875 0.1429687500000001 0.771875
4 0.2468750000000001 0.5125 0.18906250000000005 0.5125 0.18906250000000008 0.60390625 0.2468750000000001 0.60390625
4 0.025000000000000105 0.8546875 1.0466903111462534e-16 0.8546875 1.0820902576841065e-16 0.9125 0.025000000000000112 0.9125
4 0.06093750000000011 0.9203125 0.034375000000000114 0.9203125 0.034375000000000114 0.97265625 0.06093750000000011 0.97265625
4 0.3789062500000001 0.4984375 0.3531250000000001 0.4984375 0.3531250000000001 0.53671875 0.3789062500000001 0.53671875
4 0.5507812500000002 0.875 0.5062500000000002 0.875 0.5062500000000002 0.98828125 0.5507812500000002 0.98828125
4 0.17890625000000004 0.409375 0.14843750000000006 0.409375 0.14843750000000006 0.45703125 0.17890625000000004 0.45703125
4 0.3656250000000001 0.39531250000000007 0.3421875000000001 0.3953125 0.3421875000000001 0.4328125 0.3656250000000001 0.4328125
4 0.23203125 0.15312500000000004 0.1953125 0.15312500000000004 0.19531250000000003 0.21640625 0.23203125 0.21640625
4 0.2921875000000001 0.48125 0.2593750000000001 0.48125 0.2593750000000001 0.55 0.2921875000000001 0.55
4 0.29296875 0.001562500000000034 0.2578125 0.001562500000000032 0.2578125 0.07656250000000003 0.29296875 0.07656250000000005
4 0.028906250000000012 0.0796875 9.75890418070547e-18 0.0796875 1.3155385537715707e-17 0.13515625 0.028906250000000012 0.13515625
4 0.44140625 0.10937500000000004 0.4140625 0.10937500000000004 0.4140625 0.14921875000000004 0.44140625 0.14921875000000004
4 0.5351562500000002 0.790625 0.5015625000000001 0.790625 0.5015625000000001 0.853125 0.5351562500000002 0.853125
4 0.5515625 0.4359375 0.525 0.4359375 0.525 0.478125 0.5515625 0.478125
4 0.12656250000000005 0.1984375 0.10312500000000005 0.1984375 0.10312500000000005 0.2421875 0.12656250000000005 0.2421875
4 0.1390625 0.1109375 0.1125 0.1109375 0.1125 0.15234375 0.1390625 0.15234375
4 0.13750000000000004 0.225 0.11718750000000004 0.225 0.11718750000000004 0.26953125 0.13750000000000004 0.26953125
4 0.5945312500000001 0.5890625 0.546875 0.5890625 0.5468750000000001 0.73359375 0.5945312500000002 0.73359375
4 0.06093750000000002 0.1703125 0.001562500000000021 0.1703125 0.0015625000000000244 0.22890625 0.06093750000000002 0.22890625
4 0.553125 0.625 0.5203125 0.625 0.5203125 0.703125 0.553125 0.703125
4 0.45000000000000007 0.6765625 0.2921875000000001 0.6765625 0.2921875000000001 0.81796875 0.4500000000000002 0.81796875
4 0.54296875 0.007812500000000064 0.5078125 0.00781250000000006 0.5078125 0.2328125000000001 0.54296875 0.2328125000000001
4 0.0937500000000001 0.684375 0.0031250000000000834 0.684375 0.003125000000000092 0.8234375 0.09375000000000011 0.8234375