1 0.4015625000000001 0.27812500000000007 0.05625000000000004 0.278125 0.05625000000000008 0.87578125 0.40156250000000016 0.87578125
4 0.66484375 7.477042761981692e-17 0.55625 6.812097820257152e-17 0.55625 0.1632812500000001 0.66484375 0.1632812500000001
4 0.13437500000000002 8.228095681771282e-18 0 0 1.578646264525885e-17 0.2578125 0.13437500000000005 0.2578125
4 0.8140625 0.5765625000000002 0.7625 0.5765625000000002 0.7625 0.6539062500000001 0.8140625 0.6539062500000001
4 0.7679687500000002 0.821875 0.7125000000000001 0.821875 0.7125000000000001 0.9171875 0.7679687500000002 0.9171875
4 0.25859375 0.034375000000000024 0.10625 0.03437500000000001 0.10625000000000002 0.35546875 0.25859375 0.35546875
4 0.7070312500000002 0.815625 0.6546875000000002 0.815625 0.6546875000000002 0.89765625 0.7070312500000002 0.89765625
4 0.9078125 0.2328125000000001 0.8734375 0.2328125000000001 0.8734375 0.2851562500000001 0.9078125 0.2851562500000001
4 1 0.19687500000000013 0.965625 0.19687500000000013 0.965625 0.26640625000000007 1 0.26640625000000007
4 0.48984375 0.4734375 0.4296875 0.4734375 0.4296875 0.58515625 0.48984375 0.58515625
4 0.74140625 0.009375000000000086 0.6484375 0.009375000000000081 0.6484375 0.2562500000000001 0.74140625 0.2562500000000001
4 1 0.4937500000000002 0.73125 0.4937500000000002 0.7312500000000001 0.7640625000000002 1 0.7640625000000002
4 0.8578125 0.1468750000000001 0.753125 0.1468750000000001 0.753125 0.2687500000000001 0.8578125 0.2687500000000001
4 0.1468750000000001 0.59375 0.001562500000000073 0.59375 0.0015625000000000825 0.753125 0.1468750000000001 0.753125
4 0.38515625 0.07343750000000004 0.2984375 0.07343750000000004 0.2984375 0.31250000000000006 0.38515625 0.3125000000000001
4 0.6500000000000001 0.6484375 0.5515625 0.6484375 0.5515625000000001 0.76953125 0.6500000000000001 0.76953125
4 0.9765625 0.4156250000000002 0.8796875 0.4156250000000002 0.8796875 0.5710937500000002 0.9765625 0.5710937500000002
4 0.9984375 0.7750000000000001 0.9328125 0.7750000000000001 0.9328125 0.95390625 0.9984375 0.95390625
4 0.82421875 0.6046875 0.7015625 0.6046875 0.7015625000000001 0.7929687500000001 0.82421875 0.7929687500000002
4 0.17421875000000012 0.74375 0.001562500000000091 0.74375 0.0015625000000001066 0.996875 0.17421875000000014 0.996875
4 0.46328125 4.999046504331969e-17 0.353125 4.324534009489091e-17 0.353125 0.17734375000000005 0.46328125 0.17734375000000005
4 0.565625 0.465625 0.4734375 0.465625 0.4734375 0.63359375 0.565625 0.63359375