4 0.6953125000000001 4.884235866911905e-17 0.10234375 1.2533494585023693e-17 0.10234375000000007 1 0.6953125000000002 1
1 0.846875 0.4929687500000002 0.72890625 0.4929687500000002 0.72890625 0.6890625000000001 0.846875 0.6890625000000001
4 0.9171875 0.5351562500000002 0.86484375 0.5351562500000002 0.86484375 0.6062500000000002 0.9171875 0.6062500000000002
4 0.6703125 0.0015625000000000695 0.4671875 0.001562500000000057 0.4671875 0.3125000000000001 0.6703125 0.3125000000000001
4 0.809375 0.09062500000000008 0.634375 0.09062500000000007 0.634375 0.30156250000000007 0.809375 0.30156250000000007
4 0.84375 0.3625000000000001 0.8078125 0.3625000000000001 0.8078125 0.4281250000000002 0.84375 0.4281250000000002
4 0.8109375 0.6468750000000002 0.76171875 0.6468750000000002 0.7617187500000001 0.7468750000000002 0.8109375 0.7468750000000002
4 0.878125 0.8859375 0.828125 0.8859375 0.828125 0.959375 0.878125 0.959375
4 0.50625 0.2593750000000001 0.39921875 0.2593750000000001 0.39921875000000007 0.50625 0.50625 0.50625
4 0.9203125 0.3632812500000001 0.884375 0.3632812500000001 0.884375 0.4187500000000002 0.9203125 0.4187500000000002
4 0.9984375 0.6460937500000001 0.96328125 0.6460937500000001 0.96328125 0.7484375000000002 0.9984375 0.7484375000000002
4 0.9265625 0.878125 0.88046875 0.878125 0.88046875 0.953125 0.9265625 0.953125
4 0.4218750000000001 0.64609375 0.3101562500000001 0.64609375 0.3101562500000001 0.8546875 0.42187500000000017 0.8546875
4 0.9984375 0.5632812500000002 0.96796875 0.5632812500000002 0.96796875 0.6203125000000002 0.9984375 0.6203125000000002
4 0.8171875 0.6414062500000001 0.70703125 0.64140625 0.7070312500000001 0.803125 0.8171875 0.803125
4 0.2593750000000001 0.646875 0.1585937500000001 0.646875 0.1585937500000001 0.840625 0.2593750000000001 0.840625
4 0.10468750000000007 0.5078125 0.040625000000000064 0.5078125 0.04062500000000007 0.6265625 0.10468750000000009 0.6265625
1 0.965625 0.0007812500000001124 0.87109375 0.0007812500000001065 0.87109375 0.33281250000000007 0.965625 0.33281250000000007
4 0.7875000000000002 0.89609375 0.7562500000000002 0.89609375 0.7562500000000002 0.9515625 0.7875000000000002 0.9515625
4 0.08593750000000008 0.63125 0.033593750000000075 0.63125 0.03359375000000008 0.7125 0.08593750000000008 0.7125
4 0.4390625 0.50234375 0.34453125000000007 0.50234375 0.34453125000000007 0.6671875 0.4390625 0.6671875
4 0.05156250000000009 0.69375 0.0015625000000000847 0.69375 0.0015625000000000899 0.7765625 0.05156250000000009 0.7765625
4 0.784375 0.2156250000000001 0.73046875 0.2156250000000001 0.73046875 0.3046875000000001 0.784375 0.3046875000000001
4 0.70625 0.69921875 0.5203125 0.69921875 0.5203125000000001 0.99375 0.7062500000000002 0.99375
4 0.8859375 0.30937500000000007 0.86328125 0.30937500000000007 0.86328125 0.34843750000000007 0.8859375 0.34843750000000007
4 0.2968750000000001 0.75234375 0.09921875000000009 0.75234375 0.0992187500000001 0.996875 0.2968750000000001 0.996875
4 0.7390625000000002 0.73359375 0.7031250000000002 0.73359375 0.7031250000000002 0.7937500000000001 0.7390625000000002 0.7937500000000002
4 1 0.4000000000000002 0.98046875 0.4000000000000002 0.98046875 0.4734375000000002 1 0.4734375000000002
4 0.33281250000000007 0.92421875 0.2726562500000001 0.92421875 0.2726562500000001 0.9984375 0.33281250000000007 0.9984375
1 0.8375 0.42578125000000017 0.81171875 0.42578125000000017 0.81171875 0.4812500000000002 0.8375 0.4812500000000002