4 0.23959745000000007 0.8251923765625 9.992007221626409e-17 0.8210101890624999 -0.00297236187871002 0.9912967500108447 0.23662508812129 0.9954789375108447
4 0.5775088156356981 0.17786615251210466 0.5337654796875 0.17710260937500005 0.5326474343477348 0.24115535312452416 0.5763907702959328 0.24191889626162877
4 0.5221575921875 0.17064904218750007 0.4776331234374999 0.16987186406250007 0.476487808338776 0.23548686875918629 0.5210122770887761 0.23626404688418626
4 0.4850178046960343 0.1496851698235787 0.44830464687499993 0.1490443390625001 0.4473774874732106 0.20216124840975888 0.48409064529424495 0.20280207917083753
4 0.27618885785046177 0.07180999001267516 0.24494361721524122 0.07126460309821075 0.24408463280227952 0.12047585839803561 0.27532987343750004 0.12102124531250003
4 0.6732176140624999 0.021700217187500082 0.642753504689405 0.021168463953364053 0.6419626921874999 0.06647406250000007 0.672426801560595 0.06700581573413608
4 0.07204928343730976 0.48627914063590605 0.04861535218778568 0.48587009998364084 0.048042695312500064 0.5186776015625 0.07147662656202416 0.5190866422147653
4 0.9034506958702847 0.08197751875973627 0.8792356333707605 0.08155484373247106 0.8787175156249999 0.11123782187500011 0.9029325781245241 0.11166049690226534
4 0.8730683946963028 0.07675897970401788 0.849634463446779 0.07634993905175266 0.8491163453125001 0.1060329171875001 0.872550276562024 0.10644195783976532
4 0.7001270224221463 0.2706452656345505 0.668100650520357 0.2700862437318094 0.6673098390357107 0.315391843722259 0.6993362109375 0.3159508656250001
4 0.050076445121985766 0.581222621898948 0.028204776372461698 0.5808408499966827 0.027577579687500076 0.6167728765624999 0.049449248437024154 0.6171546484647653
4 0.1070268812766704 0.5415855062845576 0.08359295000000007 0.5411764656250001 0.08304756247273484 0.5724217062495243 0.10648149374940516 0.5728307469090816
4 0.9430010859375002 0.8601300343750001 0.921910548460524 0.8597618971184605 0.9214060640625 0.8886637453124999 0.9424966015394762 0.8890318825690395
4 0.7473911000136612 0.8754685054673589 0.7216137765624999 0.8750185609375001 0.7207820609102347 0.922667553124524 0.7465593843613958 0.9231174976543828
4 0.9324448437681083 0.6591339395875828 0.9160410921875 0.6588476109375001 0.9155775124727349 0.6854060656245242 0.9319812640533431 0.6856923942746068
4 0.3177198265659107 0.46790763417960524 0.30209720624999997 0.467634940625 0.3016745312465894 0.4918500017578949 0.3172971515625001 0.4921226953125001
4 0.9109377640625003 0.9064525078125 0.8945340124893951 0.9061661787325752 0.893974989051895 0.9381925506075754 0.9103787406250001 0.9384788796875002
4 0.9915631968750003 0.49529699375000014 0.9751594453218528 0.4950106650891916 0.9747640390625001 0.5176634656250002 0.9911677906156475 0.5179497942858087
4 0.8033268421955478 0.9834924214139594 0.7806740421875001 0.9830970156250002 0.7803789997261578 0.9999999999952202 0.8030317997342052 1.0003954057841793
4 0.41875979063071656 0.006319473110000751 0.335178771875 0.00486056093750004 0.3306247843692835 0.26575831907749936 0.41420580312500005 0.26721723125
4 0.6807438125063433 0.9782272511991128 0.6635589296501185 0.9779272874993475 0.6631736484375003 1 0.6803585312937249 1.0002999636997651
4 0.6346936265625 0.6172123296875001 0.510493796501122 0.6150444140559739 0.5088167296875 0.7111235281250001 0.633016559748878 0.7132914437565262
4 0.7295258515625 0.4665006765625 0.7178088859375001 0.46629615625 0.7174816534592171 0.4850433000058339 0.7291986190842171 0.4852478203183339
4 0.5087815531357603 0.6236095853210474 0.4181703546875001 0.6220279609374999 0.4149525671767398 0.8063748803039525 0.505563765625 0.8079565046875
4 0.6952404796943166 0.9534764824219939 0.6811801218750001 0.9532310578125 0.6808528890352349 0.9719782031245243 0.6949132468545512 0.9722236277340184
4 0.8504401265625002 0.9702501453125001 0.8199760171875002 0.9697183921875 0.8194474496399391 0.999999999993715 0.8499115590149391 1.000531753118715
4 1.0009152265778454 0.4071655372541742 0.9329568281249999 0.40597931875000015 0.9312933952971546 0.5012773018083261 0.9992517937500001 0.5024635203125001
1 0.8283265828177603 0.7151378559486503 0.7275606812500002 0.7133789796875002 0.7257881703072401 0.8149260112388499 0.8265540718750002 0.8166848875000001
4 0.10031562187500005 0.12031046718750002 0.011266687504965301 0.11875611221553883 0.008117073437499987 0.29919737656249995 0.09716600780753473 0.3007517315344611
4 0.7397364625 0.015828985937500088 0.6335026437637805 0.013974667960516612 0.6297258343750001 0.2303479593750001 0.7359596531112196 0.23220227735198354
4 0.20367429375000007 0.152587990625 0.07166315156433105 0.15028372802010415 0.06800905468750004 0.35962683906250004 0.20002019687316905 0.3619311016673959
4 0.06045857812500005 0.2102535640625 0.004998276549049447 0.20928550077058422 0.0025303968615494428 0.3506702148330842 0.05799069843750004 0.351638278125
4 1.002236091308125 0.3040478842741952 0.9394433937500001 0.3029518328125001 0.937207302441875 0.4310573188508049 1 0.43215337031250006
4 0.3496191265625 0.11762975468750006 0.3238418031116197 0.11717981014155796 0.32280556717411973 0.17654576795405796 0.34858289062500003 0.17699571250000007
4 0.1985240375 2.42861286636753e-17 0.15868635494949648 -0.0006953706272836497 0.1583431986671344 0.01896400310173472 0.19818088121763794 0.0196593737290184
4 0.048230996875000015 0.015479248437500006 0.00839331561450785 0.014783878726095729 0.007084384364507838 0.08977245685109572 0.046922065625 0.09046782656249999
4 0.9980792109375001 0.5696407875 0.9473056953194172 0.5687545324162019 0.9452332218749998 0.687486446875 0.9960067374930827 0.6883727019587982
4 0.42093206564078905 0.23998672253295378 0.3154793781250001 0.2381460390625 0.31279334373421114 0.39202884934204635 0.4182460312500001 0.3938695328125001
4 1.0012407559465122 0.011017132456819475 0.9336205684408739 0.00983681871733079 0.9323798124943619 0.08091974094801144 1 0.08210005468750012
4 0.7809147031331513 0.2978405979705149 0.6676507062500001 0.2958635671875001 0.6642556671793487 0.49036518952948527 0.7775196640625001 0.4923422203125001