4 0.4453125 4.5158850718558645e-17 0.2921875 3.5782648662586727e-17 0.2921875 0.259375 0.4453125 0.2593750000000001
4 0.3031250000000001 0.603125 7.386151007357474e-17 0.603125 9.567553118338697e-17 0.959375 0.3031250000000001 0.959375
1 1 0.45000000000000007 0.5953125 0.45 0.5953125000000001 0.9796875 1 0.9796875
4 0.271875 0.203125 0.2078125 0.203125 0.2078125 0.3125 0.271875 0.3125
4 0.11562500000000009 0.6421875 0.07031250000000008 0.6421875 0.07031250000000008 0.7125 0.11562500000000009 0.7125
4 0.2484375000000001 0.4640625 0.17656250000000004 0.4640625 0.17656250000000007 0.5640625 0.2484375000000001 0.5640625
4 0.3812500000000001 0.475 0.3500000000000001 0.475 0.3500000000000001 0.5171875 0.3812500000000001 0.5171875
4 0.49218750000000017 0.871875 0.4312500000000002 0.871875 0.4312500000000002 0.990625 0.49218750000000017 0.990625
4 0.19843750000000004 0.35625 0.16093750000000004 0.35625 0.16093750000000004 0.4078125 0.19843750000000004 0.4078125
4 0.3843750000000001 0.37187500000000007 0.3546875000000001 0.371875 0.3546875000000001 0.4125 0.3843750000000001 0.4125
4 0.290625 0.10937500000000004 0.24375 0.10937500000000004 0.24375 0.17812500000000003 0.290625 0.17812500000000003
4 0.2984375000000001 0.44375 0.25468750000000007 0.44375 0.25468750000000007 0.5171875 0.2984375000000001 0.5171875
4 0.3734375 4.286263797015736e-17 0.3265625 3.999237203465575e-17 0.3265625 0.04843750000000004 0.3734375 0.04843750000000004
4 0.1015625 0.00625000000000001 0.0640625 0.006250000000000008 0.0640625 0.06562500000000002 0.1015625 0.06562500000000002
4 0.503125 0.10000000000000005 0.4703125 0.10000000000000005 0.4703125 0.14375000000000004 0.503125 0.14375000000000004
4 0.4890625000000002 0.7875 0.4468750000000002 0.7875 0.4468750000000002 0.8546875 0.4890625000000002 0.8546875
4 0.5609375 0.440625 0.528125 0.440625 0.528125 0.4859375 0.5609375 0.4859375
4 0.17812500000000003 0.1390625 0.1484375 0.1390625 0.14843750000000003 0.1859375 0.17812500000000003 0.1859375
4 0.2046875 0.05468750000000002 0.171875 0.05468750000000002 0.171875 0.10000000000000002 0.2046875 0.10000000000000005
4 0.18593750000000003 0.16875 0.159375 0.16875 0.15937500000000002 0.215625 0.18593750000000003 0.215625
4 0.58125 0.5953125 0.5109375 0.5953125 0.5109375 0.7453125 0.5812500000000002 0.7453125
4 0.1171875 0.09687500000000002 0.050000000000000024 0.096875 0.050000000000000024 0.1640625 0.1171875 0.1640625
4 0.5328125 0.6265625 0.4875 0.6265625 0.4875 0.709375 0.5328125 0.709375
4 0.4218750000000001 0.6421875 0.24375000000000008 0.6421875 0.24375000000000008 0.80625 0.42187500000000017 0.80625
4 0.6203125 0.014062500000000071 0.55 0.014062500000000066 0.55 0.24218750000000008 0.6203125 0.24218750000000008
4 0.06875000000000007 0.603125 7.386151007357474e-17 0.603125 8.314203659836328e-17 0.7546875 0.06875000000000009 0.7546875