4 0.8944126188613113 0.9800158849364505 0.8712703140624999 0.5384343859374999 0.5529571484121311 0.5551164713909326 0.5760994532109425 0.9966979703898833
4 0.6429187015625001 0.39080806875000007 0.6220660942215007 -0.007083386038120648 0.44730592500000005 0.002075406250000003 0.4681585323409994 0.39996686103812074
4 0.47977057344971313 0.621537789295541 0.4617800874348301 0.27825888625648376 0.301063145235117 0.2866817047734426 0.31905363124999997 0.6299606078124999
4 0.3525040578125 0.8801152765624998 0.3411373421875 0.6632254234375001 0.14921322965638736 0.6732837400313352 0.16057994528138736 0.8901735931563349
4 0.8626706750741855 0.43405390766554125 0.8601356531175226 0.3856827889198211 0.813324893668337 0.38813603594177987 0.815859915625 0.4365071546875
4 0.8682424859598848 0.1223976863646262 0.8646443890625 0.053741906250000006 0.819393987477615 0.05611337926037381 0.8229920843749999 0.124769159375
4 0.8618351765625001 0.8659395171875 0.8597090281226688 0.825370192143018 0.822260421875 0.827332790625 0.8243865703148311 0.8679021156694819
4 1.0026985758963687 0.8210057156496153 0.9999999999263585 0.7695138798448389 0.9773216193424901 0.7707024048202233 0.9800201953125003 0.8221942406249998
4 0.5870219656250001 0.9961255453125002 0.5839962928404654 0.9383922749657794 0.5434269678404653 0.9405184234032793 0.546452640625 0.9982516937500001
4 0.2977658234375 1 0.29173184530438034 0.8848648560950678 0.1669031530658429 0.8914068516474876 0.17293713119896256 1.0065419955524197
4 0.46342653283671675 0.9963443301495829 0.45737518745203143 0.8808777897097052 0.3637536685904959 0.8857842859458591 0.36980501397518123 1.001250826385737
4 0.255520428125 1 0.2410975702585343 0.7247954802202732 0.011724848437499996 0.7368163953125 0.02614770630396569 1.012020915092227
4 0.6835586859375 0.8080028875 0.6816778624781384 0.7721146386453561 0.655151765625 0.7735048124999999 0.6570325890843616 0.8093930613546437
4 0.5323188468750001 0.6688524687499999 0.4983822499938502 0.021303629570156035 0.3220617234374999 0.030544196875000006 0.3559983203186497 0.678093036054844
4 0.35747026874999993 0.7061794921875 0.3554258959094008 0.6671705249687176 0.3273394396594008 0.6686424734062177 0.3293838125 0.707651440625
4 0.6415726484937009 0.9025172963848798 0.6186756671620381 0.46561687451415984 0.4111479671058372 0.4764929406292798 0.4340449484375 0.9133933624999997
4 0.9022034658417952 0.2927287390511383 0.8862964983362213 -0.010794290701579324 0.68032915625 -5.551115123125783e-18 0.6962361237555739 0.3035230297527176
4 0.7816889406870327 0.4711555105586568 0.7710581999803698 0.2683088855629364 0.643108790543337 0.27501442969177975 0.65373953125 0.47786105468750006
4 0.3570768203125 0.9972239500000001 0.3509436999700307 0.8801970509906525 0.28696899502822626 0.8835498234523982 0.2931021153706955 1.0005767224617457
4 1.007441517561832 0.9740922910314046 1 0.832099653125 0.902574687482014 0.8372054965318073 0.9100162050438462 0.9791981344382119