4 0.35937500000000006 0.1375 0.015625000000000017 0.1375 0.015625000000000035 0.4109375 0.3593750000000001 0.4109375
4 0.16875000000000007 0.5359375 0.07187500000000006 0.5359375 0.07187500000000008 0.7578125 0.1687500000000001 0.7578125
4 0.9640625 0.7515625000000001 0.825 0.7515625000000001 0.825 1 0.9640625 1
4 0.94375 0.14687500000000012 0.684375 0.1468750000000001 0.684375 0.4156250000000001 0.94375 0.4156250000000002
4 0.4328125 0.559375 0.3812500000000001 0.559375 0.3812500000000001 0.640625 0.4328125 0.640625
4 0.78125 0.4218750000000001 0.665625 0.421875 0.665625 0.6390625000000001 0.78125 0.6390625000000002
4 0.6203125 0.3890625000000001 0.578125 0.3890625000000001 0.578125 0.4375 0.6203125 0.4375
4 0.27812500000000007 0.4984375 0.2453125000000001 0.4984375 0.2453125000000001 0.5390625 0.27812500000000007 0.5390625
4 0.7328125000000001 0.7046875000000001 0.665625 0.7046875 0.6656250000000001 0.7703125000000001 0.7328125000000002 0.7703125000000002
4 0.6093750000000001 0.646875 0.4 0.646875 0.4000000000000001 0.83125 0.6093750000000002 0.83125
4 0.0890625000000001 0.69375 8.495987169084762e-17 0.69375 9.978957902427261e-17 0.9359375 0.08906250000000011 0.9359375
4 0.878125 0.5656250000000002 0.8328125 0.5656250000000002 0.8328125 0.6171875000000002 0.878125 0.6171875000000002
4 0.615625 0.06718750000000007 0.571875 0.06718750000000007 0.571875 0.1296875000000001 0.615625 0.1296875000000001
4 0.2500000000000001 0.7125 0.2156250000000001 0.7125 0.2156250000000001 0.7625 0.2500000000000001 0.7625
4 0.7359375000000001 0.6921875000000001 0.5953125 0.6921875 0.5953125000000001 1 0.7359375000000001 1
4 0.4734375000000002 0.7828125 0.4265625000000002 0.7828125 0.4265625000000002 0.8734375 0.4734375000000002 0.8734375
4 0.5515625000000002 0.9375 0.5187500000000002 0.9375 0.5187500000000002 0.9796875 0.5515625000000002 0.9796875
4 0.23593750000000008 0.8703125 0.2078125000000001 0.8703125 0.2078125000000001 0.9078125 0.23593750000000008 0.9078125
4 0.3203125000000001 0.7640625 0.21875000000000008 0.7640625 0.21875000000000008 0.9671875 0.3203125000000001 0.9671875
4 0.8 0.17343750000000008 0.7125 0.17343750000000008 0.7125 0.3359375000000001 0.8 0.3359375000000001
4 0.08750000000000002 0.1859375 0.03281250000000002 0.1859375 0.03281250000000003 0.2625 0.08750000000000002 0.2625
4 0.8671875 0.9 0.809375 0.9 0.809375 0.978125 0.8671875 0.978125
4 0.728125 0.1984375000000001 0.5734375 0.1984375000000001 0.5734375 0.5625000000000001 0.728125 0.5625000000000002
4 0.7421875 0.023437500000000087 0.675 0.023437500000000083 0.675 0.10000000000000009 0.7421875 0.10000000000000009
4 0.4593750000000002 0.946875 0.4203125000000002 0.946875 0.4203125000000002 0.9984375 0.4593750000000002 0.9984375
4 0.6890625 0.05156250000000009 0.65 0.05156250000000009 0.65 0.0984375000000001 0.6890625 0.0984375000000001
4 0.7515625 0.4703125000000001 0.7125 0.4703125 0.7125 0.5265625 0.7515625 0.5265625000000002
4 0.540625 0.017187500000000064 0.509375 0.01718750000000006 0.509375 0.05312500000000007 0.540625 0.05312500000000007
4 0.1609375 0.010937500000000013 0.053125 0.010937500000000006 0.05312500000000001 0.1375 0.1609375 0.1375
4 0.68125 0.10625000000000007 0.4796875 0.10625000000000004 0.4796875 0.33281250000000007 0.68125 0.33281250000000007
4 0.18281250000000002 0.11875000000000002 0.04062500000000001 0.11875 0.04062500000000002 0.2421875 0.18281250000000004 0.2421875
4 0.95625 0.6203125000000002 0.9140625 0.6203125000000002 0.9140625 0.6703125000000002 0.95625 0.6703125000000002
4 0.9609375 0.06250000000000011 0.9125 0.06250000000000011 0.9125 0.13437500000000013 0.9609375 0.13437500000000013
4 0.9546875 0.13750000000000012 0.90625 0.1375000000000001 0.90625 0.1953125000000001 0.9546875 0.19531250000000014
4 0.08750000000000004 0.25 0.0031250000000000305 0.25 0.003125000000000043 0.4515625 0.08750000000000005 0.4515625
4 0.1953125 1.61691647699924e-17 0.06875 8.419446744138053e-18 0.06875 0.04218750000000002 0.1953125 0.042187500000000024
4 0.3750000000000001 0.7953125 0.2515625000000001 0.7953125 0.2515625000000001 0.98125 0.3750000000000001 0.98125
4 0.034375000000000086 0.628125 7.692312707144312e-17 0.628125 8.524689828439779e-17 0.7640625 0.034375000000000086 0.7640625
4 0.440625 5.137776024547881e-17 0.3984375 4.8794520903527353e-17 0.3984375 0.08593750000000004 0.440625 0.08593750000000004
4 0.2421875 0.034375000000000024 0.1265625 0.03437500000000001 0.1265625 0.15625000000000003 0.2421875 0.15625000000000006
4 0.8421875 0.0468750000000001 0.7109375 0.04687500000000009 0.7109375 0.2250000000000001 0.8421875 0.2250000000000001
4 0.58125 0.06718750000000007 0.459375 0.06718750000000007 0.459375 0.2156250000000001 0.58125 0.2156250000000001
4 0.6453125 0.060937500000000075 0.59375 0.06093750000000007 0.59375 0.1359375000000001 0.6453125 0.1359375000000001
4 0.22656250000000008 0.4203125 0.15625000000000006 0.4203125 0.15625000000000006 0.5765625 0.22656250000000008 0.5765625
4 0.6671875 0.01406250000000008 0.61875 0.014062500000000078 0.61875 0.06250000000000008 0.6671875 0.06250000000000008
4 0.6078125 0.3359375000000001 0.4453125 0.3359375000000001 0.4453125 0.6671875 0.6078125 0.6671875
4 0.7140625 0.06562500000000007 0.625 0.06562500000000007 0.625 0.1781250000000001 0.7140625 0.1781250000000001
4 0.5156250000000002 0.7734375 0.4390625000000002 0.7734375 0.4390625000000002 0.9703125 0.5156250000000002 0.9703125
4 0.053125000000000054 0.4515625 5.5300457023997667e-17 0.4515625 6.572908992298685e-17 0.621875 0.05312500000000007 0.621875
4 0.3140625 3.0042116791583504e-17 0.1765625 2.1622670047445454e-17 0.1765625 0.07343750000000003 0.3140625 0.07343750000000004
4 0.5453125000000002 0.9546875 0.4359375000000002 0.9546875 0.4359375000000002 1 0.5453125000000002 1
4 0.7828125 0.035937500000000094 0.75625 0.03593750000000009 0.75625 0.05468750000000009 0.7828125 0.05468750000000009
4 0.9625 0.6328125000000002 0.8953125 0.6328125000000002 0.8953125 0.7906250000000001 0.9625 0.7906250000000001
4 0.303125 0.06718750000000004 0.253125 0.06718750000000002 0.253125 0.16250000000000003 0.303125 0.16250000000000003