4 0.4901691328249327 0.22501591892779643 0.4821035405287038 0.10967257518539948 0.41663839989127116 0.11425034375760308 0.42470399218750005 0.22959368750000003
4 0.41280077664222736 0.37296074957765424 0.4074600468459983 0.2965847511477574 0.37005139520377095 0.29920061875760307 0.37539212499999997 0.37557661718749996
4 0.7042662047275812 0.17323638026068808 0.6993069546264552 0.10231581006452017 0.6587809139613741 0.10514966730383206 0.6637401640625 0.17607023749999998
4 0.48592830313577906 0.4555608407791477 0.48407539687499995 0.4290630453125 0.4645917234267209 0.4304254764083522 0.4664446296875 0.4569232718749999
4 0.5341167281325211 0.5399048438575575 0.53008393125 0.48223317187500003 0.49501332030497885 0.4846855483299425 0.4990461171874999 0.5423572203125
4 0.5996687734374999 0.6261672953124999 0.5975978780543282 0.596552111489347 0.5757761640624999 0.5980780343750001 0.5778470594456715 0.6276932181981529
4 0.30416023125 0.58887759375 0.30154436406250007 0.5514689406250001 0.2797226499353076 0.5529948631373554 0.28233851712280755 0.5904035162623553
4 0.36098131093749997 0.7070768828125 0.35662153123450807 0.6447291294659557 0.33324112343749995 0.646364046875 0.33760090314049185 0.7087118002215443
4 0.43507837968749996 0.9603375624999998 0.43039161562014616 0.893313728055588 0.4015557796874999 0.8953301265625001 0.4062425437548537 0.962353961006912
4 0.6830546421875001 0.2506859375 0.6798938015625 0.205483815625 0.6557340468182365 0.20717323043824445 0.6588948874432365 0.2523753523132444
4 0.7167464360451903 0.23971524372754258 0.7145120499913583 0.20776201862641672 0.6965870703125 0.2090154546875 0.698821456366332 0.24096867978862585
4 0.58809472034654 0.10226095048679358 0.5838439359375001 0.041471890625 0.55111136559096 0.04376077451320643 0.5553621499999999 0.10454983437500001
4 0.628795296875 0.05712437187499999 0.6245416362330023 -0.003705812525780494 0.5715460453125 0 0.5757997059544977 0.060830184400780474
4 0.4482703437999593 0.029023703839451777 0.4464174374412303 0.002525908534554838 0.418360948328771 0.004487809382603075 0.4202138546875 0.03098560468750001
4 0.40877975158377533 0.04666515186675105 0.40589139678754627 0.00535976437435412 0.37160013270377096 0.007757643757603072 0.37448848749999997 0.04906303125
4 0.4053677890625 0.1322679328125 0.4013349921875 0.0745962609375 0.3732785030987579 0.07655816212472044 0.3773112999737579 0.1342298339997204
4 0.45990034687500003 0.1057430703125 0.4554860695332562 0.04261597025772938 0.41028394765825615 0.04577681088272937 0.414698225 0.10890391093749999
4 0.46022732975145353 0.11041915247707715 0.455813053125 0.0472920515625 0.4113902780610464 0.05039839439792286 0.4158045546874999 0.11352549531250003
4 0.2837458546875 0.20734097343750002 0.27954956597138997 0.14733126091327803 0.24136156597138997 0.150001626538278 0.2455578546875 0.21001133906249997
4 0.5552189328125 0.5728881734375 0.5518401031010125 0.5245686652819636 0.5222249203124998 0.5266395609375001 0.5256037500239874 0.5749590690930365
4 0.614204412687659 0.34507816096344274 0.5352092414447843 0.2835851991656154 0.5014062290954097 0.32700927032749927 0.5804014003382844 0.3885022321253266