4 0.5403425265625 0.10585533125000009 0.4622651171881344 0.10312880779433434 0.45801174062563443 0.22492956560683436 0.5360891500000001 0.22765608906250007
4 0.607627878125 0.2833116578125 0.5623429812619782 0.28173027465698924 0.559561928125 0.36136923125000003 0.6048468249880219 0.36295061440551085
4 0.29554134218750006 0.13170263906250007 0.2471333484105686 0.13001219452121565 0.24451588591056864 0.2049665070212156 0.29292387968750006 0.20665695156250002
4 0.5276022328125001 0.42591817500000007 0.5057405578125002 0.4251547484375001 0.5047590093983562 0.4532626156258157 0.5266206843983562 0.45402604218831566
4 0.5083530461200471 0.4846571703407002 0.4677527930514474 0.483239378100606 0.46562610468750004 0.5441397578125 0.5062263577560997 0.5455575500525941
4 0.43996713441396984 0.6073452750559245 0.4149823625000001 0.6064727875 0.4138917530841272 0.6377037515610728 0.43887652499809693 0.6385762391169973
4 0.7274952578307765 0.5220153807266303 0.7025104875 0.5211428937500001 0.7011472265442235 0.5601815989608698 0.726131996875 0.5610540859375001
4 0.6911582671875001 0.6223708718750001 0.6614888516028403 0.6213347925948078 0.6592531015644033 0.685358268695503 0.688922517149063 0.6863943479756952
4 0.6587920484375 0.8776468140624999 0.6228764406108749 0.8763926129044892 0.620422568735875 0.9466622816544893 0.6563381765625 0.9479164828125001
4 0.3092284218750001 0.23224155625000006 0.2811205546875001 0.23126000781250006 0.27948464062500006 0.27810645312500004 0.3075925078125001 0.2790880015625001
4 0.26835551718836514 0.23863150622522852 0.24649384375000002 0.23786807968749998 0.2452941734366349 0.27222213908727144 0.26715584687500005 0.272985565625
4 0.3904537375 0.055280979687500044 0.35141503282364417 0.053917718430872105 0.349179284375 0.11794119375000005 0.38821798905135585 0.11930445500662798
4 0.3654888015632447 0.009069065603675043 0.306149971875 0.006996907812500036 0.3036415703117553 0.07882812345882503 0.3629804 0.08090028125000004
4 0.5158882007765346 0.00025005627711725267 0.4846572367148876 -0.0008405531223063256 0.48373021875 0.025705765625000054 0.514961182811647 0.026796375024423634
4 0.562734646052867 0.001885970338354273 0.523695940625 0.0005227078125000645 0.5223872086346331 0.03799986403664587 0.5614259140625 0.03936312656250007
4 0.5731003422029686 0.063222591744537 0.5387462828125 0.06202292187500006 0.5366195952970314 0.12292330044296311 0.5709736546874999 0.12412297031250005
4 0.5317564984375001 0.03832704687500007 0.4802254093256447 0.036527542038351415 0.47788059995064475 0.10367411391335142 0.5294116890625001 0.10547361875000008
4 0.5315929078185714 0.04301169201363965 0.48006181875 0.04121218593750006 0.4777170077580026 0.10835875781059696 0.529248096826574 0.11015826388673652
4 0.7118947031250002 0.1180998750000001 0.668171354705691 0.11657302135407614 0.6659356046875 0.1805964968750001 0.7096589531068092 0.18212335052092404
4 0.48647153671779836 0.5292331719022486 0.4521174757822016 0.5280335015352514 0.4503179703125001 0.579564590625 0.4846720312480969 0.5807642609919972
4 0.47493921016562224 0.3311690040004912 0.43577058188355267 0.2907501518553592 0.3644665191707694 0.35984865859597576 0.4036351474528389 0.4002675107411077