4 0.7305674109375001 0.9960515953125 0.7131150044398149 -0.0037961007471550177 0.06946305 0.007438885937499999 0.08691545649768521 1.007286581997155
1 0.8566320515880828 0.5187787733406385 0.8531143015608175 0.31724697177861433 0.7250088155977348 0.31948306093797596 0.7285265656250001 0.5210148625000001
4 0.921592590625 0.4801391703125001 0.9203109296875001 0.40671285468749996 0.8640694968626859 0.40769455241953284 0.8653511578001858 0.4811208680445329
4 0.6696391921875 0.9971151015625 0.6641307765625001 0.6815381718750001 0.4454140917274721 0.6853558856900959 0.450922507352472 1.0009328153775958
4 0.8058093204268196 0.919726817158231 0.8019643359370239 0.6994478718477348 0.6160551545727043 0.7026929296895037 0.6199001390625 0.922971875
4 0.8417377968783807 0.6503087455061782 0.8405652140625002 0.5831314781250001 0.8015086640318542 0.5838132123067978 0.8026812468477349 0.650990479687976
4 0.8211248796874999 0.3646874890624999 0.8193251 0.26157819531249993 0.7646459296687225 0.26253262392424265 0.7664457093562225 0.36564191767424264
4 0.8951203046906441 0.12742245486763965 0.8937841046874999 0.050871615625 0.8406671953093555 0.05179877481986035 0.8420033953124998 0.12834961406249998
4 0.5104485328374357 0.7404792748660668 0.5060581624971945 0.48895508890177747 0.38576398593750005 0.49105483124999993 0.3901543562777412 0.7425790172142893
4 0.9183431750000001 0.6520970703125 0.9173342078090856 0.5942933748043904 0.8782776578124997 0.594975109375 0.8792866250034141 0.6527788048831095
4 0.9978241046968812 0.3709796208499381 0.99599705625 0.26630806562500003 0.9663140781156189 0.26682618383756196 0.9681411265625 0.3714977390625
4 0.94371404375 0.13595067500000002 0.942377843747952 0.05939983582016493 0.8923854578125001 0.060272456249999995 0.8937216578145482 0.1368232954298351
4 0.4380161828125 0.3510590828125 0.43428027656249996 0.137029184375 0.31242383752424424 0.13915619670145168 0.3161597437742443 0.3531860951389517
4 0.9992693828312605 0.45377950888729474 0.9982604156164954 0.3959758135752707 0.9701396984102347 0.396466662500476 0.9711486656249999 0.4542703578125001
4 0.8290179984375001 0.3692379281250001 0.8261001740092911 0.20207589217751937 0.7073682599467911 0.20414836561501937 0.7102860843750001 0.37131040156250006
4 0.2738150544986215 0.34454879528852345 0.27035184218702407 0.14614151872273476 0.1594312375 0.1480776453125 0.1628944498115974 0.34648492187828867
4 0.1105059078125 0.4786693609375 0.10837889657484297 0.35681292185296576 0.038077104387342964 0.3580400437279657 0.040204115624999995 0.4798964828125
1 0.9649067140625001 0.9919611875 0.9594255671773974 0.6779465197337246 0.8469427015625 0.6799099156249999 0.8524238484476026 0.9939245833912752
4 0.8042636828125002 0.1149437203125 0.8032819848332291 0.058702287492001584 0.7689122192082292 0.05930221405450159 0.7698939171875001 0.11554364687500003
4 0.09426399843749998 0.35393382343749996 0.0927914515625 0.26957167343749994 0.03655001874075295 0.2705533713452369 0.03802256561575294 0.3549155213452369
4 0.44680128282226417 0.4962403739968897 0.4438289203125 0.3259538125 0.3407196265527358 0.3277535916281104 0.3436919890625 0.4980401531250001
4 0.0634902437850553 0.29196146093688813 0.061990428125 0.20603704843749998 0.0073112577774446935 0.20699147656311193 0.0088110734375 0.29291588906250005
4 0.7770693140624999 0.7952094359374999 0.7754604203109764 0.7030359764752191 0.7176567249999999 0.7040449437500002 0.7192656187515234 0.796218403212281
4 0.729504715625 0.30846541874999994 0.7242144546874999 0.005386585937499996 0.522682653112321 0.008904336773622385 0.527972914049821 0.3119831695861224
4 0.8817487787136911 0.7043061812124508 0.8810397734370239 0.6636873687227347 0.8560435790983327 0.6641236796977839 0.8567525843749998 0.7047424921874998
4 0.3204181273990977 0.23903188904789716 0.31630044999952406 0.0031303234102347684 0.1053950765625 0.006811690625 0.10951275396207368 0.24271325626266238
4 0.749241464062738 0.27530341407613257 0.7481506890624999 0.21281293281249997 0.7090941390622619 0.21349466717386734 0.7101849140625001 0.27598514843749994
4 0.99900814375 0.6178715593749999 0.9976992124933325 0.5428829824305144 0.9742652828125001 0.5432920234375 0.9755742140691677 0.6182806003819856
4 0.3518427984375 0.06970766406250001 0.35067021434049217 0.002530396870147627 0.28661747059049214 0.003648442182647614 0.28779005468749996 0.070825709375
1 0.8359329671875001 0.5863378109374999 0.8349512703392895 0.530096378097259 0.8068305531245242 0.5305872265352348 0.8078122499727348 0.5868286593754759