4 0.921875 7.347880794884119e-17 0.278125 3.406048910128576e-17 0.27812500000000007 1 0.921875 1
1 0.27187500000000003 0.3234375 0.14375000000000004 0.3234375 0.14375000000000004 0.525 0.2718750000000001 0.525
4 0.13437500000000005 0.4140625 0.07812500000000004 0.4140625 0.07812500000000006 0.4875 0.13437500000000005 0.4875
4 0.5578125 0.684375 0.3390625000000001 0.684375 0.3390625000000001 1 0.5578125000000002 1
4 0.38750000000000007 0.7046875 0.2015625000000001 0.7046875 0.2015625000000001 0.925 0.38750000000000007 0.925
4 0.2000000000000001 0.5890625 0.1609375000000001 0.5890625 0.1609375000000001 0.65625 0.2000000000000001 0.65625
4 0.23125000000000004 0.2671875 0.17656250000000004 0.2671875 0.17656250000000004 0.3703125 0.2312500000000001 0.3703125
4 0.1515625 0.057812500000000024 0.0984375 0.057812500000000024 0.09843750000000001 0.134375 0.1515625 0.134375
4 0.6140625000000001 0.4890625 0.49375 0.4890625 0.4937500000000001 0.740625 0.6140625000000002 0.740625
4 0.12343750000000009 0.6015625 0.08437500000000006 0.6015625 0.08437500000000007 0.659375 0.12343750000000009 0.659375
4 0.02968750000000004 0.275 3.367778697655221e-17 0.275 4.008804756583914e-17 0.3796875 0.029687500000000044 0.3796875
4 0.1 0.06718750000000001 0.05 0.0671875 0.05000000000000001 0.14375 0.1 0.14375
4 0.68125 0.1359375000000001 0.559375 0.1359375000000001 0.559375 0.3500000000000001 0.68125 0.3500000000000001
4 0.02812500000000005 0.4046875 4.955992515299445e-17 0.4046875 5.3099919806779773e-17 0.4625 0.028125000000000056 0.4625
4 0.28750000000000003 0.2078125 0.16875000000000004 0.2078125 0.16875000000000004 0.375 0.2875000000000001 0.375
4 0.834375 0.14218750000000008 0.7234375 0.14218750000000008 0.7234375 0.34062500000000007 0.834375 0.34062500000000007
4 0.959375 0.3500000000000001 0.8890625 0.3500000000000001 0.8890625 0.47187500000000016 0.959375 0.47187500000000016
1 0.1562500000000001 0.6859375 0.04375000000000009 0.6859375 0.04375000000000011 1 0.15625000000000014 1
4 0.2234375 0.06406250000000002 0.1890625 0.06406250000000002 0.1890625 0.12031250000000004 0.2234375 0.12031250000000004
4 0.959375 0.26250000000000007 0.903125 0.26250000000000007 0.903125 0.3468750000000001 0.959375 0.3468750000000001
4 0.65625 0.32500000000000007 0.553125 0.32500000000000007 0.553125 0.4953125 0.65625 0.4953125
4 0.9875 0.19843750000000013 0.9328125 0.19843750000000013 0.9328125 0.2843750000000001 0.9875 0.2843750000000001
4 0.28593750000000007 0.7078125 0.22812500000000008 0.7078125 0.22812500000000008 0.8 0.28593750000000007 0.8
4 0.46875 0.009375000000000046 0.2671875 0.009375000000000033 0.2671875 0.31250000000000006 0.46875 0.3125000000000001
4 0.1468750000000001 0.6703125 0.1218750000000001 0.6703125 0.1218750000000001 0.7109375 0.1468750000000001 0.7109375
4 0.8859375 9.557985565220359e-17 0.675 8.266365894244634e-17 0.675 0.23593750000000008 0.8859375 0.23593750000000008
4 0.2859375 0.2171875 0.246875 0.2171875 0.246875 0.2796875 0.2859375 0.2796875
4 0.026562500000000072 0.5515625 0.003125000000000068 0.5515625 0.003125000000000072 0.6265625 0.02656250000000008 0.6265625
4 0.7046875 8.237663234889618e-17 0.640625 7.845393557037732e-17 0.640625 0.0671875000000001 0.7046875 0.0671875000000001
1 0.19375000000000006 0.5359375 0.16562500000000005 0.5359375 0.16562500000000008 0.5921875 0.1937500000000001 0.5921875