3 0.3881170609375002 0.4636668390625 0.18970978439447048 0.460203627009539 0.18066998281249996 0.9780934890624999 0.37907725935552966 0.9815567011154611
1 1.0023780921826722 0.36812262069265783 0.7961595047012718 0.3645230617110117 0.7900647968731928 0.7136886249999684 0.9962833843545932 0.7172881839816146
4 0.7756821234375 0.015675051562500094 0.1382792171875 0.004549142187499996 0.13387521139081823 0.25685445938291274 0.7712781176408182 0.26798036875791287
4 0.12009327500000007 0.151129078125 0.06853862810314026 0.15022918875234578 0.06581169060314027 0.3064553918773458 0.11736633750000006 0.30735528125
4 0.11782023593750009 0.326116059375 0.017054334387843584 0.32435718363919386 0.01120505000047595 0.6594623890352346 0.11197095155013245 0.6612212647710408
4 0.4301204796883197 0.16122883745304448 0.31216969687499996 0.15916999843750007 0.30791567187418034 0.4028828750469556 0.42586645468750006 0.40494171406250007
4 0.09549902812772802 0.6648405904687201 8.049116928532385e-17 0.6631736484374999 -0.005726571877727823 0.9912486735937799 0.08977245625000012 0.9929156156249999
1 0.9941972765625001 0.8368012281250001 0.5926959359375003 0.8297929968750001 0.5897249619518454 0.9999999999904322 0.9912263025768453 1.0070082312404323
4 0.18349591251361191 0.5476084929701861 0.0007112546814472237 0.5444179749998944 -0.006746921894913172 0.9716966382939519 0.17603773593725153 0.9748871562642435
4 0.6405842203125002 0.5930927109375002 0.46561087342962865 0.5900385395134669 0.45892987342962854 0.9727927363884665 0.6339032203125001 0.9758469078124999
4 0.8383634906258466 0.005829992139005509 0.7649371749999998 0.004548331250000091 0.7634509937491535 0.08969161254849468 0.836877309375 0.0909732734375001
4 0.8298431765625001 0.04631245781250011 0.6392472093923358 0.042985592756838394 0.6304664671875 0.5460339656250001 0.8210624343576642 0.5493608306806618
4 1.000968063076605 0.010231003852540615 0.896139915625 0.00840122187500011 0.8951718525358755 0.06386152342721692 0.9999999999874805 0.06569130540475741
4 0.6094982375 0.2253066703125001 0.40015512501756395 0.22165257243126346 0.395205731267564 0.5052031302437634 0.6045488437500001 0.508857228125