4 0.9619603453485173 0.9689175348900727 0.8922038717790814 -0.0286465151170609 -0.0336602618894107 0.03609621189748323 0.036096211680025254 1.033660261904617
4 0.414357115625 1.0000000000000002 0.411153 0.9541790109375002 0.3690682654529792 0.9571218622005352 0.3722723810779792 1.0029428512630352
4 0.36580133593749997 1.0000000000000002 0.3379827468395113 0.6021756463674885 0.021567900000000008 0.6243015281250001 0.049386489097988664 1.0221258817575116
4 0.08066718126458058 0.7078825705210122 0.07510846249999999 0.6283891843749999 0.01587809686041939 0.6325309747914877 0.021436815625 0.7120243609375
4 0.15104775625 0.8407968421875001 0.14636099247149909 0.7737730063394016 0.09804148309649909 0.7771518360269016 0.10272824687500001 0.8441756718750002
4 0.666735334375 0.8908838046875 0.6589967265625 0.7802165421874998 0.5810620342936967 0.7856662660248104 0.5888006421061969 0.8963335285248105
4 0.23965395156249997 0.6967651328125 0.2094624780586654 0.26500694123887164 -0.016548126568921108 0.2808111420956741 0.013643346934913458 0.7125693336693024
4 0.49859230156249995 0.9950541234375002 0.4941235289399142 0.9311476763962551 0.44580401874239695 0.934526504578771 0.4502727913649826 0.9984329516200161
4 0.5334734422277789 0.5979034990135154 0.5291136625 0.5355557453124999 0.47767676714722107 0.5391525634864847 0.48203654687499997 0.6015003171875001
4 0.33280441875 0.8641124343750001 0.329425590625 0.815792925 0.2873408561642774 0.8187357753366099 0.2907196842892774 0.8670552847116099
4 0.078737325 0.8818785359374999 0.075358496875 0.8335590265624999 0.047302007716574286 0.8355209267531979 0.05068083584157429 0.883840436128198
4 0.375434125017046 0.8689630518062685 0.37074736250000007 0.8019392171874999 0.317751771857954 0.8056450294437314 0.322438534375 0.8726688640625
4 0.6897666687540635 0.97385433130811 0.6831180046874998 0.8787740078124999 0.6176528640584364 0.8833517765043899 0.624301528125 0.9784321
4 0.21413638124999998 0.9366294453125 0.2107575514941428 0.8883099365224469 0.17334889999999997 0.8909258046874999 0.17672772975585715 0.9392453134775531
4 0.6200621515667002 0.7610106969350665 0.6131954983405743 0.6628129845513987 0.5087630108363741 0.670115615741332 0.5156296640625 0.7683133281249999
4 0.3636962172401677 0.454710249190682 0.33415871093750005 0.0323042203125 -0.02953750630266766 0.05773633674681805 -5.551115123125783e-18 0.48014236562500007
4 0.09891416562906347 0.5656382250581101 0.09226550156250002 0.4705579015625001 0.026800360933436556 0.4751356702543902 0.033449025 0.5702159937500002
4 0.200260584375 0.9845891999999999 0.19546482653996633 0.9160066715527535 0.13935184843749998 0.9199304734375 0.14414760627253365 0.9885130018847462
4 0.7213558875 0.6192244187499999 0.7135082828124999 0.5069984624999999 0.6402496719700743 0.5121212044846267 0.6480972766575744 0.6243471607346267
4 0.522561859462175 0.8226496231216615 0.5200549859159461 0.7867996637542646 0.496674578016271 0.7884345812576032 0.49918145156249993 0.8242845406250001
4 0.43366145156250013 0.9400745421875 0.4313725671756967 0.9073419717062041 0.404874771875 0.9091948781249999 0.4071636562618034 0.9419274486062956
4 0.8488845234375001 0.8750140609374999 0.8325353499930811 0.6412099874010542 0.7468071890625 0.6472046843749999 0.7631563625069189 0.8810087579114457
4 0.4884230422392826 0.8720263054280245 0.48319130619305356 0.7972090007481275 0.40993269676627103 0.8023317421951031 0.41516443281250004 0.8771490468750001
4 0.7262499578125 0.6220148234375 0.7218901780365534 0.5596670690476538 0.67668805625 0.5628279093749999 0.6810478360259467 0.6251756637648461
4 0.26555714531249996 1 0.2640580359375 0.9785617312499999 0.2235319967442114 0.9813955871921349 0.2250311061192114 1.002833855942135
4 0.10380823593750002 0.5684286296875001 0.08767705155952338 0.33774194214493225 -0.012079353102083728 0.3447175893902181 0.004051831275892909 0.5754042769327858
4 0.03956412503598096 0.5008705036395515 0.03269747184956133 0.4026727918237099 -0.006866653186419625 0.4054393850591584 5.551115123125783e-18 0.5036370968750001
4 0.5459094954064445 0.8429454138434697 0.5380618921727155 0.7307194576010725 0.46168589520377096 0.7360601875076032 0.4695334984374999 0.8482861437500002
4 0.30001608593750007 1 0.29431650468750004 0.9184921812499999 0.2085883437093002 0.9244868775429655 0.21428792495930024 1.0059946962929656
4 0.708188190625 0.7893072640625001 0.6989236593704382 0.6568182889972626 0.6194302734375 0.6623770078125 0.6286948046920618 0.7948659828777374
4 0.6491216796875 0.6837955140624998 0.6351703843128896 0.4842827037992793 0.4730662265624999 0.4956181312499999 0.48701752193711034 0.6951309415132205
4 0.6417855515625 0.8252768984375001 0.6353548765007833 0.7333139616174119 0.5776832046874999 0.7373467578125 0.5841138797492165 0.8293096946325882
4 0.3738555215759168 0.28640408428665326 0.36895076874239696 0.21626286239127102 0.32063125937500003 0.21964169218750001 0.32553601220851985 0.28978291408288226
4 0.13366277187500003 0.7041767578125 0.12309030625000002 0.55298345625 0.006188268703940436 0.5611580430913176 0.016760734328940437 0.7123513446538177
4 0.061548967187500005 0.613674203125 0.05697119841389332 0.5482090621624085 0.0039756078124999926 0.5519148749999999 0.008553376586106682 0.6173800159625914
4 0.559305862559784 0.7433307742924508 0.5537471437010549 0.6638373883625539 0.49607547176627104 0.667870184382603 0.5016341906250001 0.7473635703124999
4 0.47907160624999995 0.6486971093750001 0.4737308764174655 0.5723211124008811 0.4176178982924655 0.5762449139633812 0.42295862812499996 0.6526209109375001
4 0.029384184379212346 0.31049186724773936 0.02284451560855043 0.21697023726476017 -0.006539668770661919 0.21902497939202079 0 0.31254660937499995
4 0.9162460234375003 0.9423541984374999 0.9130851828105072 0.8971520765340003 0.8741178375 0.8998769390625 0.877278678126993 0.9450790609659997
4 0.03662054687500001 0.6827689328125001 0.0336776953125 0.6406841984374999 0.016532063979791907 0.6418831378797193 0.019474915542291915 0.6839678722547193
4 0.017044992260049272 0.44762415416250273 0.011595267090140762 0.3696894611076981 -0.005449725169908504 0.3708813631951955 5.551115123125783e-18 0.4488160562500001
4 0.048830109375000014 0.1853931546875 0.04556027338414924 0.13863233829954874 0.019062478124999994 0.1404852453125 0.02233231411585077 0.18724606170045127
4 0.8100040828125001 0.9685791437500002 0.7958348000000001 0.7659489453125 0.6493175795900125 0.7761944267308626 0.6634868624025124 0.9788246251683625
4 1.0183110734814502 0.7895497760085033 0.9999999999999998 0.5276892125000001 0.8238920139997109 0.5400038819145749 0.8422030874811611 0.8018644454230781
4 1.0103544774077204 0.8276977255940414 0.9999999999367211 0.6796218115950697 0.9014883131540007 0.6865104203760286 0.911842790625 0.8345863343750002
4 0.9336096451814683 0.9442726452124018 0.9246720968673966 0.8164597514537709 0.8358265484374998 0.8226724375 0.8447640967515715 0.950485331258631
4 0.4402666625000001 0.9897347562500004 0.43786878273553614 0.9554434907396427 0.409812293673036 0.9574053923021427 0.41221017343750005 0.9916966578125004