1 0.15000000000000008 0.371875 4.55415528432922e-17 0.371875 6.759476278106289e-17 0.73203125 0.15000000000000008 0.73203125
1 0.11250000000000002 0.06093750000000001 7.462691432304185e-18 0.0609375 2.554536682596432e-17 0.35625 0.11250000000000004 0.35625
4 0.8015625 0.5328125000000001 0.484375 0.5328125 0.4843750000000001 0.8546875 0.8015625 0.8546875
4 0.5453125 0.4375 0.49609375 0.4375 0.49609375 0.52890625 0.5453125 0.52890625
4 0.246875 0.12812500000000004 0.2 0.12812500000000004 0.2 0.18671875000000004 0.246875 0.18671875000000004
4 0.6921875 0.10781250000000009 0.6515625 0.10781250000000009 0.6515625 0.17343750000000008 0.6921875 0.17343750000000008
4 0.996875 0.17812500000000012 0.878125 0.1781250000000001 0.878125 0.42500000000000016 0.996875 0.42500000000000016
4 0.996875 0.915625 0.92109375 0.915625 0.92109375 0.99921875 0.996875 0.99921875
4 0.8 0.006250000000000094 0.7578125 0.006250000000000091 0.7578125 0.057812500000000086 0.8 0.057812500000000086
4 1 0.6593750000000002 0.85625 0.6593750000000002 0.85625 1 1 1
4 0.2734375000000001 0.6359375 0.1664062500000001 0.6359375 0.1664062500000001 0.8140625 0.2734375000000001 0.8140625
4 0.5796875 0.3578125000000001 0.38984375 0.3578125000000001 0.38984375000000004 0.59140625 0.5796875 0.59140625
4 0.5265625 0.12656250000000005 0.40234375 0.12656250000000005 0.40234375 0.3546875000000001 0.5265625 0.3546875000000001
4 0.721875 0.37968750000000007 0.64140625 0.37968750000000007 0.64140625 0.53359375 0.721875 0.53359375
4 0.8765625 0.0984375000000001 0.75859375 0.0984375000000001 0.75859375 0.2328125000000001 0.8765625 0.2328125000000001
4 0.85 0.5859375000000001 0.70546875 0.5859375 0.7054687500000001 0.7484375000000001 0.85 0.7484375000000002
4 0.928125 0.4031250000000002 0.8015625 0.4031250000000002 0.8015625 0.5968750000000002 0.928125 0.5968750000000002
4 0.996875 0.3531250000000001 0.89296875 0.3531250000000001 0.89296875 0.5882812500000002 0.996875 0.5882812500000002
4 0.4578125 0.004687500000000048 0.3421875 0.0046875000000000415 0.3421875 0.10468750000000004 0.4578125 0.10468750000000004
4 0.15312500000000012 0.8046875 0.0164062500000001 0.8046875 0.01640625000000011 0.99375 0.15312500000000012 0.99375
1 0.2765625 0.009375000000000033 0.253125 0.009375000000000031 0.253125 0.21171875 0.2765625 0.21171875
4 0.825 0.7171875000000002 0.7265625 0.7171875000000002 0.7265625000000001 0.87265625 0.825 0.87265625
4 0.64375 0.037500000000000075 0.5125 0.03750000000000007 0.5125 0.2335937500000001 0.64375 0.2335937500000001
4 0.36875 0.20625000000000004 0.28046875 0.20625 0.28046875000000004 0.57734375 0.3687500000000001 0.57734375
4 0.7 0.2250000000000001 0.58125 0.2250000000000001 0.58125 0.421875 0.7 0.421875
4 0.9984375 0.007812500000000116 0.91328125 0.007812500000000111 0.91328125 0.17656250000000012 0.9984375 0.17656250000000012
4 0.9 0.6671875000000002 0.8125 0.6671875000000002 0.8125 0.828125 0.9 0.828125
4 0.28593750000000007 0.2453125 0.0007812500000000302 0.2453125 0.0007812500000000385 0.38125 0.28593750000000007 0.38125
4 0.8265625 0.8515625 0.7242187500000001 0.8515625 0.7242187500000001 1 0.8265625 1
4 0.39375 0.009375000000000041 0.30390625 0.009375000000000036 0.30390625 0.17890625000000004 0.39375 0.17890625000000004
4 0.9265625 0.1968750000000001 0.7421875 0.19687500000000008 0.7421875 0.40234375000000017 0.9265625 0.40234375000000017
4 0.6125 0.3156250000000001 0.5265625 0.3156250000000001 0.5265625 0.475 0.6125 0.475
4 0.9609375 0.5203125000000002 0.83125 0.5203125000000002 0.83125 0.7007812500000001 0.9609375 0.7007812500000001
4 0.5921875 0.528125 0.490625 0.528125 0.490625 0.67578125 0.5921875 0.67578125
1 0.21406250000000004 0.34375 0.14843750000000006 0.34375 0.14843750000000006 0.46953125 0.2140625000000001 0.46953125
1 0.2109375 0.003125000000000019 0.0921875 0.003125000000000011 0.0921875 0.15000000000000002 0.2109375 0.15000000000000005
4 0.19062500000000007 0.5140625 0.11562500000000005 0.5140625 0.11562500000000006 0.58046875 0.1906250000000001 0.58046875
4 0.34375 0.18281250000000004 0.26640625 0.18281250000000004 0.26640625 0.2734375 0.34375 0.2734375
4 0.27343750000000006 0.3265625 0.21875 0.3265625 0.21875000000000006 0.56796875 0.2734375000000001 0.56796875
1 0.38125000000000003 0.20000000000000004 0.3578125 0.2 0.35781250000000003 0.6265625 0.3812500000000001 0.6265625
1 0.13750000000000004 0.3609375 0.06406250000000005 0.3609375 0.06406250000000005 0.44765625 0.13750000000000004 0.44765625
1 0.215625 0.10937500000000003 0.12265625 0.109375 0.12265625000000002 0.29296875 0.215625 0.29296875
4 0.6234375 0.45625 0.53515625 0.45625 0.53515625 0.615625 0.6234375 0.615625
1 0.259375 0.003125000000000027 0.18203125 0.0031250000000000223 0.18203125 0.08593750000000003 0.259375 0.08593750000000003
1 0.31718750000000007 0.49375 0.2171875000000001 0.49375 0.2171875000000001 0.6921875 0.31718750000000007 0.6921875
4 0.921875 0.00156250000000011 0.8734375 0.0015625000000001068 0.8734375 0.03515625000000011 0.921875 0.03515625000000011
4 0.928125 0.01093750000000011 0.8703125 0.010937500000000105 0.8703125 0.1671875000000001 0.928125 0.16718750000000013
1 0.03750000000000001 0.0640625 0.0031250000000000084 0.0640625 0.003125000000000012 0.128125 0.03750000000000001 0.128125
4 0.6859375 0.4234375 0.60546875 0.4234375 0.60546875 0.5984375 0.6859375 0.5984375
4 0.7875 0.4093750000000001 0.69765625 0.409375 0.69765625 0.5156250000000001 0.7875 0.5156250000000002
4 0.978125 0.012500000000000119 0.94296875 0.012500000000000117 0.94296875 0.09375000000000011 0.978125 0.09375000000000011
1 0.06250000000000001 0.0640625 0.0015625000000000077 0.0640625 0.0015625000000000153 0.18671875 0.06250000000000003 0.18671875
4 0.2890625 0.2984375 0.26953125 0.2984375 0.26953125 0.3296875 0.2890625 0.3296875