4 0.28055473593750013 4.163336342344337e-17 0.026216276528558385 -0.013329314002300585 -0.0016044656589417282 0.5175220641226994 0.25273399375000005 0.5308513781250002
4 0.43318307814416424 0.6404455480718255 0.2693454203125001 0.6318591796875002 0.2592462155433372 0.8245634734332203 0.4230838733750014 0.8331498418175457
4 0.8418467640625 0.7244484765625 0.5937497388912062 0.7114462624910228 0.5787440390625 0.9977720734375 0.8268410642337939 1.0107742875089771
4 0.7118506578347852 0.01041644957477284 0.5792201718750001 0.0034655796875000698 0.572923501485117 0.12361319678905744 0.7055539874449022 0.13056406667633022
4 0.47222366093750007 5.828670879282072e-17 0.3856237561665051 -0.004538507781823501 0.38209671554150515 0.0627614500306765 0.46869662031250015 0.06729995781250006
4 0.3525283734375 4.163336342344337e-17 0.3072779727218966 -0.002371473253085296 0.30497830709689666 0.04150875643441469 0.35022870781250004 0.043880229687500036
4 0.282584084375 0.15533648125000002 0.25059673126778714 0.15366009497310068 0.2485932453125 0.19188888125000006 0.28058059841971283 0.1935652675268994
4 0.5443640635996739 0.026673157870131532 0.2502364573539536 0.011258582788468618 0.22263741718750002 0.5378796265625 0.5167650234332204 0.5532942016441629
4 0.07623216722352709 0.0772423305625626 0.03566284218750001 0.07511618281250002 0.032759832776472944 0.13050891474993742 0.07332915781250002 0.1326350625
4 0.0881183125 0.16392069375 0.04676880781250001 0.1617536578125 0.044029347354400936 0.21402567190012434 0.08537885204190095 0.21619270783762437
4 0.9714890625000002 0.22116870156250013 0.9277990203909801 0.21887900319001624 0.9233831734375 0.3031383718750001 0.9670732155465203 0.305428070247484
4 0.9896674812500004 0.3519868687500002 0.6838371858721646 0.33595898249667944 0.6619623921221645 0.7533549215591794 0.9677926875000005 0.7693828078125002
4 0.5668588875005752 0.17962255780152336 0.5372120734375 0.17806883437500007 0.5341455140619247 0.2365822828234768 0.5637923281249999 0.23813600625000012
4 0.7778587046934525 0.10931908582391878 0.750552428125 0.1078880250000001 0.7478947437440475 0.15859968136358144 0.7752010203125 0.1600307421875001
4 0.9498053515624999 0.022887126562500117 0.8912919015043977 0.01982056673365476 0.8877346921293977 0.08769616829615476 0.9462481421875 0.09076272812500011
4 0.7104628078603102 0.7832779944002276 0.6480484609375 0.7800069968750002 0.64400060151469 0.857244750912273 0.7064149484375001 0.8605157484375002
4 1.0033118854116758 0.4324988014080908 0.973014090625 0.43091096093750014 0.9697022052133244 0.49410548609190935 1.0000000000000002 0.49569332656250004
4 0.07819924531250007 0.42782574218749997 0.04699207190388527 0.4261902431988374 0.04449793596638526 0.4737811822613375 0.07570510937500005 0.47541668125000003
4 0.7670556245424769 0.6438612688079094 0.7210250432967567 0.6414489077887466 0.7178767078125 0.7015227156250001 0.7639072890582203 0.7039350766441629
4 0.8265392578125 0.21044291562500012 0.784409573518297 0.2082349922083017 0.780116389143297 0.29015382189580163 0.8222460734375 0.2923617453125001
4 0.4849776281465995 0.15968489958785698 0.4459686625 0.15764052656250008 0.4427385530433372 0.21927469374572026 0.4817475186899367 0.2213190667710772
4 0.8579342812499998 0.1338560453125001 0.8150244171875001 0.13160723437500008 0.8125302814764094 0.1791981734493657 0.8554401455389092 0.1814469843868657
4 0.6877160222302778 0.6052810812686193 0.6619701034845578 0.6039317952494565 0.6595577437500001 0.649962375 0.6853036624957203 0.6513116610191628
4 0.8635436593974861 0.42986779019594384 0.8276554109375001 0.42798696718750007 0.8246706265400142 0.4849400582415562 0.8605588750000003 0.48682088125000006
4 0.6856914703125 0.1811563765625001 0.6451221453396399 0.17903022760714227 0.642014696875 0.23832385625000013 0.6825840218478602 0.24045000520535792
4 0.8945651390624999 0.15142222968750008 0.8594570687499997 0.14958229375000007 0.8566767211815127 0.20263448754554317 0.8917847914940129 0.20447442348304318
4 0.7520442828542592 0.16898733670318794 0.7317596203125001 0.16792426250000012 0.7297561342933372 0.20615304999572034 0.7500407968350964 0.2072161241989082
4 0.8188104484375 0.5370485234375001 0.7829222000176308 0.535167699663584 0.7805098390625 0.5811982796875 0.8163980874823691 0.5830791034614161
4 0.9850968756235086 0.11079211253267682 0.9133203771902881 0.10703046557601395 0.90829121875 0.20299252343750007 0.9800677171832204 0.20675417039416297
4 0.10903511406919608 0.4216185592472327 0.07392704375000006 0.41977862343749994 0.07061515936830406 0.48297314856526735 0.1057232296875001 0.4848130843750001
4 0.6826680375 0.4329056562500001 0.6397581734375001 0.43065684531250004 0.6375911374832519 0.4720063499172352 0.6805010015457519 0.4742551608547352
4 0.36168275625000007 0.034310323437500054 0.3320359406250001 0.032756600000000045 0.32929648103139775 0.08502861413293072 0.35894329665639774 0.08658233757043073
4 0.7959708578709164 0.49517079888534976 0.7475997406250001 0.4926357765625002 0.7445740686915838 0.5503690479896506 0.7929451859375001 0.5529040703125001
4 0.7901625984715298 0.41194025403817536 0.7566148874183373 0.41018209374572034 0.7541207530093076 0.45777303345754505 0.7876684640625001 0.4595311937500002
4 0.6694470375000001 0.8045981140625003 0.6452614781279267 0.8033306030691569 0.64268556875 0.8524819000000001 0.6668711281220736 0.8537494109933433
4 0.887680534375 0.029019168750000112 0.8642751546251832 0.027792544939080944 0.8626396561876831 0.05899971837658095 0.8860450359375 0.060226342187500115
4 0.10916996875181843 0.6578869155903042 0.06782046406250011 0.6557198796875 0.06373171710583722 0.7337378124957203 0.10508122179515555 0.7359048483985244
4 0.5534434032376447 0.5998087947256117 0.30768691571094264 0.586929243672617 0.28842892028579803 0.9543937067595054 0.5341854078125001 0.9672732578125001
4 0.8986141593967275 0.4473522011479164 0.8252773031250001 0.4435087796875001 0.8201663702907729 0.5410311957270838 0.8935032265625003 0.5448746171875001
4 1.003720761118728 0.10863886098001183 0.9852604250000002 0.10767139531250014 0.9815396638812723 0.17866771401998846 1.0000000000000002 0.17963517968750015
4 0.4210780640625001 0.12504317968750006 0.3243358280789629 0.11997313369094136 0.3163627718289629 0.2721081024409413 0.4131050078125001 0.27717814843750005
4 0.8584050250000003 0.0353081250000001 0.8139348032000958 0.032977539192085396 0.8096007313250958 0.11567654856708535 0.8540709531250001 0.11800713437500007
4 0.32363078906250003 0.08864329843750005 0.26823805632275355 0.08574028767427995 0.2630862344477535 0.18404288298677993 0.3184789671875 0.18694589375
4 0.4038124390756791 0.036518246623527165 0.3585620375 0.03414677343750004 0.3546368405476169 0.1090439889765574 0.39988724212329607 0.11141546216258451
4 0.7969631875908975 0.3418876638905734 0.7680965516484426 0.340374828047617 0.7653570921825452 0.3926468438445437 0.794223728125 0.3941596796875001
4 0.8311208937500002 0.31707884218750015 0.7975731828487815 0.31532068055771256 0.7944248468750003 0.37539448906250017 0.8279725577762187 0.3771526506922877
4 0.11840174533212244 0.8101412277505833 0.08017295781250011 0.8081377421874999 0.07698373591787774 0.8689917300619167 0.11521252343750008 0.870995215625
4 0.9399547890625 0.22577463750000012 0.9196701265911239 0.2247115635163209 0.9179937406249999 0.2566989171875001 0.938278403096376 0.25776199117117926
4 0.7405295265625 0.6424710937500001 0.6929385875489084 0.6399769584417727 0.689381378125 0.7078525609375 0.7369723171385918 0.7103466962457274
4 0.6993148765625001 0.8765724140625 0.6415816061770422 0.873546742017121 0.6383923843020421 0.9344007295171209 0.6961256546875001 0.9374264015625
4 0.12668746881520085 0.21913992219339526 0.05803168906250004 0.21554182500000002 0.052021231168337144 0.33022818593322023 0.12067701092103796 0.3338262831266155
4 0.5814413656250002 0.02079307500000007 0.48313877033623864 0.01564125423454134 0.47557458906250005 0.15997442968750009 0.5738771843512616 0.1651262504529588
4 0.03664646562500011 0.8027273265625 1.0547118733938987e-16 0.8008067671875001 -0.005110931915719497 0.8983291834164365 0.031535533709280514 0.9002497427914365
4 0.6864031437603064 0.24221480136584667 0.6044843156250002 0.2379216171875001 0.5983511953021938 0.35494851582165354 0.6802700234375001 0.35924170000000016