1 1 0.40156250000000016 0.828125 0.40156250000000016 0.828125 0.7734375000000002 1 0.7734375000000002
1 1 0.09531250000000012 0.8984375 0.0953125000000001 0.8984375 0.4000000000000002 1 0.4000000000000002
4 0.5125000000000001 0.50625 0.16875000000000004 0.50625 0.16875000000000007 0.8546875 0.5125000000000002 0.8546875
4 0.509375 0.434375 0.453125 0.434375 0.453125 0.5296875 0.509375 0.5296875
4 0.83125 0.1531250000000001 0.7796875 0.1531250000000001 0.7796875 0.2156250000000001 0.83125 0.2156250000000001
4 0.3828125 0.09218750000000005 0.3359375 0.09218750000000005 0.3359375 0.16093750000000004 0.3828125 0.16093750000000004
4 0.15156250000000002 0.1359375 0.012500000000000016 0.1359375 0.012500000000000034 0.3921875 0.15156250000000004 0.3921875
4 0.043750000000000115 0.8703125 1.0658254173829309e-16 0.8703125 1.1213172254692953e-16 0.9609375 0.04375000000000012 0.9609375
4 0.2859375 3.214697847761802e-17 0.2390625 2.9276712542116413e-17 0.2390625 0.03593750000000003 0.2859375 0.03593750000000003
4 0.13125000000000012 0.615625 7.539231857250894e-17 0.615625 9.6919313088771e-17 0.9671875 0.13125000000000014 0.9671875
4 0.821875 0.6546875000000001 0.7 0.6546875 0.7000000000000001 0.8421875 0.821875 0.8421875
4 0.621875 0.3515625000000001 0.4125 0.3515625000000001 0.4125 0.6015625 0.621875 0.6015625
4 0.6296875 0.12656250000000008 0.4859375 0.12656250000000005 0.4859375 0.36406250000000007 0.6296875 0.36406250000000007
4 0.37031250000000004 0.3609375 0.2765625 0.3609375 0.27656250000000004 0.521875 0.3703125000000001 0.521875
4 0.278125 0.06718750000000004 0.1484375 0.06718750000000002 0.14843750000000003 0.2109375 0.278125 0.2109375
4 0.2890625000000001 0.5546875 0.1312500000000001 0.5546875 0.1312500000000001 0.7296875 0.2890625000000001 0.7296875
4 0.2078125000000001 0.365625 0.06562500000000004 0.365625 0.06562500000000006 0.5703125 0.2078125000000001 0.5703125
4 0.12031250000000007 0.309375 3.788751034862124e-17 0.309375 5.281289321322961e-17 0.553125 0.12031250000000009 0.553125
4 0.7 0.009375000000000078 0.5765625 0.009375000000000069 0.5765625 0.11875000000000009 0.7 0.11875000000000009
4 0.9546875 0.8328125 0.8015625 0.8328125 0.8015625 1 0.9546875 1
1 0.7875 0.0312500000000001 0.746875 0.03125000000000009 0.746875 0.23437500000000008 0.7875 0.23437500000000008
4 0.25468750000000007 0.6890625 0.1437500000000001 0.6890625 0.1437500000000001 0.853125 0.25468750000000007 0.853125
4 0.528125 0.028125000000000056 0.3796875 0.028125000000000046 0.3796875 0.23437500000000008 0.528125 0.23437500000000008
4 0.74375 0.21875000000000008 0.6234375 0.21875000000000008 0.6234375 0.596875 0.74375 0.5968750000000002
4 0.44375 0.20781250000000004 0.3078125 0.2078125 0.30781250000000004 0.4140625 0.44375 0.4140625
4 0.13125 9.950255243072244e-18 0.03125 3.827021247335479e-18 0.031250000000000014 0.140625 0.13125 0.140625
4 0.17343750000000008 0.63125 0.07187500000000006 0.63125 0.07187500000000008 0.7984375 0.17343750000000008 0.7984375
4 1 0.2640625000000001 0.7234375 0.2640625000000001 0.7234375 0.4250000000000001 1 0.42500000000000016
4 0.2468750000000001 0.821875 0.1312500000000001 0.821875 0.13125000000000012 0.978125 0.2468750000000001 0.978125
4 0.7390625 0.021875000000000082 0.634375 0.02187500000000008 0.634375 0.1984375000000001 0.7390625 0.1984375000000001
4 0.28437500000000004 0.16250000000000003 0.08281250000000002 0.1625 0.08281250000000004 0.3828125 0.2843750000000001 0.3828125
4 0.4890625 0.3078125000000001 0.3890625 0.3078125000000001 0.38906250000000003 0.4734375 0.4890625 0.4734375
4 0.16875000000000007 0.4796875 0.023437500000000062 0.4796875 0.023437500000000073 0.6703125 0.1687500000000001 0.6703125
4 0.50625 0.5203125 0.3921875000000001 0.5203125 0.3921875000000001 0.6765625 0.50625 0.6765625
1 0.8640625 0.3703125000000001 0.7875 0.3703125000000001 0.7875 0.5015625000000001 0.8640625 0.5015625000000001
1 0.95 0.031250000000000104 0.81875 0.0312500000000001 0.81875 0.1875000000000001 0.95 0.18750000000000014
4 0.8828125 0.5406250000000001 0.8015625 0.5406250000000001 0.8015625 0.6140625000000002 0.8828125 0.6140625000000002
4 0.7609375 0.19687500000000008 0.6765625 0.19687500000000008 0.6765625 0.29375000000000007 0.7609375 0.29375000000000007
4 0.7953125 0.34843750000000007 0.7203125 0.34843750000000007 0.7203125 0.5937500000000001 0.7953125 0.5937500000000002
1 0.66875 0.21250000000000008 0.6078125 0.21250000000000008 0.6078125 0.6390625 0.66875 0.6390625
1 0.946875 0.3937500000000001 0.865625 0.3937500000000001 0.865625 0.4859375000000002 0.946875 0.4859375000000002
1 0.9109375 0.1359375000000001 0.8015625 0.1359375000000001 0.8015625 0.3265625000000001 0.9109375 0.3265625000000001
4 0.46875 0.4453125 0.3671875000000001 0.4453125 0.3671875000000001 0.6125 0.46875 0.6125
1 0.859375 0.0265625000000001 0.775 0.0265625000000001 0.775 0.11562500000000009 0.859375 0.11562500000000009
1 0.7828125 0.5093750000000001 0.665625 0.509375 0.665625 0.7156250000000001 0.7828125 0.7156250000000002
4 0.1734375 1.6838893488276106e-17 0.1015625 1.2437819053840305e-17 0.1015625 0.1359375 0.1734375 0.1359375
1 1 0.10468750000000013 0.9921875 0.10468750000000013 0.9921875 0.17187500000000014 1 0.17187500000000014
4 0.4015625 0.4078125 0.3062500000000001 0.4078125 0.3062500000000001 0.5890625 0.4015625 0.5890625
4 0.3109375000000001 0.384375 0.21250000000000008 0.384375 0.21250000000000008 0.4984375 0.3109375000000001 0.4984375
4 0.1 9.663228649522084e-18 0.0578125 7.079989307570636e-18 0.0578125 0.05625000000000001 0.1 0.05625000000000002
1 1 0.10312500000000013 0.9625 0.10312500000000013 0.9625 0.2312500000000001 1 0.2312500000000001
4 0.746875 0.31718750000000007 0.725 0.31718750000000007 0.725 0.3500000000000001 0.746875 0.3500000000000001