4 0.4882488515625001 0.7744732109375001 0.4108841578641643 0.7636003121323905 0.3939224359375001 0.8842892328125 0.47128712963583597 0.8951621316176095
4 0.5794555890873779 0.653173757635485 0.5345840671875 0.6468674765624999 0.5234937109126222 0.7257794626770149 0.5683652328125002 0.73208574375
4 0.24513134547660115 0.7529281175823606 0.1971652359375001 0.7461869203125 0.18672725290965844 0.8204570265322358 0.2346933624487595 0.8271982238020964
4 0.518232962588982 0.5498981431168601 0.4965708484375 0.5468537312499999 0.4926566044721582 0.5747050218447357 0.5143187186236402 0.5777494337115958
4 0.5140427500516045 0.45621576838281613 0.4738131093750001 0.4505618609375002 0.4653322482524227 0.5109063216293942 0.5055618889290272 0.5165602290747101
4 0.4638686390625 0.3529150656250001 0.4391119358634691 0.34943573802675765 0.43476277648846906 0.38038161615175764 0.4595194796875 0.38386094375000007
4 0.7332984734375 0.47914087187500004 0.7085417719268217 0.4756615449437698 0.7031053234375 0.5143438921875 0.7278620249481784 0.5178232191187303
4 0.7184193984808239 0.34924345281673463 0.689020815625 0.34511175156250007 0.6801050390191761 0.4085508003082655 0.7095036218749999 0.4126825015625001
4 0.731742929909412 0.08603621404601489 0.6961551703427643 0.08103468103465845 0.6863695623083526 0.15066290605114369 0.7219573218750002 0.1556644390625001
4 0.27215464375000004 0.6841446375 0.24430335462022024 0.6802303942287204 0.23777961555772026 0.7266492114162205 0.26563090468750006 0.7305634546875001
4 0.23127262968750012 0.6831326125000001 0.20961051546013404 0.6800882011730829 0.204826440460134 0.7141286667980828 0.2264885546875001 0.7171730781250001
4 0.3238091203125001 0.85550118125 0.28512677353720745 0.8500647321030457 0.2762109968750001 0.91350378125 0.3148933436502928 0.9189402303969544
4 0.2922861343750002 0.8889394484375002 0.2334889672063774 0.880676045178182 0.22348590000000018 0.9518515640625 0.282283067168623 0.9601149673218183
4 0.4325629417298663 0.9686125814052788 0.40161706363513067 0.9642634218149372 0.3979202781250001 0.9905674171875003 0.42886615621973573 0.994916576777842
4 0.48050396269875656 0.9643052625279334 0.44182161530430675 0.9588688140174296 0.4366026248483106 0.9960038667043272 0.47528497224276045 1.0014403152148308
4 0.5046250437500002 0.8824910578125001 0.47058457972176376 0.8777069825687018 0.46210371875000017 0.93805144375 0.4961441827782366 0.9428355189937984
4 0.46045607187500026 0.8936399250000001 0.4093953750058743 0.8864638124582032 0.40004468281250016 0.9529974484375 0.4511053796816261 0.960173560979297
4 0.46110844531250006 0.8889980437500002 0.41004774844337427 0.8818219312082034 0.4006970562500001 0.9483555671875001 0.4517577531191259 0.9555316797292969
4 0.651275062559251 0.8494542839534083 0.6079508343750002 0.8433654609375004 0.5990350577532493 0.9068045097965923 0.6423592859375001 0.9128933328125003
4 0.49892946411410444 0.4178010558828159 0.4648889984375 0.4130169796875 0.4577128841899226 0.4640776778793939 0.4917533498665271 0.46886175407470987
4 0.44443430211187157 0.6658623438364151 0.39017233969608084 0.5810195052590237 0.34353015948106636 0.6108499101848212 0.3977921218968571 0.6956927487622125