1 0.8167164454217749 0.22342620968848365 0.5279756390624999 0.19816466250000006 0.48303595923933723 0.7118275546756312 0.7717767655986123 0.7370891018641148
1 1.033023855713474 0.05883984268917179 0.9299342431254443 0.04982067025785857 0.8969103874119702 0.4272850681936869 1 0.43630424062500006
4 0.5298024375909518 0.006971331257957297 0.35313353445516177 -0.008485195181212667 0.32126721561421007 0.35574849074833004 0.4979361187500001 0.3712050171875
4 0.69896093125 0.0186338437500001 0.5697669313690008 0.00733083301481563 0.5510420640625001 0.2213570390625001 0.6802360639434994 0.23266004979768456
4 0.37497257031250025 0.7368795390625003 0.20764299210050868 0.7222400978693176 0.18694350303800863 0.9588363400568178 0.35427308125000023 0.9734757812500003
4 0.5160714588023814 0.5045430078991034 0.34874187968750003 0.489903565625 0.3366217833851188 0.6284368905383967 0.5039513625 0.6430763328125002
4 0.33551187500000007 0.55148483125 0.12537705468750007 0.533100415625 0.10801399558277099 0.7315610781486458 0.31814881589527094 0.7499454937736459
4 0.9807050078507806 0.7334093948749504 0.7168690687500001 0.7103267421875001 0.6915259436792672 0.9999999999938117 0.9553618827800479 1.023082652681262
4 0.8602004734582376 0.031172007575468823 0.7551330640625 0.021979800000000098 0.7390637233018372 0.20565319842563112 0.8441311326975749 0.21484540600109986
4 0.5903401204797071 0.6506343684013157 0.5483131562618689 0.6469574858018373 0.542661651407162 0.7115544877130218 0.5846886156250001 0.7152313703125002
4 1.0019682718792997 0.4545138290607418 0.8969008624498495 0.44532162187061247 0.8699370546330496 0.7535193568723708 0.9750044640625 0.7627115640625001
4 0.2001650391532531 0.14438945521268823 0.10521523125000001 0.1360824234375 0.09043960923933735 0.30496855623813107 0.1853894171425904 0.3132755880133193
1 0.609206459375 0.040582246875000075 0.5173697609404856 0.032547576528374776 0.49265293593750004 0.3150621671875 0.5844896343720144 0.3230968375341253
4 0.6286118797909153 0.6524142456929607 0.5095354828125 0.6419964109375002 0.4799842389268375 0.9797686765506312 0.5990606359052527 0.9901865113060918
1 0.11876275787618513 0.6266298492720777 7.771561172376095e-17 0.6162394546875001 -0.029278881313684956 0.9508986116654222 0.0894838765625001 0.96128900625
4 0.7830226234375001 0.7161144281250003 0.6297020328125001 0.7027006140625002 0.6036917059072724 0.9999999999700154 0.7570122965322723 1.0134138140325155
4 0.3516069406250001 4.4408920985006264e-17 0.2216346639690928 -0.011371100494850267 0.19977695928159275 0.23846361356764972 0.32974923593750005 0.2498347140625
4 0.31636399843750007 0.349045640625 0.22841868601012788 0.3413514226073602 0.21296215937500002 0.5180203265625001 0.3009074718023722 0.5257145445801399
4 0.4287287265625001 0.44514204843750005 0.3143219922387065 0.4351327556647074 0.30356370468750005 0.5581005390625001 0.4179704390112936 0.5681098318352927
4 0.13866068440514684 0.049605816842920925 0.047602262500000006 0.04163923750000001 0.03139674215735323 0.22686918940707912 0.12245516406250005 0.23483576875000006
1 0.12403429845088235 0.5125928498470406 0.001066514062500068 0.5018345625 -0.01384528909613798 0.6722772488219845 0.1091224952922443 0.683035536169025
1 0.2336761140625002 0.7025591421875002 0.04455477651805502 0.6860131692580105 0.02079121870555497 0.9576318801955104 0.20991255625000016 0.974177853125
4 0.3643060106591006 0.36578777198734425 0.3207224919209696 0.3619747077891816 0.31187073593750003 0.46315073125 0.3554542546756311 0.4669637954481627
4 0.513867866347845 0.0636105703757408 0.44771431167221404 0.05782288430257816 0.43579848750000016 0.19402137812500006 0.501952042175631 0.1998090641981627
4 0.5854107953125001 0.05261661250000009 0.5270400125284599 0.047509830924703095 0.5176435343750001 0.15491207187500006 0.5760143171590403 0.16001885345029707
4 0.059747762500000114 0.43168201874999995 0.006046640653932645 0.4269837793567988 -0.011452598408567388 0.6270009965442987 0.04224852343750009 0.6316992359374999
4 0.37914972259466817 0.19612336256296284 0.29509579448153705 0.18876959680230015 0.28270333750000004 0.33041602968750006 0.36675726561313116 0.3377697954481627
4 0.28789726102031743 0.2351938599908922 0.15870326093750003 0.22389085 0.1440638202296826 0.39122042907160776 0.2732578203125 0.40252343906249993
4 0.7690058703125 0.0247619828125001 0.6974043765782637 0.01849766388231953 0.6900506109375001 0.1025515906250001 0.7616521046717364 0.10881590955518065
4 0.09398913273822525 0.18372279075520287 0.02627902337509417 0.1777989234320402 0.006805160937500054 0.40038617656250014 0.07451527030063113 0.4063100438856628
4 0.15245869852029484 0.3221580375072436 0.07540926402150114 0.31541708579721206 0.06397007331370634 0.4461676404774685 0.14101950781250003 0.45290859218749996
4 0.3743855095133647 0.4388191624809846 0.3191278345225316 0.43398474362620637 0.31477004843750006 0.4837944796875001 0.3700277234283332 0.48862889854227837
4 0.5008156734468268 0.365183071768395 0.4401100593749999 0.35987201875 0.4232236343656732 0.5528847407316052 0.48392924843750007 0.5581957937500002
4 0.8165407515625003 0.17165137812500011 0.7254823297153636 0.1636847981190188 0.7136345953125 0.29910501562500014 0.8046930171596365 0.30707159563098146
4 0.1041116750000001 0.623779578125 0.030175348437500082 0.6173109875 0.016216811095581974 0.7768577937638305 0.09015313765808199 0.7833263843888305