4 0.4015625000000001 0.7125 0.3218750000000001 0.7125 0.3218750000000001 0.83515625 0.40156250000000016 0.83515625
4 0.99921875 0.2062500000000001 0.934375 0.2062500000000001 0.934375 0.4164062500000002 0.99921875 0.4164062500000002
4 0.4125 0.640625 0.3750000000000001 0.640625 0.3750000000000001 0.69375 0.4125 0.69375
4 0.92890625 0.7953125000000002 0.89375 0.7953125000000002 0.89375 0.84921875 0.92890625 0.84921875
4 0.06250000000000007 0.559375 0.021875000000000068 0.559375 0.02187500000000007 0.61953125 0.06250000000000007 0.61953125
4 0.54375 0.403125 0.5109375 0.403125 0.5109375 0.45234375 0.54375 0.45234375
4 0.24218750000000008 0.9453125 0.17656250000000012 0.9453125 0.17656250000000012 0.99921875 0.24218750000000008 0.99921875
4 0.578125 0.08281250000000007 0.5421875 0.08281250000000007 0.5421875 0.13906250000000006 0.578125 0.1390625000000001
4 0.78984375 0.08437500000000009 0.73125 0.08437500000000009 0.73125 0.15390625000000008 0.78984375 0.15390625000000008
4 0.47890625 0.4375 0.4484375 0.4375 0.4484375 0.4828125 0.47890625 0.4828125
4 0.07343750000000004 0.3828125 0.043750000000000046 0.3828125 0.04375000000000005 0.425 0.07343750000000004 0.425
4 0.55625 0.3281250000000001 0.5203125 0.3281250000000001 0.5203125 0.3843750000000001 0.55625 0.3843750000000001
4 0.7234375 0.4203125 0.678125 0.4203125 0.678125 0.50234375 0.7234375 0.50234375
4 0.52734375 0.10468750000000004 0.49375 0.10468750000000004 0.49375 0.15937500000000004 0.52734375 0.15937500000000004
4 0.496875 0.2406250000000001 0.46875 0.2406250000000001 0.46875 0.2789062500000001 0.496875 0.2789062500000001
4 0.309375 0.10937500000000004 0.275 0.10937500000000004 0.275 0.15625000000000006 0.309375 0.15625000000000006
4 0.57890625 0.4734375 0.54375 0.4734375 0.54375 0.509375 0.57890625 0.509375
4 0.8703125 0.8921875 0.8359375 0.8921875 0.8359375 0.97109375 0.8703125 0.97109375
4 0.66015625 0.13281250000000008 0.6296875 0.13281250000000008 0.6296875 0.1750000000000001 0.66015625 0.1750000000000001
4 0.71875 0.5921875 0.6859375 0.5921875 0.6859375 0.64765625 0.71875 0.64765625
4 0.93984375 0.9609375 0.9046875 0.9609375 0.9046875 0.99921875 0.93984375 0.99921875
4 0.9515625 0.10781250000000013 0.909375 0.10781250000000013 0.909375 0.16953125000000013 0.9515625 0.16953125000000013
4 0.51796875 0.3375000000000001 0.49375 0.3375000000000001 0.49375 0.3859375000000001 0.51796875 0.3859375000000001
4 0.19140625000000008 0.5625 0.1468750000000001 0.5625 0.1468750000000001 0.6140625 0.19140625000000008 0.6140625
4 0.35078125 0.07031250000000004 0.315625 0.07031250000000004 0.315625 0.11484375000000005 0.35078125 0.11484375000000005
4 0.815625 0.2875000000000001 0.7671875 0.2875000000000001 0.7671875 0.3554687500000001 0.815625 0.3554687500000001
4 0.13203125000000004 0.475 0.10156250000000004 0.475 0.10156250000000004 0.5234375 0.13203125000000004 0.5234375
4 0.6375 0.4859375 0.60625 0.4859375 0.60625 0.5328125 0.6375 0.5328125
4 0.09531250000000005 0.3734375 0.07187500000000005 0.3734375 0.07187500000000005 0.4140625 0.09531250000000005 0.4140625
4 0.82890625 0.23437500000000008 0.8015625 0.23437500000000008 0.8015625 0.2906250000000001 0.82890625 0.2906250000000001
4 0.18828125 0.07500000000000002 0.1625 0.07500000000000002 0.1625 0.11406250000000002 0.18828125 0.11406250000000004
4 0.2773437500000001 0.859375 0.2484375000000001 0.859375 0.2484375000000001 0.89921875 0.2773437500000001 0.89921875
4 0.56875 0.01562500000000007 0.5375 0.015625000000000066 0.5375 0.05546875000000007 0.56875 0.05546875000000007
4 0.31953125000000004 0.3484375 0.3 0.3484375 0.30000000000000004 0.37734375 0.3195312500000001 0.37734375
4 0.9515625 0.7453125000000002 0.9296875 0.7453125000000002 0.9296875 0.7757812500000002 0.9515625 0.7757812500000002
4 0.38125 0.14531250000000004 0.353125 0.14531250000000004 0.353125 0.18437500000000004 0.38125 0.18437500000000004
4 0.35703125 0.0015625000000000417 0.3203125 0.0015625000000000396 0.3203125 0.051562500000000046 0.35703125 0.051562500000000046
4 0.46484375 0.20312500000000008 0.43125 0.20312500000000008 0.43125 0.2539062500000001 0.46484375 0.2539062500000001
4 1 0.06406250000000012 0.9703125 0.0640625000000001 0.9703125 0.16562500000000013 1 0.16562500000000013
4 0.34453125 0.3015625 0.325 0.3015625 0.325 0.32890625 0.34453125 0.32890625
4 0.2570312500000001 0.559375 0.1515625000000001 0.559375 0.1515625000000001 0.6953125 0.2570312500000001 0.6953125
4 0.8359375 0.0265625000000001 0.8078125 0.0265625000000001 0.8078125 0.0828125000000001 0.8359375 0.08281250000000011
4 0.10625000000000011 0.759375 0.003125000000000093 0.759375 0.0031250000000001077 0.996875 0.10625000000000014 0.996875
4 0.88515625 0.001562500000000103 0.8015625 0.0015625000000000979 0.8015625 0.2132812500000001 0.88515625 0.2132812500000001
4 0.56171875 0.703125 0.21093750000000008 0.703125 0.21093750000000008 0.996875 0.5617187500000002 0.996875
4 0.60625 0.16250000000000006 0.5234375 0.16250000000000003 0.5234375 0.3656250000000001 0.60625 0.3656250000000001
4 0.2375 1.741294667537643e-17 0.046875 5.7405318710032185e-18 0.04687500000000001 0.06796875000000001 0.2375 0.06796875000000002
4 0.83203125 0.3937500000000001 0.7421875 0.3937500000000001 0.7421875 0.6617187500000001 0.83203125 0.6617187500000001
4 1 0.17812500000000014 0.990625 0.17812500000000014 0.990625 0.2414062500000001 1 0.2414062500000001
4 0.67421875 0.2500000000000001 0.5921875 0.2500000000000001 0.5921875 0.42421875 0.67421875 0.42421875