4 0.46598146093750004 0.9555296796875001 0.4609931892905615 0.8603478016324351 0.37127256585306156 0.8650498610074351 0.37626083750000006 0.9602317390625001
1 1.0159052202703667 0.9016750898118303 1 0.5981853312500001 0.860702520200349 0.6054856009850297 0.8766077404707155 0.90897535954686
4 0.4072909234375001 1 0.355244764046978 0.006900127828823169 -0.024702566344505794 0.02681232384424065 0.02734359304601628 1.0199121960154174
4 0.2508264953125 0.9999999999999998 0.24635214843750003 0.9146243812499998 0.16053242131349474 0.9191220028601583 0.16500676818849472 1.0044976216101582
4 0.05486237041212054 0.6344184206508742 0.052572673437499995 0.5907283765625 0.026046574904659225 0.5921185497432886 0.028336271879279774 0.6358085938316628
4 0.37569065312500005 0.7552932187500001 0.36248400156044414 0.5032952968357709 0.29070750312500004 0.5070569437500001 0.30391415468955596 0.7590548656642292
4 0.2977658234375001 1 0.28899238589573584 0.8325928413905915 0.017489981249999998 0.8468216796874998 0.02626341879176422 1.0142288382969082
4 0.9834106203178317 0.3494939797892337 0.9668103093750002 0.03274117343750001 0.7889294234321684 0.04206351552326638 0.8055297343750001 0.35881632187500007
4 0.36191623906250003 1 0.35783269843344395 0.9220814092976063 0.281375124640344 0.9260883812688485 0.2854586652694 1.0040069719712421
4 0.5756044937656256 0.2707289581106519 0.5613347685925404 -0.0015536249681572857 0.34678545451441484 0.009690427858690804 0.3610551796875 0.2819730109375
4 0.3696724828124999 0.49118373281250005 0.35891907967599107 0.28599657009289664 0.29572455468750003 0.2893084546875 0.3064779578240089 0.49449561740710346
4 0.38532682500000004 0.99887271875 0.37588182042217244 0.8186512937442524 0.30488550135065984 0.8223720531302019 0.31433050592848744 1.0025934781359496
4 0.2901714875113588 0.8849466314667385 0.2824028686796959 0.7367125595960182 0.20282457804333714 0.7408830812542798 0.21059319687500003 0.8891171531250002
4 0.12721959531250002 1.0000000000000002 0.12484197491400892 0.9546323108591925 0.03044027672381964 0.9595796953859328 0.03281789712231074 1.0049473845267403
4 0.6567939 0.7749833968750001 0.6383536530823251 0.42312252106071313 0.4807574296875 0.43138178906249997 0.49919767660517494 0.783242664876787
4 0.2901340015625 0.31698271875000006 0.28445064375 0.20853779218750007 0.22125611868739098 0.2118496769303498 0.22693947649989096 0.3202946034928498
1 0.513793424822094 0.8826149686774365 0.5089687031207202 0.790553807730837 0.4668390187499999 0.79276173125 0.47166374045137377 0.8848228921965994
4 0.4143172844350936 0.6265326964591529 0.407407303125 0.49468238906250006 0.35045421243990643 0.49766717385334724 0.35736419374999995 0.6295174812500001
4 0.6960835203124999 0.9872805828125 0.6874153781141368 0.8218825654177188 0.5922335000000001 0.8268708359374998 0.6009016421983631 0.9922688533322809
1 1.0045793961187373 0.8928807837076096 0.9999999999673278 0.8055006993765753 0.9464349132235906 0.8083079266064657 0.9510143093750001 0.8956880109375
1 0.5426909937665197 0.9264751956277124 0.5377844984375002 0.8328536765625 0.49955571092098056 0.8348571621847878 0.5044622062500002 0.9284786812500002
4 0.5899791328124999 0.992841278125 0.5860948239416961 0.918724242161076 0.45892559374999997 0.9253888984374999 0.4628099026208038 0.9995059344014239
1 0.9778897359375 0.06501805625000001 0.9743151444852414 -0.0031892219135323694 0.9134611562499998 0 0.9170357477022584 0.06820727816353238
4 0.28011317032586314 0.6930225190049831 0.27647418593750006 0.6235865578125 0.23746522029913697 0.625630930995017 0.24110420468750005 0.6950668921875
1 0.9783161906723707 0.7299695305913888 0.9765580296874999 0.69642181875 0.9578337265151294 0.6974031178461113 0.9595918875000002 0.7309508296875
4 0.7152742578818457 0.36824034374636583 0.6956073876247943 -0.007025910944040115 0.4919805843749999 0.003645717187499997 0.5116474546320513 0.37891197187790593
1 0.7195706751947774 0.9876143171772924 0.7184258265582202 0.9657692967933373 0.6934600875 0.9670776953125 0.6946049361365573 0.988922715696455
4 0.3507249141430274 0.7566016187240556 0.34761746718636466 0.6973079890408352 0.3187508327308372 0.6988208250042797 0.3218582796875 0.7581144546874999
1 1.0024941418955868 0.728702416909939 1 0.6811114781250001 0.9937661737294133 0.6814381799650613 0.9962603156250001 0.7290291187500001