4 1 6.611179204772041e-17 0.0796875 9.75890418070547e-18 0.07968750000000006 1 1 1
4 0.7359375 0.015625000000000087 0.69375 0.015625000000000083 0.69375 0.08125000000000009 0.7359375 0.08125000000000009
4 1 0.031250000000000104 0.7171875 0.03125000000000009 0.7171875 0.4609375000000001 1 0.46093750000000017
4 1 0.39531250000000007 0.95 0.39531250000000007 0.95 0.4734375000000002 1 0.4734375000000002
4 0.9609375 0.2515625000000001 0.9125 0.2515625000000001 0.9125 0.31718750000000007 0.9609375 0.31718750000000007
4 0.4953125 0.08906250000000006 0.41875 0.08906250000000004 0.41875 0.19843750000000004 0.4953125 0.19843750000000004
4 1 0.3859375000000001 0.765625 0.3859375000000001 0.7656250000000001 0.815625 1 0.815625
4 0.6546875 0.021875000000000075 0.6078125 0.02187500000000007 0.6078125 0.08437500000000007 0.6546875 0.08437500000000009
4 0.5375 0.4 0.4859375 0.4 0.4859375 0.4625 0.5375 0.4625
4 0.784375 0.1859375000000001 0.7421875 0.1859375000000001 0.7421875 0.23437500000000008 0.784375 0.23437500000000008
4 1 0.2250000000000001 0.99375 0.2250000000000001 0.99375 0.2718750000000001 1 0.2718750000000001
4 0.753125 0.17187500000000008 0.7 0.17187500000000008 0.7 0.2390625000000001 0.753125 0.2390625000000001
4 0.4796875 5.482207936808073e-17 0.415625 5.089938258956187e-17 0.415625 0.09375000000000006 0.4796875 0.09375000000000007
4 0.9109375 0.1406250000000001 0.8734375 0.14062500000000008 0.8734375 0.1890625000000001 0.9109375 0.18906250000000013
4 0.5375 0.22812500000000008 0.434375 0.22812500000000008 0.434375 0.32500000000000007 0.5375 0.32500000000000007
4 0.978125 0.6062500000000001 0.5890625 0.60625 0.5890625 1 0.978125 1
4 0.9640625 0.5328125000000001 0.9 0.5328125000000001 0.9 0.6265625000000001 0.9640625 0.6265625000000001
4 0.9515625 0.10000000000000012 0.8953125 0.10000000000000009 0.8953125 0.1671875000000001 0.9515625 0.16718750000000013
4 0.37500000000000006 0.33906250000000004 0.303125 0.3390625 0.30312500000000003 0.4515625 0.3750000000000001 0.4515625
4 0.571875 0.18125000000000008 0.5484375 0.18125000000000008 0.5484375 0.2171875000000001 0.571875 0.2171875000000001
4 0.6890625 0.08750000000000009 0.6625 0.08750000000000009 0.6625 0.12031250000000009 0.6890625 0.12031250000000009
4 0.309375 0.06093750000000003 0.228125 0.06093750000000002 0.228125 0.2953125 0.309375 0.2953125
4 0.6625 0.1453125000000001 0.590625 0.1453125000000001 0.590625 0.21875000000000008 0.6625 0.21875000000000008
4 0.34843750000000007 0.334375 0.303125 0.334375 0.30312500000000003 0.3953125 0.34843750000000007 0.3953125
4 0.8828125 0.03437500000000011 0.8421875 0.0343750000000001 0.8421875 0.09062500000000011 0.8828125 0.09062500000000011
4 0.996875 0.5312500000000002 0.8828125 0.5312500000000002 0.8828125 0.7625000000000002 0.996875 0.7625000000000002
4 0.99375 0.6062500000000002 0.9421875 0.6062500000000002 0.9421875 0.7046875000000001 0.99375 0.7046875000000001
4 0.6 0.16093750000000007 0.525 0.16093750000000004 0.525 0.2718750000000001 0.6 0.2718750000000001
4 0.8875 0.03593750000000011 0.803125 0.0359375000000001 0.803125 0.1453125000000001 0.8875 0.1453125000000001
4 0.43125 0.17812500000000003 0.353125 0.17812500000000003 0.353125 0.30937500000000007 0.43125 0.30937500000000007
4 0.5421875 0.3000000000000001 0.3828125 0.3000000000000001 0.38281250000000006 0.496875 0.5421875 0.496875
4 0.4859375 0.15468750000000003 0.4296875 0.15468750000000003 0.4296875 0.2468750000000001 0.4859375 0.2468750000000001
4 0.6171875000000002 0.7390625 0.5703125000000002 0.7390625 0.5703125000000002 0.809375 0.6171875000000002 0.809375
4 1 0.3921875000000001 0.890625 0.3921875000000001 0.890625 0.5421875000000002 1 0.5421875000000002
4 1 0.49218750000000017 0.946875 0.49218750000000017 0.946875 0.5562500000000001 1 0.5562500000000001
4 0.5484375 0.25468750000000007 0.4921875 0.25468750000000007 0.4921875 0.33281250000000007 0.5484375 0.33281250000000007
4 0.953125 0.953125 0.9140625 0.953125 0.9140625 1 0.953125 1
4 0.6046875 0.3656250000000001 0.55 0.3656250000000001 0.55 0.440625 0.6046875 0.440625
4 0.9625 0.7968750000000002 0.909375 0.7968750000000002 0.909375 0.8890625 0.9625 0.8890625
4 0.228125 2.564104235714771e-17 0.190625 2.3344829608746423e-17 0.190625 0.023437500000000024 0.228125 0.023437500000000028
4 1 0.4265625000000002 0.9890625 0.4265625000000002 0.9890625 0.46875000000000017 1 0.46875000000000017
4 0.9890625 0.6640625000000002 0.953125 0.6640625000000002 0.953125 0.7406250000000002 0.9890625 0.7406250000000002
4 0.8921875 0.909375 0.8671875 0.909375 0.8671875 0.9546875 0.8921875 0.9546875
4 0.43125 4.4010744344358005e-17 0.2875 3.5208595475486407e-17 0.2875 0.18593750000000003 0.43125 0.18593750000000003
4 0.21406250000000004 0.11406250000000002 0.04218750000000001 0.1140625 0.04218750000000003 0.375 0.2140625000000001 0.375
4 0.16250000000000003 0.07187500000000001 0.02656250000000001 0.071875 0.026562500000000017 0.21875 0.16250000000000003 0.21875
4 0.2546875 2.592806895069787e-17 0.16875 2.0665914735611586e-17 0.16875 0.10312500000000002 0.2546875 0.10312500000000005
4 0.69375 0.03750000000000008 0.6671875 0.037500000000000075 0.6671875 0.07187500000000009 0.69375 0.07187500000000009