1 0.8055196499999999 0.6916548875000001 0.7695514680820117 0.17728592493744968 0.4804137618320118 0.1975044030624496 0.51638194375 0.711873365625
1 0.9913159031636811 0.35835123649066414 0.9657164075102562 -0.007738608797996161 0.8550491449715751 2.383978570108525e-11 0.880648640625 0.36608984531250005
4 0.4778135547035599 0.3731135596046668 0.45230884375 0.008379203124999995 0.2753970937339401 0.020750077895333254 0.30090180468749994 0.385484434375
4 0.636195878125 0.20775631562500002 0.6212091349339617 -0.0065640868869662194 0.49183754594241486 0.0024824563152127054 0.5068242891334532 0.21680285882717895
4 0.43013515313286915 0.9904432204250343 0.413567990625 0.7535217578125 0.24600840243255567 0.7652386655874437 0.26257556494042483 1.0021601281999781
4 0.526284784375 0.6406966968750002 0.5165842746417172 0.5019729452282929 0.34902468714171714 0.5136898530407928 0.358725196875 0.6524136046875001
4 0.35948779604584874 0.7753160421362193 0.34559099843749996 0.5765825781250001 0.13516733051665125 0.5912968344262809 0.149064128125 0.7900302984375001
4 1.0210359372192563 0.9569549895537047 0.999999999924086 0.6561270801643817 0.7471014015624999 0.6738114734375 0.7681373388576702 0.974639382826823
4 0.7952863015625 0.16452216093750005 0.7832673307149433 -0.007357128087585168 0.6780554979024432 3.7414815690084425e-11 0.69007446875 0.17187928906250002
4 0.6173155625009802 0.699333295326516 0.6127922906250001 0.6346475015624999 0.5707075578115199 0.6375903531109839 0.5752308296875 0.702276146875
4 1.0102535141509987 0.6851700795113567 0.9886726046832767 0.3765487015021011 0.8834607702197779 0.38390582980324445 0.9050416796875 0.6925272078125
4 0.16005266097591292 0.3647904146118305 0.14822675937500002 0.19567213281249998 0.053146435899087054 0.2023207963256694 0.06497233749999999 0.37143907812499993
1 0.555775676566727 0.3120577172479482 0.5359931765625 0.029154787500000008 0.44403024062077306 0.03558546243955187 0.463812740625 0.3184883921875
4 0.6745231 0.9686550046875 0.6508712952777503 0.630418443253056 0.5316312171875 0.638756521875 0.5552830219097497 0.976993083309444
1 0.16531295624999998 1.0000000000000002 0.14326569369007452 0.684709469455526 0.013894105260604884 0.6937560125691854 0.035941367820530326 1.0090465431136597
4 0.8347088093750001 0.9746831984375 0.8133458890625003 0.6691792078125001 0.6598145469549661 0.6799151652060661 0.6811774672674661 0.985419155831066
4 0.2927108345941744 0.2795477498754132 0.27516272030489697 0.028598043641270977 0.14501178414822252 0.037699084390857826 0.16255989843750002 0.28864879062500004
4 0.3073812734503321 0.5565428892460067 0.29501039843750004 0.3796311390625 0.20694419686216797 0.3857893279414933 0.21931507187500002 0.562701078125
4 0.42963508542187573 0.5801035358642954 0.4210245203048969 0.456966723328771 0.3064605234375001 0.46497781875 0.31507108855447885 0.5881146312855244
4 0.0856225421875 0.29716140625 0.07265219884107772 0.11167684031410822 -0.012970343346422279 0.1176641512516082 0 0.30314871718749997
1 0.14256791254964113 0.7419287788349013 0.13063301556591217 0.5712518038425044 0.007496203016271019 0.5798623687576031 0.019431099999999996 0.75053934375
1 0.28670240468749997 0.9999999999999998 0.26864223437499996 0.7417275374999999 0.07926093365326865 0.7549703683923459 0.09732110396576867 1.0132428308923458
4 0.35206585156250003 0.4899824624999999 0.3449812093387491 0.38866736354408804 0.3013377828124999 0.39171920937500004 0.30842242503625084 0.49303430833091194
4 0.45496780001257814 0.203199547054875 0.4454307828125 0.06681383593749998 0.37918629529992187 0.071446101382625 0.3887233125 0.2078318125
4 0.5218936859459133 0.1523133266828157 0.514373065625 0.044763451562499994 0.4559220468665865 0.04885074519218429 0.4634426671874999 0.1564006203125
4 0.0684865031897328 0.7016859071757222 0.054480710893503814 0.5013937493708254 0.00070577332877102 0.5051540593826032 0.014711565625000006 0.7054462171875
4 0.343019309375 0.36061087500000005 0.33310081093750005 0.21876973593750004 0.2489313436976784 0.2246554383142662 0.25884984213517837 0.3664965773767662
4 0.26080069843750003 0.4391938296875 0.2490837905888464 0.27163424167047906 0.119712203125 0.280680784375 0.13142911097365362 0.44824037239202097
4 0.6972360594875376 0.07270062973436264 0.691801742357758 -0.005013745378934192 0.6201018250000001 0 0.6255361421297797 0.07771437511329685
4 0.06509735475437936 0.4740239993939193 0.04951114217554793 0.25113078107907744 -0.01558621257883142 0.25568283168515815 0 0.47857605000000003
4 0.13807243441671047 0.5096452865339872 0.1289168968079815 0.3787150037290902 0.05176155145377102 0.3841102312576031 0.0609170890625 0.5150405140625
4 0.36984906562500003 0.509101040625 0.3663612421875 0.45922283750000004 0.31102761089676234 0.46309214160492457 0.3145154343342624 0.5129703447299245
4 0.49323093442236815 0.5599933272398963 0.4797156171261392 0.3667152913099992 0.4189265577037711 0.370966076570103 0.43244187500000003 0.5642441125000001
4 0.7707610891070064 0.26178237563647067 0.7612785686857774 0.12617601158157377 0.670094979578771 0.13255218907010308 0.6795775 0.268158553125
4 0.13952104375000005 0.8439523421875001 0.12834910937500002 0.6841862234375001 0.054311151481959266 0.6893634613482137 0.0654830858569593 0.8491295800982138