4 0.43203125 3.429967792924423e-17 0.128125 1.5690787114075464e-17 0.12812500000000002 0.4453125 0.43203125 0.4453125
4 0.5296875000000001 0.60625 0.3687500000000001 0.60625 0.3687500000000001 1 0.5296875000000002 1
4 0.6828125 0.3781250000000001 0.534375 0.3781250000000001 0.534375 0.7171875 0.6828125 0.7171875
4 0.846875 0.1218750000000001 0.6625 0.1218750000000001 0.6625 0.33281250000000007 0.846875 0.33281250000000007
4 0.1828125000000001 0.559375 0.1375000000000001 0.559375 0.1375000000000001 0.60625 0.1828125000000001 0.60625
4 0.17031250000000012 0.8703125 0.12656250000000008 0.8703125 0.1265625000000001 0.9375 0.17031250000000014 0.9375
4 0.18203125 0.12812500000000002 0.1453125 0.128125 0.1453125 0.16718750000000002 0.18203125 0.16718750000000004
4 0.024218750000000025 0.1703125 2.085726579797836e-17 0.1703125 2.3966720561438435e-17 0.22109375 0.02421875000000003 0.22109375
4 0.4625 0.0015625000000000545 0.4234375 0.0015625000000000521 0.4234375 0.06015625000000006 0.4625 0.060156250000000064
4 0.8359375 9.491012693391986e-17 0.7140625 8.744743550161569e-17 0.7140625 0.11328125000000008 0.8359375 0.11328125000000008
4 0.63828125 0.003125000000000072 0.5484375 0.0031250000000000665 0.5484375 0.11640625000000009 0.63828125 0.11640625000000009
4 0.9921875 1.0753929705012696e-16 0.7640625 9.357066949735246e-17 0.7640625 0.2726562500000001 0.9921875 0.2726562500000001
4 0.34765625 0.18906250000000005 0.321875 0.18906250000000005 0.321875 0.2234375 0.34765625 0.2234375
4 0.6468750000000001 0.3296875000000001 0.4921875 0.3296875000000001 0.4921875000000001 0.9734375 0.6468750000000002 0.9734375
4 0.67421875 0.2953125000000001 0.646875 0.2953125000000001 0.646875 0.3335937500000001 0.67421875 0.3335937500000001
4 0.571875 0.09375000000000006 0.3796875 0.09375000000000004 0.37968750000000007 0.52421875 0.571875 0.52421875
4 0.3007812500000001 0.7 0.10468750000000009 0.7 0.10468750000000011 0.99765625 0.3007812500000001 0.99765625
4 0.34453125000000007 0.5234375 0.2234375000000001 0.5234375 0.2234375000000001 0.72265625 0.34453125000000007 0.72265625
4 0.71640625 0.004687500000000084 0.65625 0.0046875000000000805 0.65625 0.12031250000000009 0.71640625 0.12031250000000009
4 0.09843750000000001 0.0031250000000000062 0.0015625000000000007 0.003125 0.00156250000000001 0.15625 0.09843750000000002 0.15625