1 1.0066767421475715 0.4455149559519119 0.8354557781250002 0.4305350625000002 0.8030447359774288 0.8009949659230887 0.9742657000000001 0.8159748593750005
1 1.0265552664037845 0.13983427705058965 0.9321921640624999 0.13157857500000014 0.905636897634122 0.4351066466680126 0.9999999999754066 0.44336234871860214
4 0.5119077109562542 0.5073156638481393 0.16946578281250005 0.4773558765625 0.13909745298933743 0.8244674671756309 0.4815393811330916 0.8544272544612701
4 0.5150589203770226 0.4354418070750036 0.45902296875 0.43053929687500003 0.45071593743547744 0.5254891054249964 0.5067518890625 0.530391615625
4 0.8602216421875001 0.18331530312500013 0.80885535322556 0.1788213347880931 0.80340811875 0.2410835046875001 0.85477440771194 0.24557747302440708
4 0.4188016359375 0.08352578593750005 0.3721050094412129 0.07944036018068396 0.3661130515625 0.14792874687500004 0.4128096780587871 0.15201417263181613
4 0.18461854779972062 0.10695453914340261 0.04608522124908956 0.09483444369523994 0.02375156250000004 0.350109334375 0.1622848890506311 0.36222942982316264
4 0.013211307812500106 0.8291385421874999 1.1102230246251565e-16 0.8279827031249999 -0.007898485060592897 0.9182628474577481 0.005312822751907098 0.919418686520248
4 0.3288641484375 3.8857805861880476e-17 0.28216752085232016 -0.004085426935997777 0.28050115662949726 0.01496119677150067 0.32719778421467705 0.019046623707498486
4 0.12257582187500007 0.58304633125 7.216449660063518e-17 0.5723223375 -0.030640687718143607 0.9225470361918168 0.0919351341568564 0.9332710299418169
4 0.8071682640899708 0.6821521215610078 0.6857570359375 0.671530015625 0.6694153343475293 0.8583165221889925 0.7908265625000002 0.8689386281250002
4 0.6343484094084721 0.36274945586741203 0.42577014375000005 0.34450122187500004 0.40398120768870643 0.5935498967274684 0.6125594733471785 0.6117981307198803
4 0.6617412220410972 0.13928655122650002 0.5185382329600318 0.12675791393870642 0.49783874529393446 0.3633541564622065 0.6410417343749999 0.3758827937500001
4 0.3829260953125001 0.3501636640625001 0.28953284222507064 0.34199281363306666 0.2755062156250001 0.5023178984375001 0.3688994687124295 0.5104887488669335
4 0.3166913968750001 0.04949680156250005 0.1874973970476746 0.038193790213820945 0.17496875781250004 0.18139677968750006 0.3041627576398255 0.19269979103617915
4 0.2850988515752498 0.5360949826667707 0.127886875 0.5223407171875 0.11263462029975033 0.6966747892082293 0.26984659687500007 0.7104290546875001
4 0.22063591415716483 0.34067051766797735 0.07898948125000002 0.3282780609375 0.0611497905303353 0.5321866651445226 0.2027962234375001 0.544579121875
4 0.13837138906250007 0.27700843906250006 0.01851671405750898 0.2665225136342574 -0.0027274984626849464 0.5093449716775751 0.11712717654230613 0.5198308971058176
4 0.7419997269101761 0.02867312503041779 0.6190319421875 0.01791483750000007 0.609499282464824 0.12687363278208236 0.7324670671875001 0.1376319203125001
4 0.9239507562499998 0.8711746749999998 0.7714084428859858 0.8578289514869084 0.7589700875000001 1 0.9115124008640141 1.0133457235130914
1 0.8272602296875002 0.05809101093750011 0.7867898203372586 0.0545503090920064 0.7690863109374999 0.2569023578125001 0.8095567202877415 0.2604430596579938
4 0.23914310627731122 0.666962666875332 0.12862775625000009 0.6572938265625 0.11432876716018892 0.820732019062168 0.2248441171875001 0.8304008593749999
4 0.5691445922537381 0.0323718820553965 0.4212719421875001 0.019434701562500052 0.40329607024626196 0.22489985856960368 0.5511687203125001 0.23783703906250012
4 0.7673350109375001 0.24106445312500013 0.6474803359771965 0.23057852767126832 0.6145245703125 0.6072646484375002 0.7343792452728037 0.617750573891232
4 0.46942986723868235 0.20402185097748285 0.33400964999999994 0.19217411718750005 0.31603377807381766 0.3976392740225172 0.4514539953125 0.4094870078125
4 0.17358576718750002 2.4980018054066023e-17 0.07396629686753721 -0.00871557492505992 0.06435532955093783 0.10113827655055237 0.16397479987090066 0.1098538514756123
4 0.16324097812500007 0.6022887562499999 0.062064953050761394 0.593437001556005 0.047493603113131146 0.7599883032606626 0.14866962818736978 0.7688400579546576
4 1.0140266272578555 0.3081327599302353 0.7431505601251502 0.2844341749289287 0.7291239328125 0.44475925937500005 0.9999999999452054 0.46845784437630666
4 0.21978496250000013 0.7985888703125001 0.10459994996981488 0.788511487845019 0.09098186559481489 0.944166909720019 0.20616687812500012 0.9542442921875001
4 0.7798241343995216 0.044530079407217295 0.6755350015625001 0.035405962500000075 0.6601465656004785 0.2112965893427829 0.7644356984375 0.2204207062500001
4 0.3146105812500001 0.14499133281250004 0.11381508751269984 0.12742400297984052 0.09461358750000001 0.34689814687500004 0.29540908123730025 0.36446547670765955
4 0.5058543641934263 0.3075905641285067 0.40623489376186905 0.2988749904893374 0.3917997248809428 0.4638697388608307 0.4914191953125001 0.4725853125
4 0.17178085781250013 0.45089445468750017 0.027021315668424067 0.43822963544116134 0.01040725156250002 0.6281292515625 0.15516679370657607 0.6407940708088389
4 0.5044558656250001 0.5207799281250001 0.3908274078140265 0.5108387265450537 0.3772093234375001 0.6664941484375 0.49083778124847377 0.6764353500174465
1 0.8739801421875002 0.40253613750000017 0.7977089858195024 0.39586327634871876 0.7862697951945024 0.5266138310362187 0.8625409515625002 0.5332866921875001
1 0.9891418687500002 0.07225381875000014 0.8583913140865794 0.060814627849766656 0.8447732296874998 0.21647005000000008 0.9755237843509205 0.22790924090023354
4 0.8778150812500002 0.5738347171875 0.7968742609375001 0.5667533140625001 0.7904737620113791 0.6399113625939524 0.8714145823238789 0.6469927657189524
4 0.7863636390625001 0.22077068437500008 0.7023097109527612 0.21341691857556366 0.6938664984374999 0.30992327968750005 0.7779204265472388 0.31727704548693647
4 0.807398289085594 0.3747524216110353 0.7326836859375 0.368215740625 0.7113032920637061 0.6125947529774685 0.7860178952118001 0.6191314339635037
1 0.6931651312516957 0.2283015562306198 0.6324595171875 0.22299050312500013 0.5952821453108044 0.6479298031443804 0.6559877593750001 0.6532408562500001
1 0.9544348031565011 0.4331020355774407 0.873493984375 0.4260206312500002 0.8654593139268375 0.5178573312381312 0.9464001327083386 0.5249387355655717
1 0.9411038968750001 0.1731384312500001 0.8321451015941357 0.16360577151340197 0.8155310374999998 0.3535053859375001 0.9244898327808642 0.3630380456740982
4 0.473635245448876 0.44279698437871656 0.37245922046003177 0.4339452295637064 0.3578878703125002 0.6004965312500001 0.45906389530134434 0.6093482860650102
1 0.8992702671874999 0.059685667187500124 0.8152163390624999 0.052331901562500095 0.8074540309086198 0.14105549229433423 0.8915079590336198 0.14840925791933426
1 0.7809192290584718 0.5339880594566684 0.6641776618828404 0.5237744952585057 0.6462017890625 0.7292396515625 0.7629433562381314 0.7394532157606627
4 0.21593441562500004 2.7755575615628914e-17 0.1443329218861538 -0.006264318877488048 0.13480881250000004 0.10259675156250003 0.20641030623884626 0.10886107043998812
4 0.40997175468749997 0.3995839078125 0.3150219469102161 0.391276876159978 0.29922496875000004 0.5718371656250001 0.39417477652728394 0.580144197277522
4 0.32173432187500006 0.3683371046875 0.22367140633160676 0.35975771156723146 0.2137302046875001 0.4733861703125001 0.31179312023089334 0.48196556343276864
4 0.142216396875 1.9428902930940238e-17 0.10018943258684318 -0.003676883724520549 0.09817051688437192 0.019399423410979732 0.14019748117252875 0.023076307135500303
1 1.0111668262219455 0.14633030477838052 0.9953299792454982 0.144944760625428 0.9841631530235528 0.27258220740954753 1.0000000000000002 0.27396775156250014
4 0.7618687251277498 0.3393997297898107 0.7400769656249999 0.3374931984375001 0.7372171686143374 0.37018083748813113 0.7590089281170873 0.3720873688404418