4 1 8.943896502421351e-17 4.467490570348218e-18 2.820662506684585e-17 6.569983052771588e-17 1 1 1
4 0.5456602234375 0.8582047625 0.537227428125 0.8049621874999999 0.4955593264320761 0.8115617663640362 0.5039921217445761 0.8648043413640363
4 0.21884319219530335 0.8023930750492685 0.20625510625 0.7229150296875001 0.15378416249219665 0.7312256108882316 0.1663722484375 0.8107036562500001
4 0.4401480578125 0.7863255500000002 0.4320819057474162 0.7353978685821259 0.3989017494974161 0.7406530888946258 0.4069679015624999 0.7915807703125002
4 0.7248177562701212 0.7807877173145401 0.7090520953125 0.6812472515624999 0.6627542046673789 0.68858011706046 0.678519865625 0.7881205828125001
4 0.32893717508425596 0.9431535770944715 0.3082829373428365 0.8127478505702086 0.26275667788358054 0.8199585016007372 0.28341091562500004 0.950364228125
4 0.12007452031395607 0.5633382375091932 0.11164172500000002 0.5100956640625001 0.07846157031104393 0.5153508843658068 0.086894365625 0.5685934578125
4 0.4170901609375 0.8105432593749999 0.40829072193189403 0.7549857893009648 0.36893751411939407 0.7612187252384647 0.377736953125 0.8167761953124998
4 0.9242677781250002 0.6716810765625001 0.9160794108486268 0.6199817635013751 0.8790410984375001 0.6258480562500001 0.8872294657138735 0.6775473693111249
4 0.6824596078124999 0.6182250765624999 0.6753711701022337 0.5734704471099314 0.646820803163237 0.5779923814914194 0.6539092408735032 0.622747010943988
4 0.3555657234374999 0.8266156796875 0.3462774273031474 0.7679716842576929 0.3061525882406475 0.7743268342576928 0.31544088437499995 0.8329708296874999
4 0.5148094845006994 0.6384503398561344 0.4185045171875001 0.030404704687499996 -0.054505603337181144 0.10532214765756295 0.041799363976018133 0.7133677828261973
4 0.13940268124999997 0.9999999999999998 0.13293559038414343 0.9591683984792917 0.07120506938392993 0.9689455532720711 0.07767216024978645 1.0097771547927792
4 0.1331682705661144 0.5960678812887585 0.1271797640364578 0.558257935773076 0.10325918593750001 0.5620465828125 0.10924769246715663 0.5998565283281825
4 0.5415194548490885 0.6073262916452299 0.5256315796875 0.50701419375 0.46467268890091135 0.51666913335477 0.48056056406250003 0.6169812312499999
4 0.8366421578251744 0.5479276328925229 0.8289426484375001 0.49931484687500005 0.7903610718623257 0.5054255686699771 0.7980605812500001 0.5540383546875
4 0.7097111390625 0.6154908343750001 0.7049447765625001 0.5853972046875 0.6864256201893104 0.5883303507847112 0.6911919826893105 0.6184239804722111
4 0.30770547819544253 0.7092198348197561 0.299639326391523 0.6582921536079932 0.2633726450710805 0.6640362312882371 0.271438796875 0.7149639124999999
4 0.48664657968749997 1 0.4839032685271114 0.9826794173427377 0.4584394295415068 0.986712493773123 0.46118274070189524 1.0040330764303853
4 0.6989370156250001 0.6773124046875 0.6908708640625001 0.6263847234375001 0.6553758139169121 0.6320065865807949 0.663441965479412 0.6829342678307949
4 0.19015869999999999 0.6961978796875 0.18221476247848795 0.6460418311141783 0.15520765937500003 0.6503193359375 0.16315159689651204 0.7004753845108217
4 0.5121494845278419 0.6815850150275058 0.503594475 0.6275708078125 0.47195758265965804 0.6325815990349941 0.4805125921875 0.68659580625
4 0.4717129924657991 0.8857366202684218 0.4637690546492628 0.8355805716335805 0.4305888984375 0.8408357921875 0.4385328362540363 0.8909918408223414
4 0.11291445104461204 0.1136089045220497 0.10387058253284334 0.056508171671817556 0.0328804828125 0.0677519 0.04192435132426871 0.12485263285023214
4 0.703168834375 0.948742153125 0.6929028230950582 0.883925104494262 0.6489198262200583 0.8908913263692619 0.6591858374999999 0.955708375
4 0.9428061874999999 0.5390227859375001 0.936695466182466 0.5004412108492061 0.9104599943074663 0.5045965014742061 0.916570715625 0.5431780765625001
4 0.9958186921875001 0.5591020125 0.9881191843750001 0.5104892265625001 0.9626553435981577 0.5145223021663057 0.9703548514106577 0.5631350881038056
4 0.6224640734374999 0.6039977828124999 0.6110981323353898 0.5322360529530912 0.5709732932728898 0.5385912029530912 0.5823392343749999 0.6103529328124999
4 0.8015687393053185 0.7559757421490414 0.7832365765624999 0.6402310140625 0.7153330028821814 0.6509858828509587 0.733665165625 0.7667306109375001
4 0.06829378593749999 0.4861127562500001 0.06279413747657446 0.451389337352097 0.0450466125 0.45420026875 0.050546260960925536 0.4889236876479031
4 0.9986415359477648 0.6867950344398106 0.9903309546874999 0.6343240921875001 0.9478912218647348 0.6410458858726896 0.9562018031249998 0.6935168281250002
4 0.9034528187499999 0.79995400625 0.8953866656054382 0.7490263248764919 0.8629781409046566 0.7541593314531825 0.8710442940492185 0.8050870128266906
4 0.4757821281249999 0.7316403874999999 0.46307182808951663 0.6513907091509672 0.4160023046874999 0.6588457890624999 0.4287126047229832 0.7390954674115326
4 0.6580692640625 0.7439003375000001 0.6518363290728152 0.7045471295373809 0.6279157509478152 0.7083357764123809 0.6341486859375001 0.7476889843750001
4 0.2462577313727093 0.7157882476497556 0.23745829210702682 0.6602307776169123 0.2004199779218175 0.6660970705921566 0.20921941718749998 0.7216545406249999
4 0.9260076595533135 0.48789620268832773 0.9180637218118941 0.43774015272656486 0.8802537778835806 0.4437286594132372 0.888197715625 0.49388470937500006
4 0.6237580127243467 0.7619905201664691 0.6152030031079272 0.7079763139547061 0.5812512169460804 0.7133537484757371 0.5898062265624999 0.7673679546875001
4 0.08317049531250001 0.42522337656250003 0.07583762959093218 0.3789254853277948 0.048058895312499995 0.3833252046874999 0.05539176103406781 0.42962309592220516
4 0.3969127063057264 0.8279768456643419 0.3228507640625 0.36036814531249994 0.008025106194273634 0.4102316308981579 0.08208704843749999 0.8778403312499998
4 0.312387809375 0.9884881125 0.29527778893501033 0.8804596991950617 0.23123237343749997 0.890603496875 0.24834239387748966 0.9986319101799381
4 0.28399571736699186 0.8142216042582671 0.2733630623998352 0.7470896618675849 0.22552190781249998 0.75466695625 0.23615456277965655 0.8217988986406823
4 0.8285040470474263 0.601421816713658 0.8170158921875 0.528888453125 0.7776626842408105 0.5351213882152617 0.7891508391007369 0.6076547518039197
4 0.8889979031313352 0.8085713469150004 0.8841093265624999 0.7777060859375002 0.8671334328061644 0.7803948030849999 0.8720220093749997 0.8112600640625003
4 0.06429203795904379 0.1861709858647946 0.051948381249999995 0.108236203125 -0.005152351140850034 0.11728007049319286 0.007191305568193748 0.19521485323298748
4 0.19635384375 0.9999999999999998 0.17431618593749998 0.8608597046875 0.05857145918899048 0.879191868464759 0.08060911700149051 1.0183321637772589
4 0.9975678767873722 0.8198511342322872 0.9802134281084527 0.7102794577080243 0.9069084341335805 0.721889828163237 0.9242628828124999 0.8314615046875
4 0.8619766033317268 0.5280952841177204 0.8539104515278073 0.47716760290595756 0.8230451903835807 0.48205617972573717 0.8311113421875002 0.5329838609375
4 0.6442278687499999 0.6764856218750002 0.6389726484374999 0.643305465625 0.6135088077285629 0.647338541657542 0.6187640280410628 0.680518697907542
4 0.9455091015624998 0.840752246875 0.934020945311431 0.7682188843682519 0.8746053187499999 0.7776293953125 0.8860934750010687 0.8501627578192481
4 0.9136325132953184 0.9391376326865342 0.9012888562117631 0.8612028481960806 0.8310703875 0.8723243609375 0.8434140445835553 0.9502591454279535
4 0.7414772625 0.8809775999999999 0.7273003890499481 0.7914683436707504 0.6539953953124998 0.8030787140625002 0.6681722687625518 0.8925879703917496
4 0.6282678734374999 0.9352936718749998 0.6260680139488295 0.921404303969813 0.6175800671874999 0.9227486624999998 0.6197799266761702 0.9366380304051866
1 0.6286944000060601 0.9779394891007621 0.5873859234375 0.7171280359375001 0.5511192421814399 0.7228721140242381 0.59242771875 0.9836835671875003
4 0.07536802656250001 0.246113815625 0.06852401875 0.20290244999999998 0.02068286391319263 0.21047974436981037 0.027526871725692632 0.25369110999481037
4 0.446306171875 1 0.434895121875 0.9279534640625 0.2697659779393764 0.9541073504830937 0.2811770279393764 1.0261538864205937
4 0.13525293286915624 0.8789115425452136 0.12058720141597382 0.7863157600123701 0.045738943546817554 0.7981705596546567 0.060404675 0.8907663421875002
4 0.05963353125 0.1267937046875 0.05046744915650929 0.06892133977710381 -0.009166082093490716 0.0783663632146038 0 0.13623872812499999
4 0.6053633562499999 0.9405033671875002 0.6027968531202157 0.9242991046572939 0.59276564375 0.9258878921875 0.5953321468797841 0.9420921547177062
1 0.6548915266559943 0.9785362021527989 0.6247045625000001 0.7879432171874999 0.6030988795940059 0.7913652212847009 0.6332858437500001 0.9819582062499999
4 0.063304371875 0.7542570734375 0.04900528435577565 0.6639761858161223 0.02199818124999999 0.6682536906250001 0.036297268769224345 0.7585345782463778
1 0.636127940766462 0.9799260852681554 0.6159625609375001 0.8526068843749999 0.5341696201710381 0.8655616131693444 0.554335 0.9928808140625