4 1 6.615849299665058e-17 2.79376021207006e-17 4.9261530392829094e-18 8.916994207806825e-17 1 1 1
4 1 6.615849299665058e-17 2.79376021207006e-17 4.9261530392829094e-18 8.916994207806825e-17 1 1 1
4 0.08095537656250011 0.7259792984375 0.0009397467481441435 0.7118703843526318 -0.018866998102382192 0.8242000189548347 0.06114863171197378 0.8383089330397029
4 0.6834807203125001 0.5751909109375001 0.3926546799487068 0.5239104328936226 0.31505564972669714 0.9639963984773979 0.6058816900904904 1.0152768765212754
4 0.48947745002543497 0.33472437016825235 0.0355426264566525 0.2546834140438362 -0.07542941112253318 0.8840371191804198 0.37850541244624936 0.9640780753048359
4 0.6072232916369057 0.8996913392409264 0.5764480482012241 0.8942648327708381 0.5685796140625001 0.938888934375 0.5993548574981817 0.9443154408450882
4 0.2962816140625001 0.6925499390625001 0.24396370156250002 0.6833248796875001 0.23066876316058443 0.758724223553979 0.28298667566058444 0.7679492829289789
4 0.5225575652548602 0.6420120627102454 0.4979373702566786 0.6376708578026573 0.49088291250000005 0.6776786734375001 0.5155031074981816 0.6820198783450881
4 0.34231772187500004 0.440464278125 0.3069261922226182 0.4342237966758349 0.2977011328125 0.4865417093750001 0.3330926624648819 0.49278219082416513
4 0.38725725799063554 0.11361486930224352 0.35648201562500004 0.10818836406250007 0.34997020919686456 0.14511865569775662 0.38074545156250006 0.15054516093750006
4 0.49455384843749994 7.771561172376095e-17 0.13448351217508342 -0.06349011378230658 0.05375522936258348 0.39434273934269337 0.413825565625 0.45783285312500005
4 0.3078030625000001 0.2312930906250001 0.26625648437500005 0.22396730781250004 0.2532328708371471 0.2978278891550095 0.2947794489621472 0.30515367196750953
4 0.4080648408618052 0.6884612767820114 0.20494824093931846 0.652646340404912 0.15529571562500008 0.9342398078124999 0.35841231554748687 0.9700547441895992
4 0.3315173031960478 0.8796358074095686 0.30535834687499996 0.875023278125 0.29857521555395233 0.9134923316529318 0.32473417187500014 0.9181048609375002
4 0.24380313625565195 0.18034307319567028 0.21456665473461517 0.17518789348279684 0.20561292160396322 0.22596704528712658 0.234849403125 0.23112222500000001
4 0.13489748437500007 0.6989988531250002 0.0702694751634231 0.6876031912606821 0.04774947672592311 0.8153204475106822 0.11237748593750008 0.8267161093750002
4 0.6767970781250001 0.02822060156250007 0.4859905755432939 -0.005423733378271312 0.4195158817272741 0.3715729841836455 0.6103223843089804 0.4052173191244169
4 1.0079586061774353 0.4896107498070938 0.7294426639982918 0.44050087475970046 0.6607973687500002 0.8298076906249999 0.9393133109291435 0.8789175656723934
4 0.8130193329461017 0.6773622679923077 0.7760890421875 0.6708504609375001 0.7674066326788983 0.7200908491951925 0.8043369234375 0.7266026562500001
4 0.22719315787930086 0.49949491524615386 0.19641791562500005 0.4940684093750001 0.1877355059827968 0.5433087983903848 0.2185107482370976 0.5487353042615386
4 0.5849248125 0.018367457812500064 0.5556883309922374 0.013212278079549566 0.5470059233903849 0.06245266589220329 0.5762424048981476 0.06760784562515379
4 0.1558899906250001 0.6519290671875001 8.881784197001253e-17 0.6244414562500001 -0.036628912041230734 0.8321743424471574 0.11926107858376929 0.8596619533846575
4 0.26408685156541656 0.8931316656084605 0.23946665781250012 0.8887904609375001 0.23214087499708377 0.9303370375165396 0.2567610687500002 0.9346782421875
4 0.9350274875251718 0.6512774748572452 0.8934809093749999 0.6439516921875001 0.8812712718498285 0.7131959876427552 0.9228178500000004 0.7205217703125003
4 0.5073849188390678 0.23316606980737178 0.4827647250000001 0.2288248656250001 0.4762529184827969 0.26575515776538494 0.5008731123218646 0.27009636194775666
4 0.41606657350854775 0.30115419803456855 0.3899076171875 0.29654166875000004 0.3831244858664523 0.33501072227793155 0.40928344218750007 0.33962325156250006
4 0.16176244387030075 0.5736343352552412 0.14021977343750006 0.5698357812500001 0.1339792919202968 0.6052273108903851 0.1555219623530975 0.6090258648956262
4 0.616228647036259 0.5696789725229545 0.5916084531249999 0.56533776875 0.5842826717137408 0.6068843462270457 0.608902865625 0.6112255500000001
4 0.8983131423199385 0.8954871906483526 0.6921190176004078 0.8591296029222958 0.6672797656250001 1 0.8734738903445308 1.0363575877260567
4 0.4113873937881721 0.4986546435335166 0.3867672000000001 0.4943134390625 0.3791700921493282 0.5373987783414835 0.4037902859375002 0.5417399828125001
4 0.4835787015624999 0.22420857968750002 0.44972593437499997 0.21823942343749997 0.4402295494139814 0.27209609860968 0.4740823166014813 0.27806525485968
4 0.6792474876781356 0.7251718656564101 0.6515497689752505 0.7202880107017069 0.6450379625 0.7572183015625 0.672735681202885 0.7621021565172033
4 0.33589344218750006 3.3306690738754695e-17 0.29742438841068497 -0.006783132513451873 0.29229619758927655 0.02230028110043534 0.33076525136609164 0.029083413613887242
4 0.19543683125000005 0.5986112875 0.14004139515659295 0.5888435774466932 0.12647513109409297 0.6657816836966932 0.18187056718750008 0.67554939375
4 0.1820742734375 0.18849785937500002 0.15745407977656775 0.18415665418237173 0.15094227187499998 0.2210869453125 0.1755624655359322 0.22542815050512832
4 0.8531351203125002 0.8097774859375002 0.8269761640838216 0.8051649561290783 0.8193790562499998 0.8482502953125002 0.8455380124786785 0.852862825120922
4 0.5820557203125001 0.21460046562500007 0.554358001693073 0.20971661019698346 0.5473035437499999 0.24972442656250005 0.5750012623694271 0.2546082819905167
4 0.3260973411268516 0.3075026532134899 0.29686085965676345 0.3023474732116716 0.2879071263424119 0.35312662312318166 0.31714360781250006 0.358281803125
4 0.8697085016335478 0.8777505870970685 0.8435495453125 0.8731380578125 0.8367664139914522 0.9116071113404318 0.8629253703125 0.9162196406250004
4 0.3984942937500001 0.8597135765624999 0.36925781250000017 0.854558396875 0.36193203115568273 0.8961049736963803 0.3911685124056827 0.9012601533838802
4 0.6297733406839889 0.9877575371654574 0.5974593375000001 0.98205970625 0.5942959795093443 0.9999999999685864 0.6266099826933332 1.0056978308840436
4 0.8604909562499999 0.9840143625000002 0.8374095227781311 0.9799444842587357 0.8338731953125 1 0.8569546287843689 1.0040698782412645
4 0.5930692969541955 0.6560317870508602 0.5715266265625 0.6522332328125 0.5642008434827968 0.6937798108903849 0.5857435138744924 0.6975783651287448
4 0.22162959687500008 0.8459802031249998 0.18469930638679402 0.8394683960992031 0.17466027031250012 0.8964025953125001 0.21159056080070618 0.9029144023382967
4 0.4788178453125 0.48515878593750006 0.4203448843750001 0.4748484250000001 0.4040653673186929 0.5671741515856329 0.4625383282561928 0.5774845125231329
4 0.5437209359375001 0.5219886171875002 0.4990968344596525 0.5141201838949125 0.4871585218750001 0.5818257171875001 0.5317826233528476 0.5896941504800878
4 0.26230584843750016 0.4533282953125001 0.10535211251570513 0.42565311709843223 0.06383934531250005 0.6610837203125002 0.22079308123429503 0.6887588985265679
4 0.3812740453891437 0.6964301698778324 0.3351111812500001 0.6882904109375001 0.322087566967412 0.7621509934356816 0.3682504311065556 0.7702907523760139
4 0.631448190625 0.015464556250000084 0.5237348424053873 -0.003528213735699648 0.4998582171875 0.1318828531250001 0.6075715654071128 0.1508756231106998
4 0.05830486718750007 0.5664982015625 0.018297051414754607 0.5594437445879062 0.008800667039754595 0.6133004195879063 0.048808482812500054 0.6203548765625
4 0.08634055937500006 0.39850180625000003 0.057104079700179444 0.39334662649059166 0.04869299687500004 0.44104825156250005 0.07792947654982066 0.44620343132190843
4 0.3843506 0.040118559375000036 0.3304939251191872 0.0306221743240558 0.3142144079316872 0.12294790244905578 0.36807108281249995 0.1324442875
4 0.07864675000000007 0.39714517968749996 0.012479978398884439 0.3854781921967245 -0.0021715872261155677 0.4685713468842246 0.06399518437500006 0.48023833437499996
4 0.31203726274157906 0.738166395355097 0.29049459220899093 0.7343678419157786 0.28316881071741196 0.7759144199981819 0.3047114812500001 0.7797129734375001
4 0.20133461105932288 0.05227281649660841 0.16902060625 0.04657498593750002 0.1592528966077968 0.1019704233903849 0.19156690141711966 0.10766825394949328
4 0.35787245159902714 0.3432509388553444 0.32094216093750005 0.33673913281250006 0.3109031265259729 0.39367333145715566 0.3478334171875 0.4001851375
4 0.14646025478393127 0.5344442525781117 0.10645244062500007 0.5273897953125001 0.09451412785779682 0.5950953296403848 0.13452194201672804 0.6021497869059964
4 0.272761747179276 0.789945412336866 0.22506012035961528 0.7815343294202968 0.21149385755533948 0.8584724373959309 0.2591954843750001 0.8668835203125
4 0.26723757031250006 0.11942442968750004 0.23800108925718724 0.11426924889587387 0.22959000488218723 0.16197087545837383 0.2588264859375 0.16712605625000002
4 0.5242371390625 0.35354627343750006 0.4965394219087004 0.34866241855887636 0.4889423140625001 0.39174775781250004 0.5166400312162998 0.39663161269112374
4 0.4527443219785816 0.44406942597506055 0.4219690796875001 0.4386429203125001 0.4113873934827968 0.49865464370288504 0.4421626357738783 0.5040811493654456
4 0.25723610156250004 0.4460879453125 0.22492209722588 0.4403901136350615 0.21569703625181855 0.49270802634241184 0.2480110405884386 0.49840585801985043
4 0.27347805156250005 0.08403290156250003 0.07959402521443937 0.04984591597135403 0.02397234218750003 0.36529215000000004 0.21785636853556065 0.39947913559114606
4 0.9555740453574681 0.651727179432475 0.5955037109375 0.5882370640625001 0.5228987951559431 0.9999999999723949 0.8829691295759112 1.0634901153423697
4 0.29507331406250004 0.4654524999999999 0.27045312031855717 0.46111129527814826 0.2633986625 0.5011191109375 0.28801885624394286 0.5054603156593517
4 0.2301927625135539 0.5904602592981325 0.2040338062500001 0.5858477296875002 0.1961653734239463 0.6304718313268676 0.2223243296875001 0.6350843609375001
4 0.2471444734404164 0.12540109998346036 0.22252427968750005 0.12105989531250005 0.21519849687208364 0.16260647189153973 0.23981869062500002 0.16694767656250004
4 0.22463574531250002 0.33403715 0.19078297812500003 0.32806799375 0.1793873162975051 0.39269600324358084 0.2132400834850051 0.39866515949358083
4 0.5269165828125 0.09540226718750007 0.4222807594655452 0.07695214792399199 0.3894504 0.2631423640625 0.4940862233469547 0.28159248332600806
4 0.4889976937499999 0.13948747343750004 0.4597612119183913 0.13433229364744675 0.4516214546403849 0.18049515807970323 0.4808579364719935 0.18565033786975654
4 0.2912221672616098 0.10937412457970268 0.20659025000000003 0.09445123437500003 0.18189964992589028 0.23447858792029738 0.26653156718750004 0.24940147812500008
4 0.8144801750000001 0.7680562859375001 0.7898599811673306 0.7637150817188421 0.7836194999173307 0.7991066114063421 0.8082396937500003 0.8034478156250001
4 0.5907193453125001 0.030495418750000093 0.3399011208255843 -0.01373060152686303 0.23625486457558428 0.5740765265981369 0.4870730890625 0.6183025468750001
4 0.5235827593750001 0.20429010468750003 0.49280751708215365 0.1988635990349492 0.4854817342696537 0.24041017715994925 0.5162569765625001 0.2458366828125001
4 0.7357948750210281 0.5574430389432448 0.5542209453125001 0.5254266562500001 0.5051110702914722 0.8039425985567554 0.6866850000000001 0.8359589812500001
4 0.45881018124999995 0.4546586250000001 0.29416263442024654 0.4256268200558947 0.24722336098274655 0.6918326669308945 0.4118709078125001 0.7208644718749999
4 0.46761559062233066 0.6386707268375402 0.4460729203125001 0.634872171875 0.43983243745555434 0.6702636999921631 0.46137510776538493 0.6740622549547033
4 0.634445007967078 0.7363112288108452 0.6129023375000001 0.7325126750000002 0.6063905310954223 0.7694429665016551 0.6279332015625002 0.7732415203125002
4 0.5240991140624999 0.012402059375000041 0.49332387187500004 0.006975553125000045 0.48518411236639836 0.053138417163942464 0.5159593545538982 0.05856492341394246
4 0.46123516406249987 4.4408920985006264e-17 0.43199868454134716 -0.005155180630901757 0.4304167609375 0.003816353125000049 0.4596532404586527 0.00897153375590185
4 0.6701003484375001 0.6870670843750002 0.5731583344330419 0.6699735918583284 0.5500956859375001 0.8007683718750002 0.6470376999419583 0.817861864391672
4 0.9324184499999999 0.765052925 0.7693096656250001 0.7362924453125 0.7375646077159654 0.9163276137699674 0.9006733920909653 0.9450880934574674
4 0.5611195640625001 0.6662642281250001 0.40570458906250007 0.6388603749999999 0.3679903756043542 0.8527483094815638 0.5234053506043541 0.8801521626065639
4 0.7125425777314395 0.6263268189561156 0.6602246652785546 0.6171017593139124 0.6472010515625 0.6909623421875001 0.6995189640153849 0.7001874018297032
4 0.1590830000000001 0.8317783421874999 0.03905955446140499 0.8106149718351334 0.02440799031068175 0.8937081267825882 0.14443143584927687 0.9148714971349546
4 0.6391420000332112 0.01682118262415021 0.5945178984846152 0.008952749732796838 0.5850215140625001 0.06280942343750005 0.6296456156110961 0.07067785632885343
4 0.12978641421130016 0.39505625384361276 0.014379254687500042 0.3747068578125 -0.025234236086300064 0.5993661274063873 0.09017292343750005 0.6197155234375
4 0.3740327265625 0.04464565625000005 0.3509512936577331 0.04057577708577153 0.34471081240773305 0.07596730677327153 0.36779224531249993 0.08003718593750005
4 0.9447989531250002 0.6228549703125001 0.7647637858167063 0.5911099131850553 0.7387165592542064 0.7388310772475554 0.9187517265625 0.7705761343750002
4 0.4257488501156648 0.28223559220789485 0.3026478810984616 0.2605295702857797 0.27334475129529684 0.426715879640385 0.3964457203125 0.4484219015625001
4 0.7915658515625001 0.6640598156250002 0.7592518482922814 0.6583619851985768 0.7513834154797813 0.7029860867610768 0.7836974187500001 0.7086839171875001
4 0.6417407374999999 0.47898119843750003 0.46478309375000004 0.447778790625 0.4232703252920624 0.6832093938014984 0.6002279690420623 0.7144118016139984
4 0.33272023437500003 5.551115123125783e-17 0.1249873486314674 -0.03662891360004375 0.09499291562500002 0.13347796406250004 0.30272580136853267 0.17010687766254384
4 0.11960280937500004 0.7137546343750001 0.0995989015964013 0.7102274060577363 0.09444372187500003 0.7394638859375 0.11444762965359875 0.7429911142547637
4 0.8685706091269856 0.5062845924192791 0.7346983044866007 0.48267929215207594 0.7010539687499999 0.6734857937500001 0.8349262733903847 0.6970910940172034
4 0.6589018484375 0.86755195625 0.5281070688456735 0.8444893072699085 0.5006863374519439 0.9999999999915264 0.6314811170437704 1.023062648971618
4 0.7363713350304175 0.7971219016780677 0.6840534225775328 0.7878968420358646 0.6726577609375001 0.85252485 0.7249756733903847 0.861749909642203
4 0.6854175625 0.8341488937499999 0.6377159372736981 0.8257378106584212 0.6282195528986982 0.8795944856584214 0.6759211781250001 0.8880055687500003
4 0.5925491859375001 0.8209469015625 0.45252183292478526 0.7962563009256984 0.4224047265625 0.967058896875 0.5624320795752148 0.9917494975118016
4 0.20080044375000008 0.7661504656250002 8.881784197001253e-17 0.7307439312500001 -0.027403851827904502 0.8861589049162129 0.1733965919220955 0.921565439291213
4 0.3890683156250001 0.76920169375 0.29982011237257794 0.753464827285147 0.2743155358100779 0.898108466347647 0.36356373906250006 0.9138453328124999
4 0.9142987937500001 0.6428626343750002 0.8789072640625 0.6366221531250001 0.8683255785938417 0.6966338766451694 0.9037171082813419 0.7028743578951696
4 0.8055414671875001 0.9267271640624999 0.7193707890625001 0.9115329484375 0.703771660842299 0.9999999999832136 0.7899423389672989 1.0151942156082137
4 0.5549091347393682 0.9174392088710663 0.4810485518768185 0.9044155966549121 0.46911024057495043 0.9721211315338458 0.5429708234375001 0.9851447437499999
1 0.5450212125000001 0.10970082968750008 0.44807919975796856 0.09260733731012989 0.36261173725796847 0.5773174044976298 0.45955375 0.594410896875
4 0.020987765625000054 0.3822185328125 0.013293954687500054 0.38086190625000005 0.004068894373721088 0.4331798188599789 0.011762705311221089 0.4345364454224788
4 0.4659949765625001 4.4408920985006264e-17 0.28134352203467783 -0.03255903371807779 0.26225325468750005 0.07570725156250005 0.44690470921532227 0.10826628528057788
4 0.7335801631344606 0.9029322157368727 0.6551032944315758 0.8890946264071695 0.6390951031250001 0.9798815906250002 0.717571971827885 0.9937191799547034
4 0.5730766593750001 0.7334233531249998 0.5469177031908634 0.72881082306397 0.541219871875 0.7611248281249999 0.5673788280591366 0.7657373581860298
1 1.04308534052257 0.29939522688244263 0.9999999999999998 0.29179811875000017 0.933039018841743 0.6715527075531658 0.9761243593643132 0.6791498156856084
4 0.9206510046875002 0.7598047984375003 0.892953286068073 0.7549209430094836 0.885898828125 0.7949287593750002 0.913596546744427 0.7998126148030169
1 0.3977657500000001 0.8278530328125001 0.3192888828476344 0.8140154435507435 0.29378430625000007 0.9586590828125001 0.37226117340236575 0.9724966720742568
4 0.5515189625000001 0.6217330734375001 0.4484219013243589 0.6035542796455093 0.4334990109375 0.6881861953125 0.5365960721131412 0.7063649891044907
4 0.23690924531250013 0.7233326953125001 0.18151380962164923 0.7135649845386833 0.16740489375000006 0.793580615625 0.22280032944085093 0.8033483263988168
1 0.6980769046875002 0.7443580406250001 0.6042124156111459 0.727807198516072 0.5605290452986458 0.9755479000785721 0.654393534375 0.9920987421875003
4 0.30591505468750013 0.32298322031250004 0.2182056140722118 0.30751767963242155 0.20111212187499997 0.4044596921875 0.28882156249028823 0.4199252328675785
4 0.10325191728976535 0.29359465723252487 0.030930096875000028 0.28084236875 0.002440942085234765 0.4424123912049752 0.07476276250000008 0.45516467968749996
4 0.43902270625 7.771561172376095e-17 0.3728559359243563 -0.01166698742545822 0.3689592218618563 0.010432375074541766 0.43512599218750003 0.022099362500000063
1 0.4503023953141053 0.4579182859283966 0.4072170562500001 0.45032117812500017 0.38605368437339493 0.5703446234466035 0.4291390234375001 0.57794173125
1 0.7336468125579265 0.7315907262339832 0.6828676625000001 0.7226369921875002 0.6579057372327969 0.8642031077653849 0.7086848872907233 0.8731568418118678
1 0.8081720734620674 0.3179350436106721 0.7820131187500002 0.3133225140625001 0.7651909515379328 0.40872576420182816 0.7913499062500001 0.41333829375000014
4 0.901531478125 0.6072927265625001 0.8876826188563948 0.6048507993966057 0.884155390625 0.6248547078125 0.8980042498936053 0.6272966349783944
4 0.9149494171875002 0.765145871875 8.881784197001253e-17 0.6038156031249999 -0.05399373046842548 0.9100292641238441 0.8609556867190747 1.0713595328738443
1 0.9639072093750002 0.6944482468750002 0.8977404374237441 0.6827812598074698 0.8687086327362439 0.8474288066824698 0.9348754046875 0.8590957937500002
1 0.8840070657514124 0.85964595783479 0.6885842765625003 0.8251876468750001 0.6733900608110878 0.9113583249777102 0.86881285 0.9458166359375001
4 1.0135662639685425 0.0828422827362967 0.14519936171213468 -0.0702742310443896 0.1316330977435921 0.006663875281813813 1 0.1597803890625001
4 1.0119383122559191 0.0825552309337321 0.15976717626061768 -0.06770553280095998 0.1478288640046986 3.2780805847565375e-10 1.0000000000000002 0.15026076406250014
4 1.0113956616862152 0.08245954698325707 0.17722068326874835 -0.06462800760807996 0.16582502158253293 1.6586630957604598e-9 0.9999999999999998 0.1470875562500001