4 0.25468750000000007 1.5595111582892078e-17 0 0 3.329508485181867e-17 0.54375 0.25468750000000007 0.54375
4 0.4406250000000001 0.64375 0.2765625000000001 0.64375 0.2765625000000001 0.83671875 0.44062500000000016 0.83671875
4 0.853125 0.70625 0.6046875 0.70625 0.6046875 0.99296875 0.853125 0.99296875
4 0.6859375 7.587069622842587e-17 0.553125 6.773827607783798e-17 0.553125 0.12031250000000009 0.6859375 0.12031250000000009
4 0.44609375 4.9320736325035983e-17 0.359375 4.4010744344358005e-17 0.359375 0.06953125000000004 0.44609375 0.06953125000000004
4 0.3265625 0.0015625000000000374 0.28125 0.0015625000000000348 0.28125 0.05234375000000004 0.3265625 0.05234375000000004
4 0.26484375 0.16718750000000004 0.2328125 0.16718750000000004 0.2328125 0.20546875 0.26484375 0.20546875
4 0.51953125 0.025000000000000043 0.225 0.025000000000000022 0.22500000000000003 0.55234375 0.51953125 0.55234375
4 0.05468750000000002 0.1 0.01406250000000001 0.1 0.014062500000000014 0.15546875 0.05468750000000002 0.15546875
4 0.07109375000000002 0.1859375 0.029687500000000023 0.1859375 0.029687500000000026 0.23828125 0.07109375000000002 0.23828125
4 0.95625 0.19687500000000013 0.9125 0.19687500000000013 0.9125 0.2812500000000001 0.95625 0.2812500000000001
4 0.98125 0.3265625000000001 0.675 0.3265625000000001 0.675 0.7445312500000001 0.98125 0.7445312500000002
4 0.55 0.17656250000000007 0.5203125 0.17656250000000004 0.5203125 0.2351562500000001 0.55 0.2351562500000001
4 0.75703125 0.09531250000000009 0.7296875 0.09531250000000009 0.7296875 0.14609375000000008 0.75703125 0.14609375000000008
4 0.92421875 1.0959632097056977e-16 0.865625 1.0600848855119278e-16 0.865625 0.0679687500000001 0.92421875 0.0679687500000001
4 0.7250000000000002 0.771875 0.6625000000000002 0.771875 0.6625000000000002 0.84921875 0.7250000000000002 0.84921875
4 0.99921875 0.40625000000000017 0.96875 0.40625000000000017 0.96875 0.4695312500000002 0.99921875 0.4695312500000002
4 0.07500000000000005 0.45 0.04375000000000005 0.45 0.04375000000000005 0.49765625 0.07500000000000007 0.49765625
4 0.77421875 0.6296875000000002 0.728125 0.6296875000000002 0.728125 0.6898437500000002 0.77421875 0.6898437500000002
4 0.8109375 0.1937500000000001 0.76875 0.1937500000000001 0.76875 0.2757812500000001 0.8109375 0.2757812500000001
4 0.4671875 0.16093750000000004 0.428125 0.16093750000000004 0.428125 0.22265625000000008 0.4671875 0.22265625000000008
4 0.83828125 0.11562500000000009 0.7953125 0.11562500000000009 0.7953125 0.1632812500000001 0.83828125 0.1632812500000001
4 0.69296875 0.5953125 0.6671875 0.5953125 0.6671875 0.64140625 0.69296875 0.64140625
4 0.859375 0.4109375000000002 0.8234375 0.4109375000000002 0.8234375 0.46796875000000016 0.859375 0.46796875000000016
4 0.66875 0.17187500000000008 0.628125 0.17187500000000008 0.628125 0.2312500000000001 0.66875 0.2312500000000001
4 0.87578125 0.1312500000000001 0.840625 0.1312500000000001 0.840625 0.1843750000000001 0.87578125 0.1843750000000001
4 0.734375 0.15625000000000008 0.7140625 0.15625000000000008 0.7140625 0.1945312500000001 0.734375 0.1945312500000001
4 0.8203125 0.5203125000000002 0.784375 0.5203125000000002 0.784375 0.5664062500000002 0.8203125 0.5664062500000002
4 0.9640625 0.08593750000000011 0.8921875 0.08593750000000011 0.8921875 0.18203125000000012 0.9640625 0.18203125000000014
4 0.10546875000000004 0.4421875 0.07031250000000004 0.4421875 0.07031250000000006 0.50546875 0.10546875000000004 0.50546875
4 0.67890625 0.4234375 0.6359375 0.4234375 0.6359375 0.46484375 0.67890625 0.46484375
4 0.3375 0.04218750000000004 0.3078125 0.04218750000000003 0.3078125 0.09453125000000004 0.3375 0.09453125000000004
4 0.7953125 0.47968750000000016 0.746875 0.47968750000000016 0.746875 0.5375000000000002 0.7953125 0.5375000000000002
4 0.78515625 0.3968750000000001 0.7515625 0.3968750000000001 0.7515625 0.44453125000000016 0.78515625 0.44453125000000016
4 0.6851562500000001 0.7953125 0.6609375000000002 0.7953125 0.6609375000000002 0.84453125 0.6851562500000001 0.84453125
4 0.8625 0.009375000000000104 0.8390625 0.009375000000000102 0.8390625 0.040625000000000105 0.8625 0.04062500000000011
4 0.1179687500000001 0.678125 0.07656250000000009 0.678125 0.07656250000000009 0.75625 0.1179687500000001 0.75625
4 0.5585937500000001 0.596875 0.3125000000000001 0.596875 0.3125000000000001 0.96484375 0.5585937500000002 0.96484375
4 0.8953125 0.4265625000000002 0.821875 0.4265625000000002 0.821875 0.5242187500000002 0.8953125 0.5242187500000002
4 1 0.08281250000000012 0.9640625 0.08281250000000011 0.9640625 0.15390625000000013 1 0.15390625000000013
4 0.4015625 0.12968750000000004 0.3046875 0.12968750000000004 0.3046875 0.28203125000000007 0.4015625 0.28203125000000007
4 0.83359375 0.0171875000000001 0.7890625 0.017187500000000095 0.7890625 0.10000000000000009 0.83359375 0.10000000000000009
4 0.30234375 0.09843750000000004 0.246875 0.09843750000000002 0.246875 0.19687500000000005 0.30234375 0.19687500000000005
4 0.3796875 0.042187500000000044 0.334375 0.042187500000000044 0.334375 0.11718750000000004 0.3796875 0.11718750000000004
4 0.78828125 0.3265625000000001 0.759375 0.3265625000000001 0.759375 0.3789062500000001 0.78828125 0.3789062500000001
4 0.82109375 0.3000000000000001 0.7875 0.3000000000000001 0.7875 0.36015625000000007 0.82109375 0.36015625000000007
4 0.1351562500000001 0.8296875 0.09687500000000011 0.8296875 0.09687500000000011 0.890625 0.1351562500000001 0.890625
4 0.925 0.20312500000000008 0.9046875 0.20312500000000008 0.9046875 0.2351562500000001 0.925 0.2351562500000001
4 0.74765625 0.6296875000000001 0.7 0.6296875 0.7 0.6976562500000001 0.74765625 0.6976562500000002
4 0.7187500000000002 0.865625 0.6609375000000002 0.865625 0.6609375000000002 0.9265625 0.7187500000000002 0.9265625
4 0.11250000000000004 0.2390625 0.04375000000000003 0.2390625 0.04375000000000004 0.35390625 0.11250000000000004 0.35390625
4 0.55625 0.01718750000000006 0.4578125 0.017187500000000057 0.4578125 0.16171875000000008 0.55625 0.16171875000000008
4 0.05312500000000011 0.8265625 1.0122471199202341e-16 0.8265625 1.072044326909851e-16 0.92421875 0.05312500000000011 0.92421875
4 0.67265625 0.2328125000000001 0.590625 0.2328125000000001 0.590625 0.3500000000000001 0.67265625 0.3500000000000001